28 196
0 2
0 3
0 4
0 5
0 7
0 9
0 10
0 13
0 15
0 18
0 21
0 23
0 24
0 26
1 2
1 3
1 4
1 5
1 7
1 9
1 10
1 13
1 15
1 18
1 21
1 23
1 24
1 26
2 6
2 8
2 11
2 12
2 14
2 16
2 17
2 19
2 20
2 22
2 25
2 27
3 6
3 8
3 11
3 12
3 14
3 16
3 17
3 19
3 20
3 22
3 25
3 27
4 6
4 8
4 11
4 12
4 14
4 16
4 17
4 19
4 20
4 22
4 25
4 27
5 6
5 8
5 11
5 12
5 14
5 16
5 17
5 19
5 20
5 22
5 25
5 27
6 7
6 9
6 10
6 13
6 15
6 18
6 21
6 23
6 24
6 26
7 8
7 11
7 12
7 14
7 16
7 17
7 19
7 20
7 22
7 25
7 27
8 9
8 10
8 13
8 15
8 18
8 21
8 23
8 24
8 26
9 11
9 12
9 14
9 16
9 17
9 19
9 20
9 22
9 25
9 27
10 11
10 12
10 14
10 16
10 17
10 19
10 20
10 22
10 25
10 27
11 13
11 15
11 18
11 21
11 23
11 24
11 26
12 13
12 15
12 18
12 21
12 23
12 24
12 26
13 14
13 16
13 17
13 19
13 20
13 22
13 25
13 27
14 15
14 18
14 21
14 23
14 24
14 26
15 16
15 17
15 19
15 20
15 22
15 25
15 27
16 18
16 21
16 23
16 24
16 26
17 18
17 21
17 23
17 24
17 26
18 19
18 20
18 22
18 25
18 27
19 21
19 23
19 24
19 26
20 21
20 23
20 24
20 26
21 22
21 25
21 27
22 23
22 24
22 26
23 25
23 27
24 25
24 27
25 26
26 27
