24 144
0 1
0 2
0 4
0 5
0 6
0 7
0 8
0 9
0 13
0 18
0 20
0 23
1 3
1 10
1 11
1 12
1 14
1 15
1 16
1 17
1 19
1 21
1 22
2 3
2 10
2 11
2 12
2 14
2 15
2 16
2 17
2 19
2 21
2 22
3 4
3 5
3 6
3 7
3 8
3 9
3 13
3 18
3 20
3 23
4 10
4 11
4 12
4 14
4 15
4 16
4 17
4 19
4 21
4 22
5 10
5 11
5 12
5 14
5 15
5 16
5 17
5 19
5 21
5 22
6 10
6 11
6 12
6 14
6 15
6 16
6 17
6 19
6 21
6 22
7 10
7 11
7 12
7 14
7 15
7 16
7 17
7 19
7 21
7 22
8 10
8 11
8 12
8 14
8 15
8 16
8 17
8 19
8 21
8 22
9 10
9 11
9 12
9 14
9 15
9 16
9 17
9 19
9 21
9 22
10 13
10 18
10 20
10 23
11 13
11 18
11 20
11 23
12 13
12 18
12 20
12 23
13 14
13 15
13 16
13 17
13 19
13 21
13 22
14 18
14 20
14 23
15 18
15 20
15 23
16 18
16 20
16 23
17 18
17 20
17 23
18 19
18 21
18 22
19 20
19 23
20 21
20 22
21 23
22 23
