28 182
0 1
0 2
0 3
0 4
0 5
0 7
0 8
0 11
0 14
0 15
0 16
0 22
0 24
1 2
1 3
1 4
1 5
1 7
1 8
1 11
1 14
1 15
1 16
1 22
1 24
2 3
2 4
2 5
2 7
2 8
2 11
2 14
2 15
2 16
2 22
2 24
3 4
3 5
3 7
3 8
3 11
3 14
3 15
3 16
3 22
3 24
4 5
4 7
4 8
4 11
4 14
4 15
4 16
4 22
4 24
5 7
5 8
5 11
5 14
5 15
5 16
5 22
5 24
6 9
6 10
6 12
6 13
6 17
6 18
6 19
6 20
6 21
6 23
6 25
6 26
6 27
7 8
7 11
7 14
7 15
7 16
7 22
7 24
8 11
8 14
8 15
8 16
8 22
8 24
9 10
9 12
9 13
9 17
9 18
9 19
9 20
9 21
9 23
9 25
9 26
9 27
10 12
10 13
10 17
10 18
10 19
10 20
10 21
10 23
10 25
10 26
10 27
11 14
11 15
11 16
11 22
11 24
12 13
12 17
12 18
12 19
12 20
12 21
12 23
12 25
12 26
12 27
13 17
13 18
13 19
13 20
13 21
13 23
13 25
13 26
13 27
14 15
14 16
14 22
14 24
15 16
15 22
15 24
16 22
16 24
17 18
17 19
17 20
17 21
17 23
17 25
17 26
17 27
18 19
18 20
18 21
18 23
18 25
18 26
18 27
19 20
19 21
19 23
19 25
19 26
19 27
20 21
20 23
20 25
20 26
20 27
21 23
21 25
21 26
21 27
22 24
23 25
23 26
23 27
25 26
25 27
26 27
