24 132
0 3
0 4
0 6
0 8
0 9
0 15
0 16
0 17
0 19
0 20
0 21
1 2
1 5
1 7
1 10
1 11
1 12
1 13
1 14
1 18
1 22
1 23
2 5
2 7
2 10
2 11
2 12
2 13
2 14
2 18
2 22
2 23
3 4
3 6
3 8
3 9
3 15
3 16
3 17
3 19
3 20
3 21
4 6
4 8
4 9
4 15
4 16
4 17
4 19
4 20
4 21
5 7
5 10
5 11
5 12
5 13
5 14
5 18
5 22
5 23
6 8
6 9
6 15
6 16
6 17
6 19
6 20
6 21
7 10
7 11
7 12
7 13
7 14
7 18
7 22
7 23
8 9
8 15
8 16
8 17
8 19
8 20
8 21
9 15
9 16
9 17
9 19
9 20
9 21
10 11
10 12
10 13
10 14
10 18
10 22
10 23
11 12
11 13
11 14
11 18
11 22
11 23
12 13
12 14
12 18
12 22
12 23
13 14
13 18
13 22
13 23
14 18
14 22
14 23
15 16
15 17
15 19
15 20
15 21
16 17
16 19
16 20
16 21
17 19
17 20
17 21
18 22
18 23
19 20
19 21
20 21
22 23
