300 806
0 40
0 267
1 137
2 293
3 238
4 39
5 58
6 72
7 262
8 59
8 205
9 206
10 192
10 262
11 238
12 40
13 18
13 20
13 39
13 40
13 48
13 49
13 55
13 56
13 58
13 59
13 72
13 75
13 84
13 87
13 102
13 107
13 112
13 116
13 124
13 137
13 141
13 159
13 168
13 170
13 192
13 205
13 206
13 212
13 222
13 233
13 238
13 251
13 262
13 267
13 283
13 288
13 291
13 293
13 298
14 84
15 124
15 293
16 75
17 84
17 267
18 20
18 29
18 39
18 40
18 49
18 55
18 56
18 58
18 59
18 72
18 75
18 76
18 81
18 84
18 97
18 102
18 112
18 124
18 128
18 137
18 141
18 159
18 160
18 168
18 179
18 192
18 201
18 202
18 205
18 206
18 222
18 233
18 238
18 249
18 262
18 267
18 283
18 293
19 238
20 37
20 39
20 40
20 47
20 49
20 55
20 56
20 58
20 59
20 63
20 68
20 72
20 75
20 84
20 91
20 99
20 102
20 103
20 112
20 124
20 137
20 141
20 159
20 164
20 168
20 174
20 192
20 205
20 206
20 209
20 213
20 222
20 229
20 233
20 238
20 262
20 267
20 271
20 283
20 293
21 238
22 49
22 55
23 222
24 39
25 112
26 222
27 205
28 267
29 75
30 238
31 283
32 75
32 124
33 39
34 124
35 40
36 112
37 283
38 124
39 40
39 49
39 55
39 56
39 57
39 58
39 59
39 63
39 72
39 73
39 75
39 78
39 81
39 84
39 97
39 102
39 112
39 124
39 137
39 141
39 159
39 167
39 168
39 192
39 193
39 205
39 206
39 212
39 222
39 233
39 234
39 238
39 246
39 262
39 267
39 283
39 293
40 49
40 55
40 56
40 58
40 59
40 60
40 72
40 75
40 84
40 88
40 94
40 101
40 102
40 112
40 124
40 129
40 137
40 141
40 159
40 168
40 171
40 184
40 185
40 192
40 205
40 206
40 222
40 233
40 238
40 262
40 267
40 283
40 293
40 294
41 293
42 137
42 168
43 58
44 267
45 72
46 293
47 168
49 50
49 55
49 56
49 58
49 59
49 72
49 75
49 84
49 102
49 112
49 120
49 124
49 137
49 141
49 159
49 168
49 179
49 180
49 192
49 197
49 205
49 206
49 207
49 215
49 219
49 222
49 228
49 233
49 238
49 239
49 242
49 250
49 262
49 267
49 282
49 283
49 293
50 84
51 55
51 222
52 55
52 58
53 222
54 56
55 56
55 58
55 59
55 72
55 75
55 78
55 84
55 102
55 112
55 119
55 121
55 124
55 126
55 137
55 141
55 159
55 168
55 173
55 186
55 189
55 191
55 192
55 195
55 196
55 205
55 206
55 211
55 222
55 228
55 233
55 238
55 262
55 267
55 283
55 293
56 58
56 59
56 70
56 72
56 75
56 84
56 93
56 102
56 112
56 124
56 128
56 133
56 137
56 141
56 147
56 159
56 168
56 192
56 193
56 200
56 205
56 206
56 218
56 222
56 233
56 238
56 242
56 249
56 253
56 256
56 262
56 267
56 276
56 281
56 283
56 293
56 295
57 293
58 59
58 72
58 75
58 84
58 102
58 112
58 124
58 137
58 141
58 144
58 145
58 159
58 161
58 168
58 172
58 183
58 192
58 203
58 205
58 206
58 208
58 222
58 233
58 238
58 262
58 264
58 267
58 283
58 289
58 290
58 293
58 297
59 68
59 72
59 75
59 84
59 102
59 112
59 118
59 124
59 132
59 136
59 137
59 141
59 155
59 159
59 165
59 168
59 192
59 205
59 206
59 222
59 233
59 235
59 238
59 255
59 262
59 267
59 271
59 283
59 293
61 72
61 262
62 205
62 293
64 168
65 137
66 168
67 137
69 72
70 168
71 267
72 75
72 84
72 90
72 102
72 109
72 112
72 124
72 135
72 137
72 141
72 159
72 162
72 168
72 174
72 192
72 205
72 206
72 222
72 223
72 233
72 238
72 257
72 262
72 267
72 283
72 293
73 293
74 205
75 84
75 102
75 112
75 121
75 124
75 127
75 132
75 137
75 141
75 149
75 158
75 159
75 168
75 176
75 191
75 192
75 205
75 206
75 222
75 224
75 233
75 238
75 262
75 263
75 267
75 280
75 283
75 293
77 159
79 206
80 112
80 206
82 267
83 112
84 102
84 112
84 124
84 137
84 141
84 159
84 167
84 168
84 173
84 178
84 192
84 205
84 206
84 210
84 221
84 222
84 230
84 233
84 238
84 248
84 262
84 267
84 274
84 279
84 283
84 287
84 293
85 168
86 112
87 267
88 206
89 141
92 206
95 141
95 222
96 112
96 206
98 141
100 192
101 192
102 112
102 124
102 131
102 137
102 141
102 153
102 158
102 159
102 168
102 192
102 205
102 206
102 207
102 222
102 232
102 233
102 238
102 262
102 266
102 267
102 273
102 280
102 283
102 293
103 267
104 112
104 293
105 124
105 262
106 137
107 222
108 124
108 141
109 293
110 262
111 141
112 124
112 137
112 141
112 159
112 168
112 177
112 190
112 192
112 205
112 206
112 222
112 233
112 238
112 241
112 262
112 267
112 283
112 293
113 159
114 168
115 206
117 141
122 205
122 283
123 283
124 129
124 136
124 137
124 141
124 150
124 156
124 159
124 168
124 192
124 201
124 205
124 206
124 222
124 233
124 238
124 245
124 247
124 252
124 254
124 262
124 267
124 273
124 279
124 283
124 293
125 262
127 168
130 205
131 159
134 159
137 141
137 159
137 168
137 177
137 192
137 205
137 206
137 220
137 222
137 229
137 233
137 238
137 258
137 262
137 267
137 275
137 283
137 286
137 293
138 293
139 192
140 293
141 146
141 159
141 168
141 187
141 192
141 198
141 205
141 206
141 220
141 222
141 225
141 233
141 238
141 250
141 262
141 267
141 283
141 293
142 233
143 222
144 159
145 233
147 206
148 168
151 205
152 159
152 293
154 222
157 233
159 164
159 168
159 172
159 182
159 192
159 205
159 206
159 210
159 222
159 233
159 238
159 244
159 262
159 267
159 278
159 283
159 293
162 205
163 205
166 267
168 192
168 205
168 206
168 208
168 222
168 233
168 238
168 255
168 261
168 262
168 267
168 283
168 293
169 283
175 205
181 206
183 222
188 267
188 293
189 238
190 238
192 205
192 206
192 222
192 230
192 233
192 237
192 238
192 239
192 262
192 267
192 268
192 269
192 275
192 283
192 293
194 293
196 233
197 267
199 267
204 293
205 206
205 221
205 222
205 233
205 235
205 238
205 240
205 259
205 262
205 263
205 267
205 270
205 283
205 293
205 297
205 299
206 222
206 233
206 238
206 262
206 267
206 268
206 283
206 293
206 295
211 283
214 238
214 262
216 283
217 238
218 283
222 227
222 233
222 238
222 254
222 262
222 265
222 267
222 283
222 293
226 233
227 267
231 238
233 238
233 247
233 253
233 257
233 262
233 267
233 277
233 283
233 293
236 238
238 243
238 262
238 267
238 272
238 281
238 283
238 293
241 262
260 283
262 267
262 283
262 284
262 293
267 283
267 293
267 296
276 283
283 293
285 293
292 293
