2000 3044
0 1209
1 1851
2 396
3 1635
3 1767
4 350
5 225
6 1836
7 704
8 15
9 890
10 80
10 1851
11 600
12 480
13 840
14 894
15 16
15 65
15 80
15 104
15 131
15 147
15 154
15 168
15 169
15 225
15 263
15 288
15 298
15 300
15 318
15 341
15 350
15 368
15 371
15 389
15 396
15 419
15 436
15 442
15 454
15 459
15 476
15 480
15 489
15 490
15 503
15 522
15 525
15 538
15 566
15 570
15 572
15 579
15 597
15 599
15 600
15 625
15 684
15 691
15 701
15 704
15 714
15 738
15 772
15 777
15 828
15 840
15 842
15 858
15 859
15 864
15 874
15 890
15 894
15 927
15 940
15 944
15 958
15 986
15 1008
15 1014
15 1029
15 1098
15 1114
15 1125
15 1130
15 1172
15 1180
15 1201
15 1204
15 1209
15 1221
15 1294
15 1299
15 1308
15 1316
15 1357
15 1367
15 1415
15 1446
15 1468
15 1485
15 1497
15 1499
15 1517
15 1533
15 1534
15 1536
15 1541
15 1545
15 1557
15 1593
15 1604
15 1606
15 1635
15 1658
15 1660
15 1681
15 1693
15 1699
15 1707
15 1712
15 1721
15 1723
15 1736
15 1761
15 1767
15 1783
15 1820
15 1825
15 1827
15 1834
15 1836
15 1837
15 1851
15 1852
15 1878
15 1883
15 1895
15 1905
15 1919
15 1929
15 1943
15 1960
16 18
16 31
16 37
16 80
16 98
16 99
16 126
16 157
16 169
16 180
16 225
16 253
16 265
16 300
16 305
16 332
16 350
16 353
16 396
16 415
16 426
16 442
16 451
16 463
16 480
16 489
16 514
16 538
16 546
16 567
16 588
16 600
16 629
16 639
16 647
16 659
16 681
16 704
16 798
16 815
16 840
16 890
16 894
16 921
16 931
16 1000
16 1029
16 1056
16 1061
16 1064
16 1065
16 1068
16 1099
16 1100
16 1114
16 1120
16 1132
16 1134
16 1145
16 1150
16 1157
16 1173
16 1180
16 1187
16 1209
16 1229
16 1252
16 1268
16 1272
16 1308
16 1338
16 1340
16 1348
16 1367
16 1413
16 1415
16 1449
16 1461
16 1497
16 1510
16 1516
16 1521
16 1533
16 1541
16 1552
16 1570
16 1635
16 1656
16 1699
16 1767
16 1818
16 1822
16 1825
16 1833
16 1836
16 1844
16 1850
16 1851
16 1891
16 1895
16 1962
16 1978
16 1990
16 1996
17 704
17 1308
19 480
19 1114
20 600
20 1541
21 1851
22 1114
23 1541
24 704
25 80
25 840
26 350
26 1541
27 350
28 894
29 300
29 1497
30 1541
32 1533
33 1541
34 396
34 442
35 600
36 1367
38 225
39 1699
40 538
40 600
41 1533
42 300
42 1851
43 225
43 300
44 300
44 480
45 840
46 1308
47 1635
48 1635
49 225
50 1308
50 1497
51 894
52 1029
53 704
54 1497
55 890
56 840
57 1836
58 894
58 1533
59 704
60 350
60 1114
61 480
62 1367
63 1367
63 1851
64 600
65 1699
66 704
67 442
68 80
68 1836
69 1497
70 1699
71 350
72 1209
73 480
74 350
75 1029
75 1533
76 1533
77 300
78 225
79 704
80 103
80 116
80 120
80 145
80 162
80 174
80 193
80 203
80 206
80 208
80 225
80 231
80 239
80 264
80 282
80 300
80 350
80 396
80 442
80 480
80 489
80 538
80 549
80 552
80 556
80 574
80 589
80 600
80 630
80 648
80 655
80 704
80 745
80 749
80 796
80 797
80 804
80 819
80 832
80 835
80 840
80 845
80 873
80 876
80 890
80 894
80 912
80 915
80 916
80 920
80 933
80 955
80 957
80 970
80 976
80 993
80 1016
80 1029
80 1030
80 1037
80 1041
80 1048
80 1077
80 1114
80 1145
80 1209
80 1230
80 1253
80 1281
80 1295
80 1308
80 1310
80 1314
80 1328
80 1344
80 1367
80 1369
80 1423
80 1456
80 1463
80 1480
80 1497
80 1506
80 1511
80 1527
80 1533
80 1540
80 1541
80 1548
80 1597
80 1635
80 1681
80 1686
80 1699
80 1724
80 1767
80 1800
80 1801
80 1823
80 1826
80 1836
80 1851
80 1852
80 1863
80 1874
80 1879
80 1893
80 1895
80 1909
80 1918
80 1973
80 1991
81 300
81 600
82 840
83 225
84 1367
85 1497
86 396
87 1029
87 1308
88 704
89 1541
90 890
91 840
92 1836
93 480
93 1895
94 1114
95 894
96 1767
97 1308
100 1029
100 1114
101 1533
102 894
103 1209
104 538
105 704
106 480
107 1635
108 1836
109 1699
110 489
111 1209
112 225
113 1114
113 1635
114 600
114 840
115 600
117 890
117 1699
118 1308
119 1029
119 1533
121 442
121 1497
122 396
123 480
124 1836
125 1367
127 600
128 1209
128 1836
129 1209
130 1209
132 350
133 1209
134 350
134 1533
135 840
136 1029
136 1209
137 538
138 350
138 1209
139 1497
140 894
141 1635
142 1114
143 538
143 1497
144 489
145 1029
146 396
146 894
147 840
148 600
148 1895
149 442
149 1699
150 538
150 1209
151 1541
152 480
152 1308
153 396
155 300
155 396
156 489
157 396
158 350
158 1308
159 1635
160 890
161 1533
162 225
163 1767
164 1533
164 1851
165 704
165 1699
166 1895
167 489
170 704
171 1497
172 1367
173 225
174 538
175 396
175 480
176 225
177 1533
178 1767
179 225
179 480
181 225
182 1367
183 1209
184 894
184 1541
185 1836
186 350
187 350
188 1114
189 1367
190 300
191 600
191 1114
192 396
192 1029
194 1114
195 890
196 1699
197 1029
197 1367
198 894
199 396
200 1533
201 300
202 442
204 442
205 894
206 396
207 1541
209 1699
210 1029
211 1767
212 225
213 1767
214 396
215 600
215 1699
216 1836
217 1895
218 894
219 1533
220 890
221 489
222 840
222 1367
223 1308
224 442
225 235
225 249
225 252
225 258
225 259
225 300
225 314
225 324
225 350
225 360
225 363
225 366
225 393
225 396
225 413
225 430
225 442
225 480
225 487
225 489
225 538
225 548
225 559
225 575
225 580
225 600
225 620
225 630
225 677
225 690
225 696
225 704
225 713
225 721
225 803
225 807
225 814
225 815
225 840
225 848
225 859
225 890
225 894
225 930
225 963
225 965
225 981
225 1004
225 1019
225 1021
225 1029
225 1055
225 1080
225 1086
225 1087
225 1100
225 1114
225 1121
225 1152
225 1181
225 1209
225 1218
225 1233
225 1243
225 1300
225 1307
225 1308
225 1309
225 1336
225 1345
225 1346
225 1351
225 1355
225 1365
225 1367
225 1388
225 1419
225 1468
225 1475
225 1493
225 1497
225 1508
225 1515
225 1517
225 1533
225 1541
225 1542
225 1554
225 1565
225 1573
225 1635
225 1647
225 1672
225 1678
225 1699
225 1701
225 1703
225 1728
225 1746
225 1758
225 1767
225 1787
225 1807
225 1836
225 1851
225 1865
225 1876
225 1888
225 1895
225 1912
225 1923
225 1956
225 1977
226 1029
227 840
228 890
229 890
230 704
230 1635
231 1029
232 442
232 1114
233 704
234 1029
235 1029
236 1367
237 300
237 396
238 704
240 1541
241 1541
242 1836
243 396
243 1308
244 396
245 1497
246 480
246 1209
247 1541
248 890
249 1367
250 1367
251 350
252 1114
253 300
254 1635
255 300
256 1367
257 1209
257 1308
259 1767
260 1497
261 1533
262 350
262 480
265 704
266 1541
267 350
268 489
269 890
270 1541
271 894
272 894
273 480
273 1699
274 840
275 538
276 1851
277 1029
278 600
279 840
279 1497
280 1367
281 538
281 600
282 704
283 890
284 350
284 1767
285 538
285 894
286 1308
286 1541
287 894
289 1533
289 1895
290 890
290 1541
291 704
291 1029
292 1851
293 1635
294 1114
295 442
296 489
297 1209
297 1308
298 489
299 1114
300 303
300 350
300 362
300 373
300 395
300 396
300 404
300 442
300 456
300 468
300 473
300 480
300 489
300 522
300 538
300 540
300 584
300 587
300 600
300 621
300 632
300 653
300 654
300 695
300 704
300 716
300 724
300 732
300 761
300 764
300 772
300 805
300 826
300 840
300 850
300 883
300 890
300 894
300 1028
300 1029
300 1040
300 1073
300 1081
300 1114
300 1154
300 1159
300 1177
300 1184
300 1209
300 1212
300 1216
300 1226
300 1254
300 1271
300 1275
300 1296
300 1308
300 1367
300 1436
300 1464
300 1497
300 1516
300 1520
300 1533
300 1541
300 1549
300 1562
300 1635
300 1667
300 1669
300 1671
300 1682
300 1689
300 1699
300 1718
300 1727
300 1761
300 1767
300 1776
300 1817
300 1836
300 1851
300 1868
300 1895
300 1941
300 1945
300 1969
301 1029
301 1851
302 1209
302 1851
303 1114
304 442
306 1635
307 1699
308 1367
309 600
310 1635
310 1699
311 1497
312 1497
313 1895
315 442
316 890
317 1836
318 890
319 1836
320 1209
320 1308
321 1367
322 1699
323 350
323 704
325 894
325 1029
326 1367
327 489
327 704
328 538
329 1114
330 1895
331 704
333 480
334 442
335 1029
336 1635
337 1114
338 1308
339 704
340 350
342 1851
343 1497
344 538
344 1367
345 1308
346 1114
347 890
348 1114
348 1699
349 1699
350 385
350 396
350 420
350 440
350 442
350 444
350 480
350 489
350 497
350 502
350 512
350 526
350 538
350 545
350 553
350 571
350 600
350 614
350 631
350 640
350 649
350 666
350 690
350 698
350 704
350 707
350 718
350 767
350 818
350 822
350 827
350 839
350 840
350 876
350 890
350 894
350 955
350 964
350 977
350 1005
350 1025
350 1029
350 1044
350 1053
350 1090
350 1091
350 1105
350 1108
350 1113
350 1114
350 1126
350 1209
350 1222
350 1251
350 1308
350 1341
350 1345
350 1367
350 1377
350 1389
350 1405
350 1425
350 1435
350 1451
350 1471
350 1497
350 1519
350 1533
350 1541
350 1546
350 1568
350 1578
350 1635
350 1640
350 1663
350 1699
350 1744
350 1751
350 1752
350 1754
350 1766
350 1767
350 1821
350 1836
350 1843
350 1851
350 1881
350 1895
350 1908
350 1948
350 1949
350 1950
350 1959
350 1971
351 1541
352 1497
353 1836
354 489
354 704
355 538
356 480
356 1533
357 1114
357 1635
358 1114
358 1836
359 1497
361 894
362 480
364 1308
364 1533
365 1541
366 1851
367 1541
369 1114
369 1895
370 1635
372 1114
374 1767
374 1836
375 1635
375 1767
376 890
377 1209
377 1635
378 1209
378 1497
379 894
380 538
380 1767
381 600
382 396
382 600
383 396
384 538
384 704
385 894
386 538
386 1308
387 1029
388 840
390 1767
391 442
392 1541
392 1767
394 1851
395 1114
396 421
396 442
396 460
396 471
396 476
396 480
396 489
396 538
396 577
396 600
396 601
396 615
396 635
396 665
396 704
396 717
396 763
396 770
396 771
396 784
396 840
396 890
396 894
396 906
396 910
396 974
396 984
396 1003
396 1023
396 1029
396 1044
396 1053
396 1067
396 1069
396 1084
396 1094
396 1114
396 1135
396 1146
396 1176
396 1189
396 1209
396 1231
396 1289
396 1296
396 1308
396 1367
396 1397
396 1399
396 1418
396 1492
396 1494
396 1497
396 1533
396 1541
396 1572
396 1590
396 1615
396 1631
396 1635
396 1699
396 1722
396 1739
396 1756
396 1765
396 1767
396 1776
396 1805
396 1806
396 1836
396 1840
396 1851
396 1870
396 1895
396 1932
396 1942
396 1954
397 890
397 1497
398 1209
399 1497
400 1541
401 1699
402 840
402 1767
403 890
404 1029
405 1114
406 1851
407 1767
408 1308
409 890
410 894
411 1308
412 1114
414 442
415 538
416 1367
417 704
418 1851
419 538
420 1895
421 1533
422 1851
422 1895
423 1209
423 1367
424 890
425 538
427 1699
428 1029
428 1533
429 1533
430 840
431 1635
432 489
433 1497
433 1635
434 1308
435 600
437 1497
438 894
439 480
439 1851
440 1209
441 1699
442 445
442 468
442 479
442 480
442 486
442 489
442 516
442 517
442 520
442 538
442 572
442 594
442 600
442 601
442 617
442 704
442 787
442 800
442 813
442 840
442 865
442 878
442 881
442 887
442 890
442 894
442 898
442 942
442 966
442 976
442 978
442 992
442 1029
442 1114
442 1175
442 1197
442 1203
442 1209
442 1223
442 1226
442 1238
442 1246
442 1248
442 1256
442 1277
442 1285
442 1299
442 1308
442 1310
442 1367
442 1378
442 1381
442 1420
442 1428
442 1486
442 1497
442 1506
442 1526
442 1532
442 1533
442 1541
442 1561
442 1585
442 1587
442 1635
442 1649
442 1697
442 1699
442 1725
442 1732
442 1734
442 1750
442 1758
442 1767
442 1784
442 1836
442 1845
442 1851
442 1881
442 1895
442 1898
442 1930
442 1936
442 1965
442 1974
442 1980
443 1895
445 1541
446 1851
447 480
447 1836
448 489
449 840
450 1308
452 1767
453 1367
454 1699
455 1541
457 1635
458 1209
460 1836
461 894
462 1367
464 1635
465 890
465 1308
466 538
467 480
469 1367
470 1209
470 1367
471 1497
472 1836
473 1029
474 1209
475 840
477 1851
478 1029
478 1533
479 1308
480 489
480 507
480 534
480 538
480 573
480 584
480 600
480 607
480 611
480 616
480 624
480 631
480 650
480 656
480 678
480 704
480 705
480 708
480 736
480 743
480 755
480 787
480 794
480 795
480 816
480 840
480 860
480 871
480 877
480 879
480 885
480 890
480 894
480 947
480 974
480 987
480 1011
480 1013
480 1024
480 1029
480 1050
480 1090
480 1097
480 1103
480 1114
480 1128
480 1137
480 1139
480 1142
480 1169
480 1191
480 1201
480 1209
480 1220
480 1237
480 1305
480 1308
480 1337
480 1358
480 1367
480 1426
480 1445
480 1457
480 1483
480 1488
480 1497
480 1498
480 1524
480 1533
480 1541
480 1566
480 1578
480 1582
480 1635
480 1651
480 1662
480 1699
480 1720
480 1767
480 1785
480 1807
480 1813
480 1836
480 1848
480 1851
480 1895
480 1921
480 1944
480 1957
481 890
482 600
483 1367
483 1541
484 1367
485 1308
487 840
488 1895
489 506
489 524
489 538
489 544
489 600
489 602
489 619
489 663
489 692
489 694
489 704
489 753
489 758
489 793
489 823
489 824
489 840
489 845
489 846
489 847
489 849
489 863
489 868
489 869
489 875
489 882
489 888
489 890
489 894
489 905
489 907
489 913
489 919
489 944
489 993
489 1029
489 1030
489 1034
489 1071
489 1082
489 1088
489 1093
489 1109
489 1114
489 1122
489 1131
489 1149
489 1153
489 1161
489 1171
489 1205
489 1207
489 1209
489 1244
489 1253
489 1254
489 1257
489 1283
489 1308
489 1363
489 1364
489 1366
489 1367
489 1402
489 1405
489 1433
489 1447
489 1449
489 1458
489 1487
489 1497
489 1533
489 1541
489 1549
489 1602
489 1629
489 1630
489 1633
489 1635
489 1683
489 1699
489 1704
489 1763
489 1767
489 1769
489 1789
489 1797
489 1802
489 1836
489 1851
489 1859
489 1886
489 1895
489 1902
489 1936
489 1941
489 1946
489 1961
489 1982
489 1998
490 600
491 1635
492 894
493 890
493 1895
494 1851
494 1895
495 1541
496 840
498 1635
499 1635
500 1635
501 894
501 1767
504 1533
505 704
506 894
508 1541
509 1895
510 1029
511 704
512 1635
513 1836
515 1767
518 894
518 1367
519 840
519 1533
521 1635
523 1767
527 1497
527 1541
528 1541
529 600
529 1699
530 704
530 1541
531 1029
531 1497
532 1851
533 1635
533 1699
534 894
535 1851
536 538
537 1533
538 557
538 600
538 609
538 634
538 646
538 674
538 692
538 697
538 704
538 719
538 840
538 853
538 862
538 867
538 890
538 893
538 894
538 897
538 901
538 948
538 949
538 1010
538 1015
538 1029
538 1069
538 1102
538 1114
538 1127
538 1136
538 1158
538 1164
538 1195
538 1200
538 1209
538 1211
538 1213
538 1220
538 1249
538 1270
538 1288
538 1289
538 1308
538 1317
538 1332
538 1367
538 1403
538 1407
538 1419
538 1441
538 1445
538 1450
538 1459
538 1474
538 1480
538 1497
538 1500
538 1522
538 1533
538 1541
538 1550
538 1571
538 1607
538 1614
538 1635
538 1650
538 1675
538 1688
538 1696
538 1699
538 1746
538 1748
538 1760
538 1764
538 1767
538 1773
538 1781
538 1815
538 1816
538 1836
538 1839
538 1851
538 1861
538 1867
538 1895
538 1904
538 1943
538 1970
538 1974
538 1992
538 1995
539 1836
541 600
542 1533
543 1699
544 704
545 840
546 1367
547 1209
548 1308
550 1308
550 1541
551 600
554 1895
555 1635
557 1114
558 1533
559 1367
560 1029
561 1767
562 1367
563 1308
564 1836
565 840
565 1895
567 1029
568 1541
568 1767
569 1541
570 890
575 890
576 1367
578 1029
581 894
581 1497
582 1114
583 1308
585 704
586 840
586 1895
588 1767
589 1635
590 1767
590 1836
591 1308
592 704
592 1836
593 1114
595 840
596 600
598 1767
599 1308
600 660
600 704
600 706
600 730
600 734
600 755
600 777
600 829
600 834
600 840
600 878
600 890
600 892
600 894
600 900
600 968
600 971
600 991
600 994
600 998
600 1015
600 1029
600 1073
600 1085
600 1104
600 1111
600 1114
600 1124
600 1156
600 1191
600 1209
600 1225
600 1233
600 1260
600 1308
600 1321
600 1331
600 1341
600 1367
600 1372
600 1395
600 1406
600 1455
600 1473
600 1497
600 1533
600 1537
600 1541
600 1572
600 1574
600 1576
600 1601
600 1635
600 1636
600 1637
600 1664
600 1666
600 1677
600 1699
600 1767
600 1786
600 1836
600 1851
600 1853
600 1855
600 1873
600 1886
600 1895
600 1910
600 1933
602 1699
603 1029
604 1836
605 1541
606 1497
607 1114
608 1635
610 1367
611 890
612 890
613 1308
617 840
618 704
621 1767
622 1699
623 1308
626 1114
627 1851
628 1767
633 890
636 1635
637 890
638 1635
640 1533
641 1308
641 1767
642 890
643 1699
644 890
644 1851
645 1029
645 1767
646 1895
649 840
651 1895
652 1541
652 1851
653 1533
654 1114
656 1029
657 894
658 1029
658 1497
660 1308
661 840
662 840
662 1209
663 1114
664 1541
666 1114
667 1367
668 840
669 1367
670 1308
671 1209
672 1308
673 1699
675 1308
675 1541
676 1367
676 1767
677 890
678 840
679 1497
680 1367
682 1114
683 1836
684 1308
685 1635
686 840
687 1114
688 704
689 1699
693 1541
694 1767
697 1367
699 1851
700 1699
702 894
702 1895
703 890
703 1851
704 725
704 752
704 756
704 758
704 759
704 803
704 808
704 812
704 838
704 840
704 890
704 894
704 899
704 978
704 983
704 995
704 999
704 1022
704 1029
704 1032
704 1062
704 1110
704 1114
704 1125
704 1130
704 1133
704 1154
704 1162
704 1178
704 1181
704 1194
704 1209
704 1228
704 1267
704 1270
704 1273
704 1308
704 1315
704 1323
704 1352
704 1367
704 1382
704 1394
704 1437
704 1441
704 1460
704 1477
704 1479
704 1497
704 1498
704 1531
704 1533
704 1541
704 1553
704 1576
704 1585
704 1586
704 1599
704 1619
704 1620
704 1628
704 1635
704 1659
704 1661
704 1676
704 1699
704 1706
704 1710
704 1712
704 1718
704 1719
704 1740
704 1767
704 1774
704 1809
704 1812
704 1824
704 1836
704 1851
704 1857
704 1868
704 1892
704 1895
704 1921
704 1927
704 1938
704 1947
704 1967
704 1985
704 1988
708 1699
709 1029
709 1114
710 840
711 894
712 1767
715 1699
720 890
722 1308
722 1699
723 890
724 1541
726 1635
727 1635
728 1541
729 1029
731 890
731 1836
733 1114
733 1895
735 1541
737 1767
739 1699
740 1029
740 1114
741 1308
742 1541
743 1895
744 890
746 1209
747 1308
748 1836
749 1114
750 1699
751 1367
753 1367
754 1767
757 1114
757 1308
760 1699
760 1836
762 1209
763 1367
764 894
765 1836
766 1308
766 1541
767 1541
768 1367
769 890
769 1541
771 1114
773 1209
773 1533
774 1699
775 1497
776 1635
776 1767
778 1699
779 1308
780 1767
781 1836
782 1541
783 1541
785 890
785 1767
786 1541
788 1541
789 1308
790 894
791 1209
792 1851
796 1114
797 1308
798 1497
799 1209
799 1699
800 1367
801 840
802 1029
805 894
806 890
806 1699
807 1497
809 1699
810 1367
811 1367
812 840
814 890
816 1114
817 840
817 1029
820 1308
821 1497
822 1497
823 1767
825 1895
826 1114
828 1114
830 1114
830 1367
831 1209
832 1367
833 1367
833 1541
836 1367
837 840
840 861
840 890
840 894
840 912
840 969
840 975
840 984
840 989
840 995
840 1007
840 1029
840 1036
840 1042
840 1061
840 1083
840 1114
840 1142
840 1151
840 1209
840 1245
840 1248
840 1267
840 1287
840 1288
840 1308
840 1347
840 1357
840 1367
840 1373
840 1380
840 1388
840 1411
840 1460
840 1491
840 1497
840 1530
840 1533
840 1541
840 1552
840 1581
840 1582
840 1611
840 1612
840 1628
840 1635
840 1648
840 1652
840 1655
840 1669
840 1680
840 1692
840 1695
840 1699
840 1713
840 1742
840 1759
840 1767
840 1770
840 1771
840 1804
840 1808
840 1828
840 1836
840 1842
840 1851
840 1871
840 1887
840 1890
840 1895
840 1948
840 1963
841 1308
842 1308
843 1836
844 890
847 1836
851 1209
852 1895
854 1836
855 890
856 1635
857 1767
860 1836
862 1836
865 894
866 1895
870 1635
871 1029
872 1308
875 1114
880 1699
882 1533
884 1851
886 890
888 1851
889 1541
890 894
890 923
890 962
890 1004
890 1017
890 1024
890 1029
890 1051
890 1055
890 1058
890 1083
890 1091
890 1105
890 1114
890 1199
890 1209
890 1242
890 1247
890 1279
890 1301
890 1308
890 1314
890 1367
890 1390
890 1391
890 1398
890 1466
890 1490
890 1497
890 1533
890 1541
890 1583
890 1596
890 1599
890 1626
890 1634
890 1635
890 1646
890 1684
890 1689
890 1694
890 1699
890 1720
890 1729
890 1749
890 1767
890 1811
890 1836
890 1838
890 1851
890 1895
890 1900
890 1903
890 1952
891 1895
892 1367
893 1497
894 938
894 992
894 996
894 1001
894 1029
894 1067
894 1106
894 1114
894 1118
894 1129
894 1155
894 1182
894 1185
894 1186
894 1190
894 1193
894 1209
894 1240
894 1308
894 1311
894 1354
894 1361
894 1367
894 1393
894 1396
894 1427
894 1495
894 1497
894 1533
894 1541
894 1616
894 1633
894 1635
894 1642
894 1644
894 1673
894 1674
894 1682
894 1687
894 1698
894 1699
894 1717
894 1735
894 1767
894 1835
894 1836
894 1849
894 1851
894 1877
894 1895
894 1917
894 1926
894 1950
894 1951
895 1699
896 1209
900 1114
901 1533
902 1367
903 1497
904 1699
908 1367
909 1533
909 1895
910 1029
911 1367
914 1635
916 1367
917 1114
918 1533
922 1767
922 1836
923 1497
924 1367
925 1851
926 1308
928 1308
929 1497
930 1767
932 1367
933 1851
934 1541
935 1895
936 1635
937 1209
938 1533
939 1699
941 1029
943 1497
945 1895
946 1851
947 1836
950 1699
951 1209
951 1836
952 1895
953 1029
953 1541
954 1767
956 1895
958 1497
959 1029
960 1767
961 1533
962 1635
965 1851
966 1836
967 1541
969 1114
971 1367
972 1114
973 1029
973 1114
977 1114
979 1308
980 1367
982 1699
985 1895
988 1541
990 1541
990 1836
996 1895
997 1367
997 1767
999 1895
1002 1308
1002 1533
1006 1541
1008 1029
1009 1767
1010 1541
1011 1114
1012 1699
1018 1541
1019 1367
1020 1367
1023 1114
1026 1029
1027 1895
1029 1052
1029 1114
1029 1147
1029 1149
1029 1161
1029 1207
1029 1209
1029 1214
1029 1255
1029 1284
1029 1298
1029 1308
1029 1329
1029 1359
1029 1367
1029 1400
1029 1430
1029 1453
1029 1497
1029 1533
1029 1541
1029 1543
1029 1555
1029 1575
1029 1591
1029 1613
1029 1617
1029 1621
1029 1624
1029 1625
1029 1635
1029 1640
1029 1653
1029 1666
1029 1668
1029 1670
1029 1679
1029 1699
1029 1731
1029 1767
1029 1800
1029 1827
1029 1836
1029 1851
1029 1882
1029 1885
1029 1895
1029 1900
1029 1905
1029 1916
1029 1944
1029 1990
1029 1997
1031 1497
1033 1367
1033 1533
1034 1895
1035 1699
1037 1497
1038 1767
1039 1699
1040 1851
1041 1541
1043 1767
1045 1851
1046 1308
1047 1699
1047 1836
1048 1497
1049 1497
1051 1541
1052 1533
1054 1836
1056 1699
1057 1767
1058 1497
1059 1209
1059 1533
1060 1699
1062 1367
1063 1635
1065 1635
1066 1541
1066 1767
1068 1767
1070 1114
1071 1209
1072 1367
1072 1836
1074 1209
1074 1851
1075 1895
1076 1209
1078 1308
1079 1541
1080 1308
1085 1851
1089 1895
1092 1497
1095 1767
1096 1533
1097 1114
1098 1533
1099 1308
1101 1836
1103 1767
1107 1114
1107 1541
1112 1851
1113 1635
1114 1146
1114 1166
1114 1209
1114 1224
1114 1260
1114 1278
1114 1302
1114 1308
1114 1316
1114 1367
1114 1383
1114 1409
1114 1434
1114 1440
1114 1469
1114 1497
1114 1501
1114 1504
1114 1520
1114 1525
1114 1529
1114 1533
1114 1541
1114 1558
1114 1564
1114 1570
1114 1571
1114 1584
1114 1595
1114 1635
1114 1639
1114 1647
1114 1697
1114 1699
1114 1700
1114 1702
1114 1704
1114 1767
1114 1790
1114 1792
1114 1831
1114 1832
1114 1836
1114 1846
1114 1851
1114 1863
1114 1895
1114 1940
1114 1972
1114 1984
1114 1987
1115 1895
1116 1836
1117 1541
1119 1767
1123 1836
1124 1836
1129 1895
1131 1209
1134 1699
1136 1836
1137 1851
1138 1497
1140 1895
1141 1895
1143 1209
1144 1767
1148 1767
1153 1533
1158 1541
1160 1699
1160 1767
1162 1497
1163 1308
1165 1209
1167 1533
1168 1699
1170 1209
1170 1367
1174 1209
1179 1308
1179 1895
1183 1541
1185 1541
1188 1836
1190 1209
1192 1836
1193 1209
1194 1635
1195 1767
1196 1497
1198 1308
1199 1533
1202 1533
1206 1851
1208 1367
1208 1895
1209 1219
1209 1258
1209 1259
1209 1281
1209 1308
1209 1327
1209 1367
1209 1387
1209 1482
1209 1497
1209 1532
1209 1533
1209 1539
1209 1541
1209 1555
1209 1560
1209 1588
1209 1635
1209 1638
1209 1654
1209 1686
1209 1699
1209 1719
1209 1744
1209 1763
1209 1767
1209 1779
1209 1792
1209 1796
1209 1798
1209 1817
1209 1836
1209 1843
1209 1851
1209 1876
1209 1891
1209 1895
1209 1923
1209 1982
1210 1541
1215 1836
1216 1851
1217 1699
1218 1367
1221 1699
1222 1533
1224 1699
1227 1367
1228 1533
1230 1533
1232 1533
1234 1533
1235 1533
1235 1836
1236 1635
1239 1533
1241 1767
1244 1895
1250 1895
1255 1367
1259 1895
1261 1497
1262 1308
1263 1533
1264 1497
1265 1767
1266 1497
1269 1836
1271 1533
1272 1635
1274 1895
1276 1699
1280 1308
1280 1497
1282 1635
1284 1497
1286 1851
1290 1308
1291 1767
1292 1367
1293 1895
1297 1767
1303 1308
1304 1367
1305 1851
1306 1895
1308 1312
1308 1319
1308 1334
1308 1337
1308 1350
1308 1367
1308 1397
1308 1403
1308 1414
1308 1432
1308 1442
1308 1497
1308 1503
1308 1509
1308 1512
1308 1523
1308 1533
1308 1536
1308 1541
1308 1566
1308 1608
1308 1616
1308 1622
1308 1623
1308 1635
1308 1657
1308 1699
1308 1706
1308 1714
1308 1767
1308 1809
1308 1819
1308 1836
1308 1851
1308 1862
1308 1880
1308 1895
1308 1896
1308 1899
1308 1939
1308 1946
1308 1947
1308 1958
1308 1967
1308 1979
1309 1836
1313 1895
1315 1699
1318 1497
1320 1767
1322 1851
1323 1635
1324 1497
1324 1699
1325 1895
1326 1533
1330 1541
1332 1497
1333 1367
1335 1367
1336 1895
1338 1851
1339 1851
1342 1895
1343 1767
1343 1895
1344 1497
1346 1836
1349 1851
1353 1541
1355 1635
1356 1635
1360 1367
1362 1533
1363 1541
1367 1375
1367 1385
1367 1404
1367 1416
1367 1422
1367 1497
1367 1507
1367 1533
1367 1538
1367 1541
1367 1551
1367 1559
1367 1592
1367 1594
1367 1598
1367 1630
1367 1635
1367 1684
1367 1699
1367 1738
1367 1757
1367 1767
1367 1772
1367 1799
1367 1822
1367 1830
1367 1836
1367 1851
1367 1866
1367 1869
1367 1875
1367 1894
1367 1895
1367 1899
1367 1906
1367 1924
1367 1942
1367 1955
1367 1960
1367 1975
1367 1981
1368 1541
1370 1497
1371 1895
1372 1497
1374 1541
1376 1895
1379 1699
1379 1895
1382 1767
1383 1541
1384 1836
1386 1497
1392 1767
1394 1851
1401 1635
1404 1851
1408 1497
1409 1699
1410 1699
1411 1699
1412 1836
1414 1541
1417 1635
1418 1541
1421 1699
1423 1699
1424 1851
1425 1635
1426 1497
1429 1541
1431 1767
1433 1836
1436 1699
1438 1895
1439 1497
1440 1541
1442 1851
1443 1699
1444 1497
1448 1635
1451 1699
1452 1851
1454 1497
1456 1635
1457 1699
1462 1851
1465 1767
1467 1836
1469 1541
1470 1497
1472 1767
1474 1767
1475 1767
1476 1497
1478 1836
1481 1497
1484 1836
1485 1635
1489 1541
1489 1851
1495 1767
1496 1533
1497 1518
1497 1533
1497 1541
1497 1553
1497 1567
1497 1603
1497 1635
1497 1641
1497 1645
1497 1661
1497 1690
1497 1699
1497 1721
1497 1726
1497 1767
1497 1810
1497 1816
1497 1836
1497 1851
1497 1860
1497 1895
1497 1915
1497 1919
1497 1957
1497 1981
1499 1699
1502 1635
1505 1635
1509 1699
1513 1895
1514 1836
1518 1533
1519 1541
1527 1533
1528 1635
1533 1541
1533 1544
1533 1592
1533 1614
1533 1635
1533 1678
1533 1699
1533 1705
1533 1708
1533 1737
1533 1747
1533 1767
1533 1778
1533 1782
1533 1836
1533 1851
1533 1864
1533 1884
1533 1895
1533 1914
1533 1918
1533 1925
1533 1928
1533 1929
1533 1949
1533 1968
1533 1989
1535 1541
1541 1589
1541 1610
1541 1635
1541 1665
1541 1699
1541 1722
1541 1767
1541 1769
1541 1790
1541 1791
1541 1793
1541 1803
1541 1804
1541 1814
1541 1836
1541 1845
1541 1851
1541 1854
1541 1866
1541 1885
1541 1895
1541 1896
1541 1931
1547 1767
1551 1851
1554 1699
1556 1851
1563 1767
1569 1767
1577 1699
1579 1836
1580 1699
1597 1635
1600 1836
1602 1836
1603 1699
1605 1895
1608 1851
1609 1851
1617 1767
1618 1635
1618 1699
1623 1635
1627 1635
1632 1699
1632 1767
1634 1699
1635 1636
1635 1655
1635 1699
1635 1711
1635 1727
1635 1745
1635 1753
1635 1767
1635 1777
1635 1788
1635 1801
1635 1831
1635 1836
1635 1851
1635 1856
1635 1895
1635 1907
1637 1836
1642 1767
1643 1851
1644 1851
1645 1836
1670 1699
1685 1699
1688 1767
1691 1851
1694 1895
1696 1851
1699 1716
1699 1736
1699 1741
1699 1743
1699 1745
1699 1753
1699 1767
1699 1770
1699 1836
1699 1851
1699 1858
1699 1861
1699 1889
1699 1895
1699 1898
1699 1910
1699 1913
1699 1922
1699 1934
1699 1935
1699 1994
1699 1999
1709 1836
1713 1767
1715 1895
1730 1851
1733 1836
1750 1767
1751 1836
1755 1895
1762 1767
1767 1775
1767 1780
1767 1805
1767 1814
1767 1824
1767 1836
1767 1847
1767 1851
1767 1874
1767 1895
1767 1966
1767 1976
1767 1993
1768 1836
1794 1851
1795 1851
1829 1836
1836 1839
1836 1841
1836 1851
1836 1878
1836 1895
1836 1897
1836 1901
1836 1904
1836 1920
1836 1970
1836 1980
1844 1895
1848 1851
1851 1895
1851 1901
1851 1908
1851 1909
1851 1911
1851 1924
1851 1953
1851 1983
1851 1987
1872 1895
1895 1930
1895 1937
1895 1964
1895 1972
1895 1986
1895 1998
