500 840
0 92
0 340
1 242
2 340
3 340
4 340
5 473
6 473
7 166
7 348
8 284
9 242
9 311
10 260
11 242
12 45
12 57
13 173
13 343
14 135
14 343
15 332
16 188
17 173
18 57
19 135
19 311
20 117
21 110
22 57
23 204
23 473
24 92
24 204
25 57
25 473
26 311
27 135
27 188
28 242
29 135
30 110
31 92
31 311
32 57
33 110
34 45
35 166
35 188
36 343
37 348
38 260
39 473
40 117
40 311
41 204
42 57
43 92
44 173
45 47
45 49
45 51
45 57
45 59
45 63
45 66
45 85
45 92
45 95
45 100
45 103
45 110
45 117
45 135
45 153
45 162
45 166
45 171
45 173
45 182
45 188
45 200
45 204
45 228
45 242
45 246
45 248
45 250
45 260
45 269
45 280
45 284
45 311
45 332
45 335
45 340
45 343
45 348
45 353
45 354
45 355
45 390
45 396
45 399
45 402
45 446
45 449
45 458
45 464
45 473
45 475
46 92
47 284
48 340
48 343
49 166
50 284
51 57
52 117
52 473
53 343
54 284
55 92
56 473
57 92
57 99
57 110
57 117
57 135
57 142
57 145
57 150
57 166
57 173
57 187
57 188
57 204
57 211
57 216
57 218
57 234
57 242
57 260
57 266
57 276
57 284
57 289
57 295
57 296
57 311
57 326
57 330
57 332
57 340
57 343
57 344
57 347
57 348
57 361
57 369
57 371
57 384
57 392
57 406
57 446
57 464
57 469
57 473
57 481
57 484
57 488
57 489
57 495
58 284
58 446
60 173
60 473
61 348
62 284
64 204
65 173
66 340
67 110
67 340
68 135
69 348
70 204
71 340
72 173
72 311
73 92
73 204
74 188
75 117
75 348
76 332
77 446
78 173
78 204
79 117
79 284
80 92
80 173
81 117
82 117
83 343
84 284
85 188
86 117
87 135
88 446
89 188
90 446
91 135
92 110
92 117
92 123
92 132
92 135
92 138
92 144
92 159
92 164
92 166
92 167
92 173
92 188
92 195
92 204
92 206
92 240
92 242
92 255
92 260
92 261
92 270
92 284
92 286
92 311
92 317
92 332
92 337
92 340
92 343
92 345
92 348
92 358
92 400
92 407
92 411
92 423
92 424
92 429
92 430
92 435
92 445
92 446
92 447
92 450
92 460
92 467
92 473
92 487
93 340
94 260
94 340
96 473
97 284
98 284
98 311
100 242
101 117
101 188
102 311
103 348
104 446
105 348
106 135
106 260
107 284
108 473
109 110
110 117
110 128
110 135
110 151
110 164
110 166
110 173
110 184
110 188
110 204
110 212
110 213
110 242
110 260
110 269
110 277
110 284
110 288
110 307
110 309
110 311
110 332
110 340
110 343
110 348
110 397
110 409
110 436
110 446
110 456
110 458
110 473
111 284
112 242
113 166
114 284
114 473
115 173
116 173
117 121
117 125
117 135
117 151
117 158
117 166
117 173
117 188
117 199
117 201
117 204
117 219
117 242
117 256
117 260
117 284
117 290
117 293
117 308
117 311
117 318
117 322
117 332
117 340
117 343
117 346
117 348
117 351
117 352
117 371
117 372
117 376
117 381
117 397
117 398
117 408
117 410
117 443
117 446
117 453
117 463
117 473
117 494
117 498
118 242
119 166
119 311
120 204
121 166
122 260
122 446
124 188
125 311
126 348
127 311
128 188
129 173
130 343
131 348
132 284
133 343
134 242
135 154
135 157
135 166
135 173
135 188
135 189
135 204
135 206
135 222
135 242
135 251
135 260
135 264
135 272
135 284
135 301
135 311
135 328
135 332
135 340
135 343
135 348
135 382
135 387
135 413
135 417
135 425
135 446
135 465
135 473
135 499
136 473
137 173
137 188
138 343
139 166
140 340
140 348
141 284
142 166
143 311
143 473
145 173
146 260
146 348
147 348
148 242
149 188
152 340
154 311
155 284
155 311
156 173
156 332
159 348
160 348
161 166
162 332
163 188
165 340
166 173
166 188
166 204
166 222
166 224
166 242
166 260
166 263
166 271
166 284
166 291
166 300
166 303
166 309
166 311
166 332
166 340
166 343
166 344
166 348
166 359
166 365
166 368
166 374
166 377
166 382
166 385
166 416
166 421
166 427
166 446
166 450
166 470
166 473
166 481
168 260
169 188
169 204
170 242
171 311
172 260
173 188
173 204
173 237
173 242
173 247
173 257
173 260
173 262
173 284
173 311
173 312
173 316
173 323
173 325
173 332
173 340
173 343
173 348
173 377
173 388
173 400
173 410
173 422
173 446
173 448
173 473
173 492
173 495
174 343
175 188
175 348
176 446
177 188
177 473
178 348
179 343
179 348
180 204
181 348
183 188
184 446
185 242
185 348
186 340
186 343
187 284
188 204
188 214
188 220
188 242
188 260
188 266
188 275
188 281
188 284
188 298
188 311
188 312
188 332
188 340
188 343
188 348
188 367
188 378
188 395
188 436
188 437
188 439
188 445
188 446
188 473
188 482
188 483
189 260
190 311
191 284
191 343
192 204
193 204
193 343
194 242
196 446
197 332
198 260
202 446
203 343
204 217
204 224
204 242
204 243
204 252
204 257
204 260
204 276
204 284
204 297
204 301
204 304
204 311
204 332
204 338
204 340
204 343
204 348
204 356
204 362
204 363
204 422
204 431
204 440
204 446
204 466
204 472
204 473
205 260
205 446
207 284
208 242
209 260
210 242
211 348
212 446
215 343
216 260
218 348
220 260
221 446
223 284
223 473
225 242
225 473
226 446
227 348
229 284
229 311
230 260
231 332
232 311
233 446
235 260
235 343
236 284
236 311
237 473
238 473
239 284
240 242
241 242
241 260
242 260
242 277
242 283
242 284
242 305
242 311
242 332
242 339
242 340
242 342
242 343
242 348
242 349
242 357
242 364
242 378
242 420
242 426
242 446
242 448
242 473
242 476
242 494
244 473
245 348
248 343
249 311
252 260
253 332
254 332
256 348
258 343
259 260
260 284
260 285
260 299
260 311
260 315
260 321
260 325
260 332
260 333
260 340
260 343
260 348
260 380
260 383
260 390
260 434
260 437
260 446
260 447
260 451
260 459
260 473
260 478
260 490
261 446
265 284
267 284
267 473
268 348
270 343
271 446
273 348
273 473
274 348
274 473
278 340
279 332
280 284
281 473
282 340
284 298
284 311
284 331
284 332
284 340
284 343
284 348
284 354
284 356
284 366
284 379
284 383
284 406
284 416
284 426
284 432
284 438
284 446
284 471
284 473
284 493
285 348
287 343
292 473
294 332
294 343
297 473
302 340
306 340
310 343
311 329
311 332
311 340
311 341
311 343
311 348
311 359
311 363
311 391
311 393
311 399
311 407
311 420
311 427
311 431
311 446
311 455
311 461
311 473
311 491
313 340
314 332
316 340
317 332
319 473
320 343
322 473
323 343
324 340
327 446
332 340
332 342
332 343
332 348
332 357
332 375
332 401
332 403
332 433
332 446
332 454
332 457
332 473
334 340
336 473
340 343
340 348
340 419
340 441
340 446
340 473
340 480
340 485
343 348
343 350
343 372
343 381
343 386
343 415
343 418
343 442
343 446
343 462
343 473
343 477
343 486
343 491
348 351
348 360
348 370
348 373
348 389
348 402
348 404
348 405
348 408
348 414
348 446
348 452
348 460
348 468
348 469
348 473
348 482
352 473
362 473
364 446
367 473
386 446
394 446
403 473
411 446
412 473
428 446
439 473
444 446
446 452
446 473
446 496
471 473
473 474
473 479
473 487
473 497
