5000 7457
0 4518
1 246
1 4690
2 4615
3 203
4 246
4 4575
5 2012
6 816
7 317
7 4119
8 317
8 4518
9 4575
10 1600
10 2753
11 2753
11 3354
12 816
12 2753
13 955
13 2012
14 60
14 4575
15 4119
15 4639
16 3354
17 4979
18 2012
19 3242
20 816
20 2016
21 1115
22 955
22 2753
23 4190
24 203
25 4615
26 4690
27 1423
28 2233
29 317
29 4575
30 4575
31 4877
32 3242
33 2265
34 203
35 468
35 2099
36 1600
37 468
37 4119
38 955
39 661
39 3319
40 1247
41 4119
41 4190
42 4518
43 468
43 3209
44 468
44 4690
45 4119
46 246
47 3893
48 246
48 4690
49 2233
50 3893
51 468
52 1950
53 4190
54 1459
55 3209
56 4877
57 955
57 4190
58 1600
58 3628
59 955
60 76
60 77
60 117
60 203
60 230
60 246
60 251
60 280
60 306
60 317
60 336
60 366
60 389
60 420
60 446
60 468
60 473
60 564
60 573
60 612
60 616
60 620
60 657
60 661
60 688
60 692
60 722
60 723
60 751
60 816
60 865
60 867
60 953
60 955
60 988
60 995
60 1023
60 1040
60 1065
60 1072
60 1115
60 1127
60 1247
60 1257
60 1259
60 1286
60 1287
60 1298
60 1305
60 1317
60 1335
60 1367
60 1423
60 1429
60 1435
60 1436
60 1437
60 1459
60 1477
60 1479
60 1529
60 1570
60 1600
60 1629
60 1631
60 1666
60 1715
60 1718
60 1736
60 1794
60 1800
60 1812
60 1852
60 1855
60 1861
60 1901
60 1914
60 1950
60 1957
60 1978
60 1997
60 1998
60 2012
60 2016
60 2021
60 2076
60 2094
60 2099
60 2116
60 2136
60 2232
60 2233
60 2265
60 2311
60 2325
60 2343
60 2349
60 2371
60 2435
60 2456
60 2462
60 2466
60 2506
60 2593
60 2690
60 2744
60 2748
60 2753
60 2755
60 2775
60 2776
60 2789
60 2828
60 2833
60 2847
60 2852
60 2860
60 2908
60 2941
60 2964
60 2989
60 3025
60 3085
60 3119
60 3150
60 3165
60 3209
60 3227
60 3242
60 3302
60 3319
60 3329
60 3354
60 3361
60 3407
60 3411
60 3442
60 3463
60 3483
60 3524
60 3561
60 3571
60 3608
60 3628
60 3699
60 3707
60 3710
60 3753
60 3757
60 3784
60 3800
60 3810
60 3832
60 3838
60 3893
60 3902
60 3933
60 3941
60 3956
60 3958
60 4015
60 4063
60 4069
60 4079
60 4089
60 4103
60 4111
60 4119
60 4144
60 4190
60 4194
60 4211
60 4217
60 4248
60 4275
60 4329
60 4348
60 4376
60 4410
60 4491
60 4507
60 4518
60 4520
60 4557
60 4572
60 4575
60 4611
60 4615
60 4639
60 4662
60 4678
60 4690
60 4705
60 4706
60 4725
60 4738
60 4762
60 4776
60 4801
60 4835
60 4841
60 4868
60 4877
60 4907
60 4924
60 4935
60 4947
60 4965
60 4979
60 4995
61 2233
61 3319
62 1950
62 3354
63 468
63 2099
64 955
64 1600
65 2136
65 3893
66 4690
67 246
68 816
69 468
70 4119
70 4190
71 3242
72 4575
72 4615
73 1459
73 4690
74 1423
75 4639
77 2265
78 203
78 1115
79 468
79 4877
80 4190
81 1115
82 203
82 2016
83 246
83 2233
84 317
85 1950
86 4575
86 4615
87 317
87 2016
88 246
89 1423
89 4507
90 3242
91 2136
92 246
93 661
94 1247
95 816
95 4507
96 1459
96 2099
97 2753
98 3319
98 4507
99 468
100 246
101 2265
102 661
102 3628
103 3902
104 1600
105 1600
106 2233
107 1600
107 2753
108 1423
108 4190
109 661
109 2136
110 4190
111 3242
112 2012
113 4690
114 2233
114 4801
115 4190
116 4376
117 468
118 2265
119 2136
120 2233
121 4119
122 203
123 1600
124 1115
124 4979
125 1247
126 2265
126 4518
127 1115
128 2016
129 2233
129 3628
130 4518
131 3354
132 1423
132 4376
133 3902
134 2012
135 4190
135 4690
136 4639
137 955
137 4190
138 3902
139 203
139 4639
140 661
141 203
142 1247
143 4639
143 4979
144 4119
145 4376
146 955
147 4639
148 4119
149 3902
150 1247
151 317
152 1950
153 4979
154 4518
155 4119
156 1459
156 4119
157 4615
158 2136
159 2233
159 4119
160 3319
160 3354
161 1459
162 1247
162 3893
163 816
164 2753
164 4507
165 816
166 2265
166 4575
167 2265
168 1115
168 4615
169 1423
170 203
170 3209
171 2016
172 1459
173 1600
174 203
174 1247
175 2099
176 4507
177 3902
178 955
179 1459
180 1115
181 203
182 4615
183 3319
184 203
185 4575
186 2012
187 3319
188 4518
189 2753
190 2136
191 2016
192 4190
193 3209
194 955
195 203
195 2099
196 2233
197 2016
197 4518
198 1247
199 3902
200 4979
201 1459
201 4507
202 468
203 213
203 244
203 246
203 255
203 299
203 301
203 302
203 317
203 349
203 383
203 402
203 412
203 466
203 468
203 479
203 510
203 602
203 605
203 613
203 661
203 664
203 671
203 725
203 742
203 768
203 792
203 802
203 816
203 821
203 826
203 851
203 915
203 955
203 985
203 993
203 1005
203 1042
203 1072
203 1102
203 1115
203 1131
203 1142
203 1145
203 1189
203 1199
203 1227
203 1237
203 1243
203 1247
203 1283
203 1288
203 1321
203 1325
203 1375
203 1392
203 1397
203 1423
203 1433
203 1442
203 1459
203 1499
203 1539
203 1544
203 1591
203 1600
203 1628
203 1639
203 1643
203 1691
203 1698
203 1706
203 1710
203 1735
203 1753
203 1773
203 1778
203 1797
203 1803
203 1814
203 1845
203 1889
203 1916
203 1944
203 1950
203 1980
203 2012
203 2016
203 2023
203 2063
203 2078
203 2099
203 2136
203 2154
203 2184
203 2233
203 2238
203 2254
203 2260
203 2265
203 2312
203 2318
203 2334
203 2345
203 2360
203 2392
203 2407
203 2411
203 2469
203 2535
203 2607
203 2608
203 2634
203 2651
203 2678
203 2680
203 2696
203 2708
203 2710
203 2721
203 2753
203 2765
203 2767
203 2778
203 2837
203 2858
203 2866
203 2872
203 2938
203 2978
203 2992
203 3013
203 3024
203 3074
203 3094
203 3139
203 3209
203 3217
203 3233
203 3238
203 3242
203 3258
203 3267
203 3275
203 3291
203 3316
203 3319
203 3321
203 3329
203 3344
203 3354
203 3373
203 3393
203 3444
203 3446
203 3464
203 3471
203 3478
203 3488
203 3493
203 3494
203 3530
203 3576
203 3628
203 3643
203 3660
203 3665
203 3674
203 3677
203 3741
203 3868
203 3872
203 3879
203 3887
203 3888
203 3893
203 3902
203 3942
203 4001
203 4017
203 4049
203 4119
203 4158
203 4181
203 4190
203 4233
203 4244
203 4250
203 4267
203 4278
203 4292
203 4318
203 4330
203 4376
203 4401
203 4411
203 4459
203 4483
203 4507
203 4509
203 4518
203 4543
203 4563
203 4575
203 4590
203 4598
203 4609
203 4615
203 4625
203 4639
203 4649
203 4664
203 4690
203 4772
203 4801
203 4813
203 4828
203 4864
203 4877
203 4932
203 4936
203 4968
203 4979
204 2753
205 4190
206 955
207 4615
208 4575
209 3628
210 661
210 4507
211 4801
212 4639
214 2233
215 2233
216 317
216 661
217 246
218 317
218 1115
219 4877
220 4190
221 2233
222 661
223 955
223 2233
224 317
224 4877
225 3242
226 1247
227 4690
228 4575
229 4979
230 2136
231 4877
232 468
233 1600
234 3902
235 955
236 3209
236 3319
237 3354
238 3319
239 1247
239 4119
240 2016
241 1423
241 2265
242 2099
242 4979
243 2233
244 317
245 3242
245 3902
246 275
246 317
246 415
246 416
246 419
246 441
246 452
246 468
246 487
246 520
246 527
246 533
246 558
246 646
246 661
246 662
246 686
246 704
246 747
246 748
246 757
246 760
246 816
246 834
246 849
246 881
246 885
246 915
246 952
246 954
246 955
246 977
246 982
246 988
246 990
246 994
246 998
246 1007
246 1046
246 1115
246 1138
246 1180
246 1189
246 1236
246 1247
246 1318
246 1328
246 1343
246 1355
246 1374
246 1387
246 1388
246 1423
246 1458
246 1459
246 1541
246 1600
246 1602
246 1609
246 1610
246 1613
246 1633
246 1647
246 1723
246 1731
246 1746
246 1849
246 1875
246 1927
246 1948
246 1950
246 2012
246 2016
246 2080
246 2085
246 2098
246 2099
246 2119
246 2136
246 2158
246 2180
246 2182
246 2208
246 2233
246 2234
246 2255
246 2265
246 2304
246 2331
246 2408
246 2524
246 2534
246 2537
246 2547
246 2549
246 2585
246 2604
246 2626
246 2664
246 2680
246 2700
246 2701
246 2711
246 2712
246 2753
246 2773
246 2777
246 2812
246 2853
246 2888
246 2898
246 2906
246 2954
246 2956
246 2965
246 2996
246 3020
246 3031
246 3085
246 3104
246 3116
246 3146
246 3155
246 3161
246 3178
246 3202
246 3209
246 3242
246 3276
246 3283
246 3319
246 3338
246 3346
246 3354
246 3356
246 3361
246 3403
246 3410
246 3425
246 3522
246 3543
246 3557
246 3575
246 3628
246 3661
246 3695
246 3893
246 3902
246 3918
246 3957
246 4008
246 4041
246 4068
246 4073
246 4116
246 4119
246 4125
246 4182
246 4190
246 4203
246 4227
246 4280
246 4300
246 4331
246 4367
246 4376
246 4412
246 4414
246 4465
246 4495
246 4507
246 4518
246 4544
246 4546
246 4575
246 4578
246 4593
246 4608
246 4615
246 4639
246 4690
246 4784
246 4801
246 4858
246 4877
246 4886
246 4925
246 4959
246 4979
246 4990
247 2016
248 661
248 3902
249 2265
250 2753
252 3319
253 3902
254 1459
254 2753
255 1247
256 2012
257 2233
258 2016
259 2233
259 3902
260 2233
260 4507
261 816
262 816
263 4615
264 4190
265 816
265 2753
266 2753
267 2233
268 2136
269 2753
270 3628
271 1115
271 4979
272 1423
273 1600
274 3242
276 955
277 4119
277 4639
278 4518
279 3242
281 1600
281 3242
282 2012
283 4190
284 4575
285 955
286 2136
286 4119
287 1600
288 2099
288 3209
289 3628
290 468
291 4639
292 4518
293 2136
293 2265
294 1247
294 4190
295 955
296 1600
296 3902
297 4639
298 4639
300 2099
300 3319
301 2233
303 2099
303 3893
304 816
305 816
306 661
307 468
307 3354
308 2099
309 1950
309 4690
310 3319
311 3354
312 4190
313 2753
313 4801
314 2753
315 3319
316 2233
316 3319
317 407
317 421
317 433
317 452
317 468
317 498
317 499
317 512
317 521
317 589
317 661
317 761
317 776
317 816
317 856
317 944
317 947
317 952
317 955
317 1020
317 1057
317 1083
317 1099
317 1103
317 1115
317 1128
317 1138
317 1158
317 1175
317 1238
317 1247
317 1322
317 1365
317 1396
317 1419
317 1423
317 1432
317 1459
317 1482
317 1490
317 1600
317 1621
317 1636
317 1658
317 1677
317 1785
317 1793
317 1815
317 1841
317 1881
317 1888
317 1891
317 1934
317 1937
317 1950
317 1965
317 1986
317 2004
317 2012
317 2016
317 2039
317 2040
317 2041
317 2051
317 2062
317 2099
317 2113
317 2114
317 2130
317 2132
317 2133
317 2136
317 2220
317 2233
317 2262
317 2265
317 2371
317 2374
317 2414
317 2459
317 2505
317 2676
317 2677
317 2683
317 2727
317 2753
317 2812
317 2832
317 2868
317 2875
317 2882
317 3003
317 3058
317 3066
317 3082
317 3125
317 3187
317 3200
317 3209
317 3218
317 3242
317 3257
317 3312
317 3318
317 3319
317 3333
317 3337
317 3354
317 3383
317 3387
317 3412
317 3433
317 3470
317 3583
317 3592
317 3628
317 3662
317 3713
317 3714
317 3729
317 3734
317 3736
317 3751
317 3779
317 3795
317 3814
317 3829
317 3838
317 3893
317 3894
317 3902
317 3953
317 4037
317 4080
317 4119
317 4174
317 4190
317 4264
317 4287
317 4288
317 4294
317 4296
317 4321
317 4345
317 4353
317 4362
317 4370
317 4374
317 4376
317 4385
317 4407
317 4459
317 4479
317 4500
317 4507
317 4518
317 4572
317 4575
317 4592
317 4615
317 4639
317 4649
317 4690
317 4717
317 4723
317 4756
317 4764
317 4801
317 4835
317 4872
317 4874
317 4877
317 4896
317 4899
317 4909
317 4976
317 4979
317 4980
318 2016
319 2099
319 3319
320 2233
321 816
321 4615
322 4639
323 4690
324 2099
325 2136
325 4518
326 3242
326 4190
327 3893
328 4639
329 2753
330 4518
331 3628
332 4615
333 4190
334 3209
335 4615
336 3902
337 3893
338 1600
338 2265
339 3354
340 3242
341 4801
342 2265
343 3893
344 4518
345 816
346 3902
347 3242
348 2136
349 2753
350 4979
351 468
352 1115
352 3354
353 4119
354 4119
355 3242
356 3354
357 4639
358 4190
358 4518
359 4575
360 3628
361 2099
362 955
363 4575
363 4615
364 4507
365 2265
367 1247
368 4877
369 2012
370 4190
371 4376
371 4518
372 3242
372 4979
373 816
374 4615
375 3893
375 4507
376 4119
376 4518
377 4376
378 468
378 4575
379 4376
380 2016
381 1423
381 4518
382 2012
384 1600
385 468
385 3319
386 1459
387 1247
387 2012
388 816
388 2136
390 816
391 2099
391 2233
392 4877
393 4801
394 2753
395 4119
396 2753
397 1459
397 2753
398 468
399 3354
400 3628
400 4575
401 1423
401 3209
402 1247
403 3209
404 4801
405 955
405 1423
406 816
407 3242
408 468
408 3319
409 955
410 4190
411 1950
413 3893
413 4690
414 3319
415 1423
416 3902
417 2012
418 1423
418 1459
419 4877
422 955
423 4877
424 816
424 1247
425 816
426 3209
427 3902
427 4877
428 955
428 4575
429 3319
430 955
431 2233
432 1247
434 1423
435 3319
436 2099
437 1459
438 2012
439 2016
439 2265
440 661
440 3628
442 4690
443 2099
444 4507
444 4979
445 4507
445 4575
447 4639
448 4877
449 4979
450 3319
451 2136
453 2136
454 468
455 3209
456 4877
457 4575
458 2012
458 4690
459 1423
460 1247
460 3902
461 4376
462 4518
463 955
464 1115
465 3319
465 4119
467 3354
468 497
468 557
468 583
468 586
468 606
468 607
468 624
468 653
468 661
468 682
468 754
468 765
468 775
468 778
468 787
468 808
468 816
468 851
468 898
468 917
468 921
468 937
468 955
468 975
468 1044
468 1045
468 1070
468 1097
468 1111
468 1114
468 1115
468 1184
468 1195
468 1210
468 1242
468 1247
468 1252
468 1277
468 1291
468 1329
468 1349
468 1351
468 1356
468 1407
468 1419
468 1423
468 1432
468 1439
468 1459
468 1461
468 1465
468 1488
468 1517
468 1588
468 1590
468 1600
468 1626
468 1787
468 1791
468 1841
468 1857
468 1950
468 1972
468 1982
468 1996
468 2012
468 2014
468 2015
468 2016
468 2047
468 2052
468 2089
468 2090
468 2099
468 2120
468 2135
468 2136
468 2152
468 2194
468 2233
468 2265
468 2270
468 2297
468 2319
468 2382
468 2387
468 2490
468 2492
468 2535
468 2578
468 2598
468 2603
468 2613
468 2628
468 2638
468 2699
468 2753
468 2791
468 2861
468 2873
468 2905
468 2921
468 2934
468 2963
468 2985
468 2993
468 3006
468 3007
468 3027
468 3035
468 3079
468 3099
468 3111
468 3137
468 3146
468 3171
468 3209
468 3224
468 3242
468 3262
468 3307
468 3319
468 3354
468 3370
468 3402
468 3416
468 3436
468 3442
468 3445
468 3455
468 3501
468 3505
468 3535
468 3548
468 3560
468 3586
468 3628
468 3638
468 3691
468 3746
468 3760
468 3834
468 3877
468 3893
468 3902
468 3903
468 3907
468 3930
468 3960
468 3991
468 3999
468 4062
468 4078
468 4115
468 4119
468 4134
468 4190
468 4206
468 4318
468 4363
468 4376
468 4396
468 4428
468 4456
468 4507
468 4518
468 4570
468 4575
468 4576
468 4582
468 4615
468 4639
468 4682
468 4690
468 4693
468 4782
468 4786
468 4801
468 4820
468 4843
468 4877
468 4904
468 4918
468 4979
468 4989
469 2265
469 3893
470 3893
470 4507
471 4639
472 3902
473 1459
474 4119
474 4376
475 3893
475 4615
476 2012
476 3354
477 4801
478 2016
478 3319
480 816
481 4575
482 2016
483 661
484 4801
485 4518
486 4119
486 4639
487 1423
488 3209
488 3628
489 1423
489 3242
490 4190
490 4518
491 1950
491 3209
492 4575
493 4575
494 955
495 4518
496 816
499 1115
500 4979
501 1950
502 1459
502 1600
503 1950
504 4575
505 2233
506 816
506 1115
507 4575
508 955
508 2753
509 3628
509 4575
511 2136
512 2136
513 3893
514 1423
515 1459
515 4979
516 4518
517 816
517 4119
518 816
518 4376
519 3354
520 4877
522 955
523 2753
524 661
524 3319
525 3209
525 4190
526 1600
527 4376
528 2016
528 2136
529 4507
529 4518
530 3902
531 1600
531 2136
532 2136
532 2233
533 3628
534 1950
535 4575
536 1600
536 2099
537 2233
537 3893
538 4615
539 2265
539 4507
540 1459
540 2265
541 661
542 2016
543 4690
544 1600
544 2233
545 4507
546 2016
547 1600
548 1115
549 1247
550 661
550 2265
551 816
551 2099
552 955
553 2099
553 4376
554 2016
554 2265
555 816
556 816
556 2099
557 4615
559 3319
559 4615
560 1423
561 4518
562 816
563 4575
564 955
565 4877
566 3354
566 4615
567 2136
567 2753
568 2136
568 3354
569 955
569 4376
570 4639
571 1950
571 3319
572 1247
573 2012
574 3902
574 4801
575 4376
576 661
577 1115
578 1423
578 3319
579 4690
580 2016
580 3354
581 3628
582 4518
584 1423
584 2753
585 2753
587 2233
588 2016
589 816
590 4376
591 2265
591 4639
592 1459
593 3319
594 816
594 1459
595 4507
595 4639
596 4119
597 1247
597 2099
598 1115
598 4690
599 2265
599 4639
600 3893
601 661
601 2233
603 2753
604 1459
608 4639
609 816
609 2753
610 1950
610 4615
611 661
611 1600
612 2016
614 2099
615 4119
616 955
617 661
617 1459
618 3209
618 4575
619 1423
620 816
621 4615
622 661
622 4190
623 2753
625 1600
626 2012
627 3319
627 4877
628 4801
629 1600
629 2233
630 1247
631 816
632 4877
633 816
634 1115
634 3902
635 3893
636 1600
637 4376
638 1423
638 4615
639 4518
640 4615
641 1115
642 1115
643 661
644 4190
645 3242
647 4575
647 4690
648 4119
649 4877
650 661
651 3354
652 3242
652 3893
654 2012
654 4801
655 2753
655 3628
656 2012
658 2265
658 4801
659 4639
660 2753
660 4801
661 669
661 678
661 689
661 696
661 740
661 756
661 811
661 816
661 822
661 843
661 877
661 901
661 902
661 955
661 961
661 986
661 989
661 1094
661 1115
661 1136
661 1154
661 1161
661 1177
661 1203
661 1247
661 1289
661 1304
661 1345
661 1406
661 1423
661 1459
661 1486
661 1567
661 1586
661 1600
661 1601
661 1645
661 1672
661 1703
661 1721
661 1748
661 1779
661 1806
661 1809
661 1868
661 1880
661 1922
661 1939
661 1950
661 1983
661 1988
661 1989
661 2012
661 2016
661 2038
661 2063
661 2085
661 2099
661 2136
661 2153
661 2156
661 2191
661 2210
661 2215
661 2233
661 2250
661 2265
661 2300
661 2330
661 2332
661 2504
661 2511
661 2554
661 2576
661 2703
661 2743
661 2744
661 2753
661 2763
661 2774
661 2783
661 2829
661 2862
661 2863
661 2884
661 2885
661 2893
661 2904
661 2907
661 2909
661 2910
661 2971
661 2982
661 3001
661 3088
661 3118
661 3134
661 3176
661 3209
661 3234
661 3242
661 3247
661 3319
661 3343
661 3352
661 3354
661 3360
661 3373
661 3413
661 3418
661 3464
661 3466
661 3506
661 3512
661 3533
661 3587
661 3628
661 3657
661 3732
661 3735
661 3737
661 3820
661 3824
661 3833
661 3841
661 3846
661 3893
661 3902
661 3928
661 3971
661 3976
661 3993
661 4097
661 4119
661 4126
661 4129
661 4147
661 4172
661 4188
661 4190
661 4195
661 4236
661 4282
661 4313
661 4335
661 4376
661 4401
661 4403
661 4449
661 4472
661 4483
661 4507
661 4515
661 4518
661 4575
661 4615
661 4624
661 4639
661 4640
661 4647
661 4656
661 4690
661 4698
661 4723
661 4759
661 4797
661 4801
661 4812
661 4877
661 4903
661 4934
661 4945
661 4979
663 1423
663 4190
665 4518
666 2233
667 4507
667 4639
668 4507
669 3628
670 1950
671 4639
672 2012
673 4877
674 4801
675 1459
675 3628
676 4119
677 2136
677 4801
679 2012
679 3209
680 816
681 3628
683 4518
684 2753
685 2012
685 4615
687 816
687 4518
689 4801
690 4575
691 2099
692 955
693 3628
694 2233
694 4119
695 2012
696 2233
697 1247
698 4518
699 2753
700 1459
701 4575
701 4690
702 2753
703 4979
704 1459
705 1600
706 2016
706 4376
707 3319
708 3893
709 3209
710 1423
710 4518
711 955
712 4575
713 2099
714 2233
714 4615
715 4376
716 3209
716 3354
717 4119
718 2099
718 4639
719 3354
720 2016
721 1950
721 4119
722 3902
723 1115
724 1459
726 1247
726 3902
727 3319
728 3902
729 1115
730 1423
731 1423
731 4615
732 2012
733 4376
734 1115
735 4690
736 3628
736 4507
737 4639
738 3209
739 4639
741 4119
743 4979
744 4518
745 1459
745 3209
746 3628
746 4979
747 4979
749 1247
750 1459
751 3354
752 4877
753 4190
753 4690
754 3209
755 955
755 2012
758 1600
758 4979
759 2753
762 4376
763 955
764 1600
765 4801
766 3893
767 3628
768 4801
769 1247
769 4639
770 3209
771 2265
772 3209
772 3242
773 3242
774 3242
775 4801
776 1247
777 1247
779 1600
779 2136
780 1247
781 1459
781 4507
782 1423
783 4801
784 4801
785 3902
786 816
786 1950
787 4376
788 1247
789 4507
790 3242
791 3319
791 3893
793 3319
794 2753
795 2099
795 3242
796 1459
796 4877
797 2016
798 1115
799 3628
800 2233
801 4801
803 1950
803 2099
804 955
804 2012
805 1115
806 2233
807 3209
809 2012
810 4376
811 2099
812 1115
813 816
814 3354
815 4507
816 820
816 870
816 871
816 930
816 935
816 955
816 980
816 1047
816 1115
816 1117
816 1118
816 1155
816 1171
816 1201
816 1247
816 1258
816 1290
816 1346
816 1423
816 1445
816 1459
816 1511
816 1513
816 1531
816 1533
816 1562
816 1564
816 1586
816 1600
816 1635
816 1637
816 1639
816 1645
816 1667
816 1673
816 1733
816 1747
816 1750
816 1775
816 1790
816 1835
816 1857
816 1864
816 1895
816 1940
816 1950
816 1975
816 2010
816 2012
816 2016
816 2099
816 2119
816 2136
816 2142
816 2178
816 2213
816 2219
816 2233
816 2236
816 2265
816 2275
816 2279
816 2291
816 2325
816 2338
816 2365
816 2367
816 2423
816 2449
816 2460
816 2479
816 2523
816 2527
816 2531
816 2540
816 2580
816 2601
816 2623
816 2637
816 2714
816 2718
816 2731
816 2753
816 2763
816 2785
816 2807
816 2848
816 2857
816 2901
816 2929
816 2946
816 2996
816 3014
816 3034
816 3055
816 3106
816 3160
816 3209
816 3226
816 3237
816 3242
816 3301
816 3317
816 3319
816 3328
816 3354
816 3355
816 3371
816 3396
816 3401
816 3449
816 3509
816 3540
816 3577
816 3614
816 3628
816 3655
816 3667
816 3728
816 3754
816 3770
816 3806
816 3811
816 3831
816 3843
816 3850
816 3852
816 3891
816 3893
816 3898
816 3902
816 3922
816 3931
816 3936
816 3939
816 3944
816 3993
816 4007
816 4034
816 4036
816 4046
816 4058
816 4082
816 4119
816 4139
816 4190
816 4230
816 4235
816 4240
816 4285
816 4306
816 4325
816 4357
816 4375
816 4376
816 4437
816 4439
816 4445
816 4455
816 4463
816 4464
816 4507
816 4510
816 4518
816 4526
816 4538
816 4541
816 4564
816 4568
816 4575
816 4596
816 4615
816 4639
816 4690
816 4697
816 4748
816 4771
816 4801
816 4810
816 4844
816 4854
816 4856
816 4869
816 4877
816 4979
817 1950
818 2012
818 3893
819 1459
819 4801
820 2753
823 4518
823 4801
824 4507
825 4877
826 1950
827 1423
828 3209
829 1115
829 2233
830 3209
831 4690
832 1247
833 4190
835 1423
835 1600
836 3209
837 2012
838 4801
839 4518
840 4507
841 2012
842 3319
844 2012
844 2099
845 955
846 4639
847 3242
848 2016
849 3628
850 2136
852 2753
853 3242
854 3319
854 3902
855 4190
855 4507
857 955
858 1600
858 3354
859 2136
860 3242
861 1459
862 2136
862 3319
863 1459
864 3209
864 4575
865 4518
866 3628
868 4639
869 2753
869 4979
872 2012
873 955
874 3354
875 4507
876 2753
876 4575
878 4615
879 2099
880 4518
881 4507
882 2099
883 1950
883 4615
884 3319
886 4877
887 1950
887 4690
888 4376
889 1115
890 1950
890 3893
891 1423
892 2265
893 4639
894 1459
894 4507
895 2753
895 3893
896 2265
897 2016
897 4507
898 3242
899 2016
900 2016
902 2265
903 4979
904 4507
905 4690
906 1459
907 2753
908 3893
909 3242
909 4507
910 2136
911 2016
911 4119
912 3319
912 3902
913 3319
913 4639
914 1600
914 2136
916 4190
917 2753
918 1950
918 3902
919 2012
920 4518
921 1247
922 3893
923 4801
924 2099
924 4979
925 3319
926 1459
927 3209
928 1459
929 3628
930 4690
931 955
932 3354
933 1950
934 1459
936 2753
936 4615
938 1600
938 4376
939 1247
940 1459
941 1247
941 3319
942 4119
943 3209
943 3319
945 4639
946 4575
948 1247
948 3893
949 4639
950 1423
950 2753
951 2136
955 1054
955 1064
955 1084
955 1089
955 1115
955 1125
955 1192
955 1207
955 1227
955 1233
955 1247
955 1302
955 1306
955 1324
955 1352
955 1353
955 1359
955 1363
955 1423
955 1459
955 1525
955 1557
955 1600
955 1638
955 1663
955 1684
955 1690
955 1711
955 1724
955 1752
955 1781
955 1802
955 1826
955 1827
955 1894
955 1939
955 1943
955 1950
955 1969
955 1994
955 1995
955 2003
955 2005
955 2012
955 2016
955 2032
955 2041
955 2065
955 2076
955 2099
955 2126
955 2135
955 2136
955 2216
955 2233
955 2265
955 2287
955 2362
955 2396
955 2398
955 2426
955 2467
955 2522
955 2537
955 2542
955 2557
955 2559
955 2575
955 2668
955 2691
955 2730
955 2751
955 2753
955 2755
955 2757
955 2779
955 2811
955 2840
955 2880
955 2928
955 2942
955 2953
955 2999
955 3023
955 3036
955 3044
955 3080
955 3082
955 3096
955 3113
955 3126
955 3137
955 3157
955 3159
955 3199
955 3209
955 3226
955 3231
955 3242
955 3278
955 3288
955 3312
955 3313
955 3319
955 3341
955 3349
955 3354
955 3369
955 3414
955 3431
955 3484
955 3535
955 3553
955 3600
955 3622
955 3628
955 3711
955 3715
955 3733
955 3789
955 3801
955 3811
955 3837
955 3858
955 3864
955 3884
955 3889
955 3893
955 3902
955 3906
955 3908
955 3916
955 3970
955 3992
955 4005
955 4009
955 4014
955 4054
955 4102
955 4118
955 4119
955 4132
955 4184
955 4190
955 4229
955 4251
955 4304
955 4317
955 4324
955 4344
955 4376
955 4384
955 4497
955 4506
955 4507
955 4518
955 4524
955 4565
955 4567
955 4575
955 4615
955 4636
955 4639
955 4690
955 4707
955 4728
955 4795
955 4800
955 4801
955 4802
955 4813
955 4849
955 4877
955 4913
955 4920
955 4931
955 4932
955 4979
955 4996
956 2016
956 3628
957 3902
958 2016
959 4575
960 2265
960 3319
961 1423
962 2099
963 3319
964 4575
965 3242
965 4518
966 1115
967 1247
967 4639
968 4575
969 1423
970 2265
971 1247
972 4376
972 4615
973 2136
973 2753
974 3902
976 3319
977 4190
978 4376
979 3628
980 2012
981 3902
981 4639
982 4877
983 1423
984 4801
986 4615
987 4119
989 1423
991 3902
992 3242
993 4575
996 4575
997 1600
998 4376
999 3354
1000 4376
1001 4119
1001 4979
1002 3319
1003 3319
1004 2012
1004 2265
1005 4507
1006 1950
1008 1600
1008 2099
1009 4376
1010 2012
1011 2233
1011 4979
1012 3354
1013 4979
1014 1600
1015 2233
1016 1423
1016 4615
1017 2265
1017 4877
1018 1950
1019 2136
1020 4190
1021 2753
1022 3319
1022 3893
1024 3209
1024 4979
1025 4518
1026 3209
1027 2099
1028 3209
1028 4615
1029 2136
1030 3242
1031 1600
1032 1423
1032 2099
1033 1600
1033 3354
1034 2265
1034 4376
1035 1115
1036 4575
1037 4639
1038 2136
1038 2233
1039 1423
1040 1459
1041 3902
1043 1950
1047 3209
1048 3893
1048 4639
1049 3893
1050 4615
1051 2233
1052 1950
1053 2012
1053 4877
1054 2016
1055 4376
1056 4376
1057 1950
1058 4690
1059 1600
1060 2753
1061 3902
1062 2016
1063 2012
1063 4801
1064 4639
1066 4615
1067 4518
1067 4639
1068 2753
1069 4615
1070 4877
1071 3893
1071 4639
1073 4615
1074 3209
1075 4119
1076 2016
1077 4575
1078 1247
1079 1115
1080 2136
1081 2265
1081 4801
1082 3319
1082 3628
1083 4119
1085 3628
1086 1600
1086 3628
1087 2016
1088 2012
1090 3893
1091 4639
1092 3893
1093 3209
1094 3893
1095 1247
1095 4376
1096 2136
1097 4575
1098 3902
1099 2099
1100 2233
1101 3319
1101 4979
1102 3319
1103 4119
1104 4507
1104 4690
1105 1600
1106 2265
1107 3354
1108 2265
1108 3628
1109 3628
1109 3893
1110 2136
1112 2265
1113 1459
1114 2016
1115 1139
1115 1163
1115 1172
1115 1204
1115 1247
1115 1253
1115 1256
1115 1341
1115 1350
1115 1359
1115 1379
1115 1418
1115 1423
1115 1440
1115 1459
1115 1474
1115 1489
1115 1501
1115 1587
1115 1600
1115 1627
1115 1670
1115 1678
1115 1695
1115 1701
1115 1727
1115 1767
1115 1950
1115 1984
1115 1985
1115 2005
1115 2012
1115 2016
1115 2069
1115 2099
1115 2136
1115 2141
1115 2183
1115 2233
1115 2243
1115 2264
1115 2265
1115 2316
1115 2320
1115 2351
1115 2357
1115 2368
1115 2369
1115 2412
1115 2438
1115 2538
1115 2539
1115 2588
1115 2612
1115 2633
1115 2648
1115 2653
1115 2654
1115 2656
1115 2726
1115 2737
1115 2749
1115 2753
1115 2766
1115 2793
1115 2802
1115 2870
1115 2926
1115 2944
1115 2982
1115 3017
1115 3038
1115 3040
1115 3050
1115 3079
1115 3087
1115 3097
1115 3170
1115 3177
1115 3209
1115 3216
1115 3242
1115 3257
1115 3288
1115 3293
1115 3319
1115 3341
1115 3342
1115 3354
1115 3372
1115 3404
1115 3412
1115 3426
1115 3458
1115 3471
1115 3526
1115 3548
1115 3619
1115 3628
1115 3632
1115 3648
1115 3689
1115 3702
1115 3716
1115 3752
1115 3764
1115 3765
1115 3823
1115 3853
1115 3857
1115 3874
1115 3893
1115 3902
1115 3911
1115 3949
1115 3954
1115 4038
1115 4061
1115 4087
1115 4104
1115 4113
1115 4119
1115 4167
1115 4190
1115 4194
1115 4290
1115 4294
1115 4376
1115 4417
1115 4418
1115 4423
1115 4444
1115 4502
1115 4507
1115 4518
1115 4542
1115 4575
1115 4577
1115 4596
1115 4615
1115 4639
1115 4641
1115 4650
1115 4672
1115 4677
1115 4690
1115 4708
1115 4719
1115 4731
1115 4761
1115 4774
1115 4801
1115 4853
1115 4873
1115 4877
1115 4912
1115 4919
1115 4979
1116 3902
1116 4877
1117 3628
1119 4119
1120 2016
1120 4801
1121 1247
1121 2233
1122 2099
1123 1950
1123 4518
1124 2265
1125 4979
1126 3209
1126 3902
1129 3628
1130 4119
1131 2016
1132 3902
1132 4615
1133 2099
1134 3893
1135 3893
1137 3319
1139 4518
1140 1950
1140 4376
1141 2753
1141 4507
1143 4877
1144 4119
1146 2136
1146 3209
1147 3628
1147 4639
1148 1423
1148 2753
1149 1423
1149 1459
1150 1600
1150 2233
1151 1459
1151 2012
1152 1247
1152 3902
1153 4507
1156 2099
1156 4979
1157 3893
1159 4615
1160 4190
1161 4801
1162 2099
1162 3319
1164 3893
1164 4119
1165 2016
1166 3242
1166 4639
1167 3319
1168 2233
1169 3628
1170 1459
1170 4507
1172 3242
1173 4376
1174 2136
1176 2012
1178 4690
1178 4979
1179 1423
1179 4979
1180 3893
1181 3209
1182 3902
1183 4518
1185 1423
1186 3354
1187 3242
1188 3902
1190 4690
1191 2265
1192 1459
1193 3902
1194 3628
1195 1459
1196 1459
1197 4801
1198 2016
1198 4615
1200 3209
1200 4507
1202 1950
1202 4518
1203 2265
1204 4518
1205 1247
1206 2012
1208 2099
1209 2753
1209 3628
1211 3209
1212 4119
1212 4690
1213 4615
1214 2753
1215 1423
1216 2265
1217 1950
1217 4877
1218 4690
1219 1459
1220 4376
1221 1950
1222 3242
1223 4575
1224 2099
1224 4119
1225 4801
1226 4190
1228 4690
1229 4979
1230 1950
1231 4877
1232 2136
1234 1459
1234 4190
1235 4877
1236 3209
1237 4376
1238 2099
1239 3319
1239 4575
1240 4615
1240 4639
1241 3319
1244 4639
1245 1247
1245 4615
1246 3902
1247 1360
1247 1401
1247 1423
1247 1435
1247 1455
1247 1459
1247 1475
1247 1565
1247 1571
1247 1593
1247 1594
1247 1595
1247 1600
1247 1605
1247 1667
1247 1683
1247 1704
1247 1714
1247 1738
1247 1749
1247 1770
1247 1774
1247 1840
1247 1909
1247 1912
1247 1949
1247 1950
1247 1964
1247 1975
1247 1990
1247 2012
1247 2016
1247 2030
1247 2031
1247 2054
1247 2082
1247 2099
1247 2107
1247 2136
1247 2138
1247 2146
1247 2163
1247 2173
1247 2189
1247 2193
1247 2219
1247 2231
1247 2233
1247 2257
1247 2265
1247 2269
1247 2277
1247 2282
1247 2289
1247 2296
1247 2323
1247 2337
1247 2376
1247 2401
1247 2407
1247 2551
1247 2595
1247 2610
1247 2621
1247 2642
1247 2645
1247 2694
1247 2723
1247 2745
1247 2750
1247 2753
1247 2849
1247 2896
1247 2930
1247 3018
1247 3019
1247 3053
1247 3069
1247 3092
1247 3122
1247 3124
1247 3133
1247 3209
1247 3210
1247 3212
1247 3214
1247 3215
1247 3242
1247 3270
1247 3300
1247 3319
1247 3331
1247 3345
1247 3354
1247 3381
1247 3388
1247 3503
1247 3517
1247 3563
1247 3625
1247 3628
1247 3642
1247 3682
1247 3684
1247 3693
1247 3706
1247 3720
1247 3774
1247 3796
1247 3882
1247 3893
1247 3902
1247 3910
1247 3962
1247 3982
1247 4005
1247 4027
1247 4092
1247 4093
1247 4118
1247 4119
1247 4128
1247 4145
1247 4188
1247 4190
1247 4200
1247 4210
1247 4218
1247 4223
1247 4230
1247 4244
1247 4279
1247 4301
1247 4342
1247 4352
1247 4358
1247 4367
1247 4376
1247 4394
1247 4415
1247 4450
1247 4489
1247 4499
1247 4504
1247 4507
1247 4518
1247 4530
1247 4537
1247 4571
1247 4575
1247 4594
1247 4612
1247 4613
1247 4615
1247 4631
1247 4639
1247 4640
1247 4659
1247 4690
1247 4721
1247 4741
1247 4761
1247 4770
1247 4801
1247 4809
1247 4820
1247 4851
1247 4877
1247 4943
1247 4951
1247 4952
1247 4979
1247 4980
1248 3242
1248 4877
1249 2753
1250 1459
1251 4518
1251 4801
1252 2265
1254 3893
1254 4376
1255 2233
1256 4690
1258 3902
1260 4639
1260 4877
1261 4376
1261 4507
1262 4507
1263 4518
1264 2136
1265 2016
1266 2136
1266 4639
1267 2265
1268 2099
1269 1600
1270 4690
1271 4376
1271 4575
1272 1950
1272 2136
1273 4376
1274 2012
1275 1950
1276 3628
1277 2099
1278 4518
1278 4979
1279 2012
1280 2012
1280 2099
1281 1600
1281 3319
1282 4376
1282 4615
1284 3628
1285 4518
1286 1423
1288 4979
1289 1459
1292 2233
1293 4507
1293 4575
1294 3902
1295 4801
1296 4639
1296 4877
1297 3893
1299 1950
1299 4639
1300 3209
1301 2265
1301 3209
1302 2753
1303 4119
1305 4575
1306 4690
1307 4615
1308 3242
1309 2233
1309 4119
1310 2753
1311 4877
1312 3354
1313 3209
1313 3902
1314 4979
1315 2753
1315 4575
1316 4507
1316 4979
1319 3242
1319 3902
1320 1423
1322 3319
1323 1459
1324 3209
1325 4575
1326 4190
1327 3628
1328 1950
1329 1600
1330 3902
1330 4979
1331 4507
1332 4801
1333 4877
1334 4376
1335 3242
1336 2265
1336 4376
1337 3893
1338 3209
1339 1459
1340 4119
1341 3319
1342 1459
1343 1600
1344 4690
1345 2233
1346 4690
1347 2016
1347 2753
1348 1459
1349 4376
1350 4690
1352 1950
1353 4119
1354 1600
1357 4507
1358 3902
1361 2099
1361 4119
1362 2012
1364 3319
1366 1423
1368 2136
1369 2233
1370 2016
1371 1423
1371 1459
1372 3628
1373 3319
1375 1423
1376 3354
1377 4518
1378 2012
1378 4119
1380 3242
1381 4376
1382 3893
1383 4877
1384 3319
1385 2233
1386 2099
1386 4615
1387 4518
1388 2016
1389 4575
1390 3902
1391 2136
1392 2233
1393 2099
1394 4639
1395 1423
1395 4979
1397 1950
1398 4507
1398 4615
1399 2012
1400 1459
1400 2265
1401 4190
1402 3242
1403 1459
1404 2233
1404 3893
1405 2016
1407 3319
1408 4518
1409 1600
1410 4575
1411 4507
1412 4639
1413 2233
1413 4507
1414 3242
1415 3209
1416 2233
1417 4801
1418 4575
1420 4690
1421 3319
1422 4979
1423 1428
1423 1447
1423 1453
1423 1459
1423 1462
1423 1483
1423 1507
1423 1513
1423 1569
1423 1600
1423 1608
1423 1624
1423 1646
1423 1669
1423 1687
1423 1760
1423 1829
1423 1838
1423 1885
1423 1898
1423 1950
1423 1992
1423 2007
1423 2012
1423 2016
1423 2030
1423 2053
1423 2099
1423 2136
1423 2145
1423 2166
1423 2179
1423 2181
1423 2206
1423 2212
1423 2233
1423 2248
1423 2265
1423 2278
1423 2292
1423 2301
1423 2444
1423 2453
1423 2515
1423 2518
1423 2567
1423 2572
1423 2575
1423 2581
1423 2582
1423 2590
1423 2625
1423 2689
1423 2701
1423 2753
1423 2811
1423 2819
1423 2845
1423 2924
1423 2933
1423 2946
1423 2950
1423 3006
1423 3012
1423 3135
1423 3156
1423 3197
1423 3209
1423 3242
1423 3319
1423 3354
1423 3416
1423 3435
1423 3437
1423 3451
1423 3456
1423 3478
1423 3499
1423 3510
1423 3528
1423 3529
1423 3549
1423 3609
1423 3612
1423 3618
1423 3628
1423 3664
1423 3725
1423 3738
1423 3749
1423 3761
1423 3784
1423 3798
1423 3827
1423 3836
1423 3844
1423 3852
1423 3873
1423 3874
1423 3893
1423 3902
1423 3935
1423 3951
1423 3969
1423 3978
1423 3984
1423 4020
1423 4023
1423 4026
1423 4042
1423 4119
1423 4135
1423 4143
1423 4157
1423 4163
1423 4190
1423 4212
1423 4222
1423 4265
1423 4269
1423 4308
1423 4334
1423 4376
1423 4417
1423 4468
1423 4469
1423 4470
1423 4487
1423 4507
1423 4518
1423 4559
1423 4575
1423 4580
1423 4603
1423 4615
1423 4620
1423 4639
1423 4666
1423 4688
1423 4690
1423 4695
1423 4765
1423 4783
1423 4791
1423 4801
1423 4821
1423 4847
1423 4877
1423 4891
1423 4940
1423 4979
1423 4985
1424 2753
1425 4639
1426 1459
1426 3354
1427 2099
1428 4877
1429 2753
1430 3242
1431 3893
1431 4979
1434 1459
1436 2265
1438 4615
1438 4979
1440 4518
1441 4376
1442 4119
1443 3628
1443 3902
1444 3209
1446 2233
1446 3628
1447 3628
1448 4376
1449 3319
1449 3902
1450 2753
1451 2233
1451 3242
1452 4979
1453 3319
1454 2016
1456 1600
1457 3319
1459 1501
1459 1524
1459 1600
1459 1654
1459 1762
1459 1788
1459 1792
1459 1803
1459 1825
1459 1835
1459 1878
1459 1884
1459 1887
1459 1891
1459 1911
1459 1950
1459 1979
1459 2012
1459 2016
1459 2050
1459 2067
1459 2077
1459 2099
1459 2103
1459 2127
1459 2128
1459 2136
1459 2144
1459 2175
1459 2188
1459 2191
1459 2224
1459 2227
1459 2233
1459 2265
1459 2277
1459 2327
1459 2332
1459 2342
1459 2353
1459 2383
1459 2440
1459 2443
1459 2487
1459 2527
1459 2555
1459 2582
1459 2587
1459 2649
1459 2650
1459 2719
1459 2720
1459 2753
1459 2761
1459 2802
1459 2950
1459 2959
1459 2998
1459 3001
1459 3010
1459 3029
1459 3030
1459 3132
1459 3140
1459 3143
1459 3177
1459 3209
1459 3211
1459 3242
1459 3243
1459 3283
1459 3309
1459 3319
1459 3344
1459 3354
1459 3390
1459 3427
1459 3504
1459 3520
1459 3607
1459 3628
1459 3683
1459 3700
1459 3703
1459 3730
1459 3732
1459 3739
1459 3750
1459 3785
1459 3797
1459 3845
1459 3893
1459 3902
1459 3945
1459 3959
1459 4019
1459 4033
1459 4054
1459 4084
1459 4097
1459 4119
1459 4151
1459 4190
1459 4196
1459 4214
1459 4231
1459 4235
1459 4241
1459 4247
1459 4264
1459 4270
1459 4290
1459 4297
1459 4376
1459 4390
1459 4397
1459 4408
1459 4507
1459 4518
1459 4536
1459 4575
1459 4576
1459 4579
1459 4614
1459 4615
1459 4639
1459 4642
1459 4665
1459 4689
1459 4690
1459 4732
1459 4788
1459 4801
1459 4817
1459 4877
1459 4970
1459 4979
1460 4690
1461 3242
1462 4979
1463 3354
1463 3628
1464 2265
1466 3902
1466 4690
1467 3893
1468 4575
1469 2753
1469 4979
1470 3242
1471 2265
1472 4639
1473 3209
1474 4690
1476 3902
1478 3902
1480 4639
1481 3893
1481 4376
1484 1600
1484 4575
1485 2099
1487 4518
1488 4690
1489 4801
1490 3628
1491 1600
1492 2753
1493 4376
1494 4190
1495 1600
1496 4190
1497 4190
1498 3902
1499 3354
1500 1600
1502 2016
1502 2233
1503 4376
1504 2753
1504 4119
1505 2753
1505 3242
1506 4575
1507 4690
1508 2233
1509 2136
1509 3628
1510 2016
1512 4801
1514 1600
1514 4639
1515 3319
1516 4376
1518 2265
1518 4575
1519 3354
1520 3209
1521 1600
1522 4639
1523 4507
1526 4518
1526 4877
1527 4877
1528 3354
1529 3628
1530 2233
1532 4190
1534 3242
1535 2136
1536 3319
1537 4119
1538 3209
1539 4190
1540 2265
1542 4639
1543 2753
1545 3319
1546 4575
1547 1600
1548 1950
1549 4119
1550 2099
1550 2265
1551 1950
1552 4190
1553 4575
1554 4518
1555 3319
1555 4518
1556 4615
1557 4615
1558 1600
1559 3354
1560 3628
1561 3319
1561 3893
1563 3319
1566 4190
1567 2099
1568 1600
1569 3354
1571 3902
1572 4979
1573 4639
1574 3242
1574 3319
1575 2012
1576 1950
1576 2753
1577 2136
1578 4507
1579 4979
1580 2136
1581 2099
1582 3319
1582 4376
1583 3893
1584 4518
1585 3242
1589 4119
1592 4877
1594 4190
1596 3354
1597 3319
1597 4518
1598 4575
1599 3319
1600 1605
1600 1606
1600 1620
1600 1662
1600 1725
1600 1748
1600 1756
1600 1784
1600 1816
1600 1865
1600 1876
1600 1925
1600 1950
1600 1977
1600 2009
1600 2012
1600 2016
1600 2017
1600 2028
1600 2056
1600 2071
1600 2099
1600 2126
1600 2136
1600 2155
1600 2229
1600 2233
1600 2237
1600 2265
1600 2272
1600 2274
1600 2295
1600 2305
1600 2384
1600 2413
1600 2437
1600 2448
1600 2485
1600 2493
1600 2508
1600 2530
1600 2532
1600 2675
1600 2686
1600 2753
1600 2799
1600 2838
1600 2843
1600 2877
1600 2890
1600 2892
1600 2932
1600 2954
1600 3045
1600 3052
1600 3074
1600 3078
1600 3127
1600 3128
1600 3148
1600 3149
1600 3191
1600 3204
1600 3209
1600 3228
1600 3242
1600 3252
1600 3269
1600 3281
1600 3319
1600 3334
1600 3354
1600 3365
1600 3378
1600 3389
1600 3417
1600 3419
1600 3469
1600 3476
1600 3482
1600 3497
1600 3515
1600 3531
1600 3551
1600 3601
1600 3627
1600 3628
1600 3645
1600 3731
1600 3772
1600 3773
1600 3776
1600 3778
1600 3783
1600 3880
1600 3893
1600 3902
1600 3904
1600 3916
1600 3989
1600 4034
1600 4051
1600 4076
1600 4091
1600 4094
1600 4119
1600 4146
1600 4172
1600 4186
1600 4190
1600 4217
1600 4256
1600 4265
1600 4281
1600 4371
1600 4376
1600 4378
1600 4380
1600 4399
1600 4420
1600 4424
1600 4432
1600 4445
1600 4479
1600 4492
1600 4507
1600 4518
1600 4520
1600 4536
1600 4575
1600 4615
1600 4622
1600 4639
1600 4646
1600 4648
1600 4659
1600 4666
1600 4673
1600 4690
1600 4713
1600 4740
1600 4744
1600 4745
1600 4801
1600 4804
1600 4821
1600 4838
1600 4840
1600 4877
1600 4887
1600 4906
1600 4928
1600 4973
1600 4979
1600 4983
1601 4979
1602 2265
1603 3893
1603 4615
1604 4190
1604 4877
1606 2012
1607 2265
1610 2265
1611 2265
1612 4507
1614 4615
1615 4979
1616 2016
1617 1950
1617 3902
1618 2233
1619 2136
1622 2012
1622 4575
1623 2016
1624 4376
1625 4119
1628 3893
1629 4507
1630 4877
1631 4507
1632 3628
1634 2099
1635 2012
1636 2265
1640 3354
1640 4690
1641 3319
1641 4575
1642 2136
1644 2012
1647 1950
1648 2016
1648 3354
1649 4518
1650 2016
1650 4376
1651 4507
1652 2233
1653 3319
1655 2136
1655 3354
1656 4877
1657 4376
1659 4615
1660 4190
1660 4801
1661 3209
1664 4575
1664 4801
1665 1950
1668 2012
1669 3354
1670 4119
1671 3242
1672 3354
1674 4376
1675 4575
1676 2016
1676 4639
1679 4639
1680 2233
1681 4801
1682 3319
1682 4190
1683 3319
1684 3902
1685 4518
1686 2016
1686 3893
1687 3893
1688 3242
1689 4575
1691 3319
1692 3209
1693 4639
1694 3242
1694 3354
1695 4639
1696 4119
1697 1950
1697 4518
1699 4376
1700 2016
1702 4190
1703 4877
1705 3354
1705 4575
1707 4119
1708 3319
1709 1950
1711 4575
1712 4190
1713 4615
1714 3902
1716 4615
1717 3902
1717 4877
1718 2016
1719 2753
1719 3354
1720 4877
1721 4507
1722 3319
1723 2265
1724 4639
1725 2099
1726 2099
1726 4979
1727 4690
1728 3628
1729 3893
1730 3893
1730 4190
1731 2016
1732 2136
1733 2233
1734 4639
1737 4639
1738 2233
1739 4575
1740 4639
1741 4979
1742 3893
1743 2016
1744 3628
1745 4376
1751 2233
1752 4507
1753 4979
1754 4376
1755 3242
1757 3319
1758 4639
1759 2016
1759 3354
1761 3319
1763 2233
1763 4507
1764 4119
1765 3209
1765 4507
1766 4615
1767 2136
1768 2265
1768 4190
1769 4575
1769 4690
1771 4801
1772 2233
1772 3902
1776 4575
1777 2012
1779 3354
1780 4376
1781 2233
1782 2016
1782 3319
1783 4518
1784 2265
1785 4877
1786 2016
1787 1950
1789 3242
1791 4877
1792 2012
1793 2012
1795 2233
1796 4801
1797 2233
1798 2265
1799 4639
1800 3209
1801 2136
1804 2012
1804 4979
1805 3628
1807 1950
1808 2016
1810 4190
1811 3902
1811 4639
1812 3209
1813 4507
1814 2099
1816 3628
1817 1950
1817 4877
1818 4979
1819 2753
1820 4801
1820 4877
1821 3628
1822 4801
1823 1950
1824 4639
1825 2012
1828 2265
1830 2753
1830 4507
1831 2012
1832 2233
1833 4518
1834 3628
1836 4190
1837 2099
1837 2136
1838 2016
1839 2012
1840 4690
1842 2016
1843 4575
1843 4877
1844 3319
1845 4615
1846 4690
1847 2753
1847 4979
1848 4119
1850 3893
1851 2012
1852 4507
1853 4575
1854 4190
1855 2233
1856 4979
1858 2265
1859 2753
1859 3242
1860 2233
1862 1950
1862 3893
1863 3319
1863 4615
1864 4190
1865 3242
1866 4507
1867 2136
1867 3209
1869 2233
1870 1950
1871 2012
1871 4979
1872 4507
1872 4690
1873 3354
1874 3902
1874 4119
1876 4979
1877 4518
1878 4639
1879 4119
1881 2265
1882 2233
1883 2233
1883 4507
1885 4190
1886 2012
1889 3628
1890 2136
1892 3902
1893 4119
1893 4690
1894 4507
1896 1950
1897 2233
1897 4690
1899 2265
1900 3902
1900 4801
1901 4690
1902 3354
1902 3628
1903 4518
1904 2233
1905 4801
1906 4801
1907 4119
1907 4507
1908 2136
1909 4979
1910 2016
1911 2136
1912 4518
1913 3902
1915 2016
1916 2012
1917 4575
1917 4801
1918 2016
1918 3628
1919 4376
1919 4979
1920 4507
1921 3319
1923 3628
1924 2099
1924 4979
1925 4190
1926 4190
1926 4801
1927 2016
1928 4639
1929 2753
1930 4518
1931 2265
1931 2753
1932 2016
1933 4119
1933 4190
1934 4518
1935 2099
1936 2099
1936 4376
1937 2016
1938 2265
1938 3319
1940 4518
1941 3628
1942 4575
1945 4690
1946 4518
1947 3319
1947 4615
1949 4690
1950 2012
1950 2016
1950 2099
1950 2113
1950 2136
1950 2164
1950 2166
1950 2171
1950 2186
1950 2202
1950 2233
1950 2251
1950 2261
1950 2265
1950 2316
1950 2340
1950 2388
1950 2393
1950 2406
1950 2410
1950 2427
1950 2461
1950 2465
1950 2478
1950 2500
1950 2529
1950 2548
1950 2606
1950 2652
1950 2753
1950 2797
1950 2894
1950 2928
1950 3114
1950 3152
1950 3209
1950 3242
1950 3319
1950 3322
1950 3324
1950 3354
1950 3439
1950 3559
1950 3560
1950 3562
1950 3568
1950 3606
1950 3628
1950 3634
1950 3677
1950 3683
1950 3686
1950 3697
1950 3723
1950 3753
1950 3777
1950 3788
1950 3810
1950 3817
1950 3893
1950 3902
1950 3927
1950 3974
1950 4000
1950 4031
1950 4065
1950 4108
1950 4119
1950 4190
1950 4205
1950 4225
1950 4274
1950 4283
1950 4310
1950 4339
1950 4352
1950 4376
1950 4379
1950 4381
1950 4442
1950 4443
1950 4493
1950 4507
1950 4518
1950 4543
1950 4575
1950 4578
1950 4595
1950 4615
1950 4639
1950 4655
1950 4690
1950 4706
1950 4737
1950 4744
1950 4768
1950 4788
1950 4801
1950 4803
1950 4846
1950 4861
1950 4875
1950 4877
1950 4923
1950 4975
1950 4976
1950 4979
1950 4998
1951 2233
1952 4507
1953 4119
1954 3902
1955 2233
1956 2233
1958 2233
1959 4877
1960 4190
1961 3209
1962 2753
1962 4518
1963 4119
1965 2265
1966 3902
1966 4639
1967 4190
1967 4690
1968 3242
1970 4518
1970 4575
1971 4877
1973 2012
1973 3242
1974 3902
1976 4615
1981 4190
1981 4801
1982 3893
1983 2233
1984 4801
1987 4801
1989 3242
1991 4801
1993 2099
1996 2233
1999 4507
2000 3319
2001 2753
2002 3893
2006 3893
2008 4979
2009 4507
2010 4801
2011 4979
2012 2016
2012 2020
2012 2033
2012 2070
2012 2078
2012 2084
2012 2099
2012 2101
2012 2108
2012 2109
2012 2116
2012 2136
2012 2168
2012 2176
2012 2185
2012 2233
2012 2235
2012 2251
2012 2265
2012 2273
2012 2315
2012 2318
2012 2326
2012 2337
2012 2347
2012 2354
2012 2360
2012 2397
2012 2464
2012 2470
2012 2600
2012 2644
2012 2693
2012 2753
2012 2758
2012 2784
2012 2824
2012 2895
2012 2935
2012 2945
2012 2952
2012 2986
2012 2991
2012 3002
2012 3070
2012 3073
2012 3095
2012 3138
2012 3142
2012 3149
2012 3209
2012 3230
2012 3242
2012 3248
2012 3266
2012 3319
2012 3354
2012 3409
2012 3421
2012 3436
2012 3440
2012 3459
2012 3462
2012 3466
2012 3479
2012 3489
2012 3505
2012 3536
2012 3550
2012 3576
2012 3581
2012 3594
2012 3612
2012 3616
2012 3628
2012 3646
2012 3658
2012 3663
2012 3706
2012 3728
2012 3788
2012 3799
2012 3826
2012 3828
2012 3877
2012 3893
2012 3902
2012 3950
2012 3959
2012 3968
2012 4024
2012 4032
2012 4074
2012 4078
2012 4095
2012 4119
2012 4136
2012 4147
2012 4173
2012 4190
2012 4242
2012 4254
2012 4255
2012 4309
2012 4346
2012 4376
2012 4419
2012 4421
2012 4448
2012 4471
2012 4488
2012 4498
2012 4502
2012 4507
2012 4518
2012 4523
2012 4530
2012 4575
2012 4606
2012 4615
2012 4618
2012 4626
2012 4628
2012 4639
2012 4652
2012 4654
2012 4679
2012 4688
2012 4690
2012 4733
2012 4801
2012 4827
2012 4834
2012 4855
2012 4858
2012 4877
2012 4886
2012 4900
2012 4979
2013 3209
2014 3209
2016 2029
2016 2093
2016 2099
2016 2125
2016 2136
2016 2233
2016 2262
2016 2265
2016 2285
2016 2286
2016 2287
2016 2322
2016 2336
2016 2418
2016 2482
2016 2552
2016 2605
2016 2644
2016 2722
2016 2724
2016 2753
2016 2764
2016 2770
2016 2830
2016 2968
2016 3010
2016 3098
2016 3141
2016 3156
2016 3167
2016 3193
2016 3204
2016 3209
2016 3210
2016 3241
2016 3242
2016 3319
2016 3323
2016 3354
2016 3357
2016 3413
2016 3427
2016 3461
2016 3472
2016 3527
2016 3539
2016 3574
2016 3594
2016 3604
2016 3605
2016 3628
2016 3637
2016 3667
2016 3671
2016 3704
2016 3727
2016 3809
2016 3871
2016 3893
2016 3897
2016 3902
2016 4012
2016 4027
2016 4056
2016 4060
2016 4066
2016 4082
2016 4119
2016 4137
2016 4170
2016 4190
2016 4303
2016 4307
2016 4336
2016 4376
2016 4387
2016 4421
2016 4454
2016 4482
2016 4496
2016 4507
2016 4517
2016 4518
2016 4519
2016 4521
2016 4525
2016 4575
2016 4594
2016 4615
2016 4621
2016 4639
2016 4690
2016 4696
2016 4742
2016 4801
2016 4825
2016 4877
2016 4881
2016 4927
2016 4941
2016 4955
2016 4965
2016 4979
2018 4376
2019 4575
2022 2136
2024 3209
2024 3902
2025 2099
2026 3893
2027 4119
2029 4190
2031 2265
2032 4190
2033 4615
2034 2099
2035 4376
2036 4518
2036 4615
2037 2265
2039 4518
2042 2753
2043 4615
2044 3354
2045 3354
2046 3354
2048 4190
2048 4639
2049 2136
2054 4639
2055 4639
2057 2233
2057 4376
2058 2233
2059 4190
2059 4690
2060 4979
2061 2753
2064 4376
2064 4979
2065 4119
2066 2136
2068 2099
2072 3242
2073 3628
2073 4575
2074 4575
2075 4575
2079 3354
2080 4877
2081 3628
2081 4518
2083 4518
2083 4615
2086 4507
2087 4615
2088 4575
2089 2753
2091 3242
2091 3354
2092 4518
2095 3902
2096 2233
2096 4615
2097 3628
2099 2103
2099 2114
2099 2131
2099 2136
2099 2148
2099 2171
2099 2199
2099 2217
2099 2233
2099 2265
2099 2289
2099 2344
2099 2379
2099 2390
2099 2394
2099 2395
2099 2417
2099 2439
2099 2489
2099 2529
2099 2617
2099 2627
2099 2640
2099 2662
2099 2673
2099 2753
2099 2759
2099 2772
2099 2787
2099 2814
2099 2839
2099 2850
2099 2876
2099 2891
2099 2900
2099 2925
2099 2948
2099 2983
2099 3037
2099 3039
2099 3045
2099 3052
2099 3209
2099 3221
2099 3225
2099 3242
2099 3251
2099 3270
2099 3285
2099 3286
2099 3287
2099 3294
2099 3311
2099 3319
2099 3332
2099 3354
2099 3367
2099 3375
2099 3384
2099 3398
2099 3441
2099 3519
2099 3564
2099 3570
2099 3589
2099 3599
2099 3602
2099 3618
2099 3628
2099 3690
2099 3695
2099 3733
2099 3739
2099 3802
2099 3803
2099 3837
2099 3893
2099 3902
2099 3966
2099 4063
2099 4094
2099 4119
2099 4190
2099 4212
2099 4247
2099 4293
2099 4306
2099 4316
2099 4354
2099 4376
2099 4388
2099 4419
2099 4430
2099 4446
2099 4458
2099 4485
2099 4494
2099 4507
2099 4518
2099 4532
2099 4566
2099 4575
2099 4591
2099 4615
2099 4638
2099 4639
2099 4684
2099 4690
2099 4725
2099 4801
2099 4823
2099 4828
2099 4860
2099 4877
2099 4902
2099 4930
2099 4939
2099 4946
2099 4958
2099 4971
2099 4979
2100 4190
2102 4615
2104 4376
2104 4979
2105 2233
2105 3628
2106 3319
2110 3628
2110 4979
2111 2233
2111 4119
2112 3354
2115 3242
2115 3354
2117 2265
2118 2136
2121 4190
2122 4376
2122 4690
2123 3354
2124 4979
2128 4979
2129 4119
2132 2136
2134 2233
2134 4615
2136 2187
2136 2197
2136 2233
2136 2245
2136 2249
2136 2265
2136 2361
2136 2381
2136 2423
2136 2445
2136 2456
2136 2484
2136 2496
2136 2525
2136 2618
2136 2733
2136 2739
2136 2746
2136 2747
2136 2753
2136 2780
2136 2788
2136 2801
2136 2842
2136 2870
2136 2874
2136 2892
2136 2910
2136 2947
2136 3061
2136 3136
2136 3160
2136 3169
2136 3198
2136 3209
2136 3242
2136 3277
2136 3292
2136 3305
2136 3319
2136 3354
2136 3397
2136 3424
2136 3465
2136 3481
2136 3511
2136 3525
2136 3554
2136 3556
2136 3571
2136 3628
2136 3658
2136 3771
2136 3822
2136 3835
2136 3854
2136 3855
2136 3861
2136 3885
2136 3892
2136 3893
2136 3902
2136 3947
2136 3961
2136 4119
2136 4160
2136 4166
2136 4176
2136 4190
2136 4192
2136 4193
2136 4201
2136 4209
2136 4241
2136 4243
2136 4252
2136 4260
2136 4263
2136 4282
2136 4286
2136 4322
2136 4338
2136 4376
2136 4420
2136 4500
2136 4507
2136 4518
2136 4551
2136 4575
2136 4615
2136 4639
2136 4668
2136 4674
2136 4690
2136 4736
2136 4747
2136 4777
2136 4793
2136 4801
2136 4877
2136 4880
2136 4906
2136 4916
2136 4926
2136 4929
2136 4938
2136 4942
2136 4952
2136 4979
2136 4992
2137 3319
2137 3628
2138 2265
2139 2753
2140 4190
2141 4190
2142 2233
2143 4801
2144 3319
2146 4615
2147 3628
2149 3902
2150 4190
2150 4575
2151 3242
2151 4376
2152 4376
2157 2753
2158 4979
2159 4877
2160 2753
2161 4376
2162 2265
2163 2233
2164 4190
2165 3628
2167 3893
2169 3354
2170 4119
2170 4190
2172 4376
2173 4376
2174 3902
2174 4639
2175 2753
2177 3242
2181 2233
2182 4639
2184 3319
2190 4575
2192 2233
2192 3242
2193 4639
2195 3319
2196 4979
2197 2753
2198 3628
2199 2265
2200 3319
2201 4979
2203 4190
2203 4639
2204 4690
2205 2265
2205 3209
2206 4639
2207 2233
2209 3209
2211 4877
2214 4877
2216 4639
2217 3354
2218 4507
2221 4690
2222 4615
2223 3628
2224 3209
2225 4639
2226 4801
2227 3902
2228 3209
2230 4639
2232 2233
2233 2247
2233 2265
2233 2299
2233 2323
2233 2346
2233 2350
2233 2370
2233 2405
2233 2406
2233 2431
2233 2447
2233 2468
2233 2475
2233 2496
2233 2515
2233 2567
2233 2583
2233 2593
2233 2629
2233 2630
2233 2647
2233 2666
2233 2670
2233 2674
2233 2684
2233 2710
2233 2713
2233 2728
2233 2753
2233 2795
2233 2901
2233 3024
2233 3076
2233 3091
2233 3112
2233 3151
2233 3181
2233 3196
2233 3202
2233 3209
2233 3242
2233 3268
2233 3308
2233 3319
2233 3354
2233 3371
2233 3391
2233 3429
2233 3569
2233 3628
2233 3646
2233 3679
2233 3722
2233 3741
2233 3748
2233 3762
2233 3766
2233 3777
2233 3834
2233 3842
2233 3875
2233 3893
2233 3898
2233 3902
2233 3906
2233 3998
2233 4017
2233 4088
2233 4106
2233 4119
2233 4155
2233 4159
2233 4190
2233 4218
2233 4231
2233 4271
2233 4302
2233 4316
2233 4339
2233 4365
2233 4376
2233 4396
2233 4426
2233 4507
2233 4518
2233 4563
2233 4575
2233 4587
2233 4615
2233 4617
2233 4639
2233 4641
2233 4660
2233 4690
2233 4694
2233 4722
2233 4742
2233 4766
2233 4801
2233 4814
2233 4832
2233 4839
2233 4846
2233 4857
2233 4859
2233 4877
2233 4979
2235 3242
2236 4119
2238 3354
2239 4507
2240 2753
2241 3893
2242 3242
2244 3242
2244 4639
2245 4690
2246 2753
2247 4376
2249 4690
2250 4575
2252 2265
2253 4801
2254 3242
2255 4615
2256 3354
2258 3628
2259 3354
2261 3242
2263 3354
2263 3628
2264 3902
2265 2302
2265 2313
2265 2384
2265 2389
2265 2477
2265 2620
2265 2695
2265 2715
2265 2719
2265 2753
2265 2781
2265 2798
2265 2800
2265 2801
2265 2861
2265 2965
2265 3007
2265 3051
2265 3105
2265 3110
2265 3115
2265 3139
2265 3203
2265 3205
2265 3209
2265 3242
2265 3272
2265 3290
2265 3310
2265 3319
2265 3350
2265 3353
2265 3354
2265 3477
2265 3536
2265 3555
2265 3558
2265 3593
2265 3628
2265 3672
2265 3678
2265 3763
2265 3791
2265 3847
2265 3893
2265 3902
2265 3913
2265 3923
2265 3940
2265 3943
2265 3981
2265 4028
2265 4030
2265 4067
2265 4095
2265 4098
2265 4100
2265 4119
2265 4152
2265 4190
2265 4236
2265 4253
2265 4311
2265 4312
2265 4351
2265 4354
2265 4376
2265 4386
2265 4395
2265 4454
2265 4465
2265 4507
2265 4518
2265 4549
2265 4575
2265 4583
2265 4615
2265 4639
2265 4661
2265 4671
2265 4690
2265 4746
2265 4753
2265 4760
2265 4767
2265 4769
2265 4780
2265 4790
2265 4794
2265 4801
2265 4808
2265 4819
2265 4877
2265 4887
2265 4908
2265 4967
2265 4969
2265 4979
2265 4981
2266 3628
2266 4801
2267 3628
2268 3242
2268 3354
2270 3893
2271 3628
2271 4376
2273 4575
2276 4518
2278 4376
2280 4801
2281 4119
2282 4979
2283 4119
2284 4639
2285 3319
2288 2753
2290 4639
2293 3902
2294 3902
2294 4639
2296 3242
2298 2753
2303 3893
2304 4119
2306 3893
2306 4979
2307 4376
2308 3628
2309 3242
2310 4979
2313 4801
2314 4575
2315 3902
2317 3628
2321 4507
2324 4979
2326 3319
2327 4690
2328 4575
2329 3902
2331 4575
2333 4690
2335 3209
2336 3354
2339 3209
2339 4639
2341 3893
2341 4615
2344 4615
2345 3319
2348 4575
2350 3628
2351 4979
2352 3628
2355 3209
2356 4801
2357 4190
2358 4877
2359 3242
2359 3893
2363 4979
2364 4615
2366 4979
2369 3209
2372 3893
2373 3893
2373 4877
2374 2753
2375 4615
2377 3902
2377 4190
2378 4801
2380 2753
2381 3902
2382 4507
2383 3354
2385 4575
2386 4877
2390 4639
2391 4119
2391 4376
2392 4376
2395 4877
2398 4575
2399 4376
2399 4690
2400 3319
2402 3354
2402 4639
2403 4801
2404 4376
2405 3242
2408 3242
2409 3893
2410 3902
2413 4979
2415 4518
2416 3628
2417 3242
2419 3242
2419 4979
2420 4690
2421 3242
2422 3893
2424 4190
2424 4615
2425 4575
2428 4190
2429 4801
2430 3893
2432 4801
2433 2753
2434 4690
2435 4518
2436 4615
2437 3209
2441 4190
2442 4376
2442 4518
2443 4518
2444 4376
2445 3319
2446 4119
2447 4507
2449 4518
2450 4615
2451 4507
2452 3893
2454 4119
2455 3893
2457 4507
2458 4376
2459 4615
2461 2753
2462 3319
2463 4690
2466 4190
2467 4690
2469 3242
2470 4190
2471 2753
2472 3354
2473 3628
2474 3319
2476 3628
2477 3209
2479 4575
2480 3902
2481 3354
2483 4507
2483 4518
2485 4801
2486 4119
2488 4639
2490 4877
2491 3319
2491 4690
2492 4119
2493 4639
2494 2753
2495 4690
2497 3893
2498 4119
2499 3902
2501 3354
2502 3209
2502 4979
2503 4376
2504 3209
2507 4575
2509 3242
2510 4190
2511 3893
2512 3902
2512 4575
2513 2753
2514 4507
2514 4690
2516 4690
2516 4801
2517 3893
2518 4119
2519 4979
2520 4518
2521 2753
2526 4877
2528 3242
2528 4507
2533 2753
2536 4575
2541 2753
2543 3902
2543 4190
2544 4376
2545 2753
2545 4639
2546 2753
2546 4119
2547 4119
2548 4575
2550 3902
2551 4615
2553 3209
2556 2753
2558 4518
2560 3242
2560 4877
2561 3319
2562 2753
2563 4575
2564 4518
2565 2753
2566 4877
2568 4690
2569 3902
2569 4119
2570 4877
2571 4639
2573 4119
2574 3628
2574 4979
2576 4190
2577 4119
2579 3354
2579 4690
2580 4801
2584 3242
2584 4801
2586 4877
2587 4690
2589 4690
2591 3628
2592 4507
2594 2753
2594 3319
2595 3209
2596 3242
2597 4518
2599 4376
2602 3242
2603 4119
2606 4119
2607 4801
2609 4190
2610 4690
2611 3209
2612 4190
2613 4639
2614 3242
2615 3209
2616 3628
2618 4518
2619 4376
2620 3319
2622 3209
2623 3893
2624 2753
2630 3902
2631 4690
2632 2753
2632 3628
2635 4801
2636 3628
2639 4376
2641 4518
2643 3354
2643 4801
2646 3319
2649 4190
2650 3209
2655 4639
2657 3628
2657 4690
2658 4575
2659 4119
2660 4518
2661 2753
2661 4639
2663 2753
2664 4690
2665 4518
2666 4575
2667 4575
2669 3354
2669 4639
2670 3354
2671 3628
2672 4190
2673 3319
2678 4575
2679 3209
2681 4979
2682 3242
2682 3354
2685 3354
2686 3354
2687 4575
2688 4376
2690 3902
2692 4190
2694 3242
2695 4801
2696 4119
2697 3893
2698 3209
2700 4801
2702 3242
2704 3242
2704 3628
2705 2753
2706 3242
2707 4507
2707 4639
2709 4190
2714 4690
2715 3354
2716 4690
2717 3242
2717 3893
2725 3902
2729 3209
2730 4639
2732 3319
2734 4507
2735 4376
2736 4376
2738 4801
2740 4518
2740 4615
2741 4507
2741 4615
2742 4575
2743 2753
2746 4507
2751 4877
2752 2753
2752 4639
2753 2846
2753 2855
2753 2897
2753 2924
2753 2993
2753 3004
2753 3015
2753 3030
2753 3050
2753 3060
2753 3063
2753 3086
2753 3130
2753 3141
2753 3184
2753 3192
2753 3194
2753 3206
2753 3209
2753 3219
2753 3235
2753 3242
2753 3273
2753 3314
2753 3319
2753 3335
2753 3336
2753 3354
2753 3359
2753 3370
2753 3392
2753 3409
2753 3428
2753 3447
2753 3527
2753 3544
2753 3561
2753 3584
2753 3589
2753 3621
2753 3628
2753 3639
2753 3722
2753 3749
2753 3758
2753 3801
2753 3815
2753 3865
2753 3893
2753 3902
2753 3965
2753 3988
2753 4006
2753 4040
2753 4101
2753 4102
2753 4119
2753 4130
2753 4154
2753 4190
2753 4279
2753 4336
2753 4376
2753 4403
2753 4478
2753 4497
2753 4507
2753 4518
2753 4544
2753 4575
2753 4615
2753 4639
2753 4645
2753 4669
2753 4690
2753 4703
2753 4711
2753 4712
2753 4726
2753 4727
2753 4752
2753 4757
2753 4785
2753 4787
2753 4801
2753 4867
2753 4876
2753 4877
2753 4894
2753 4923
2753 4949
2753 4979
2753 4987
2754 4575
2756 4877
2757 4119
2760 3902
2761 4507
2762 4979
2764 4690
2765 4979
2767 4639
2768 3628
2769 4639
2771 4979
2772 3354
2774 3242
2777 4979
2778 4575
2780 3242
2782 4690
2785 4639
2786 3902
2790 3209
2790 3893
2792 4801
2793 4690
2794 3893
2795 4507
2796 3628
2803 4376
2804 3319
2804 4877
2805 3902
2806 3319
2807 4376
2808 4507
2809 4119
2809 4979
2810 3628
2810 4979
2813 3628
2814 4615
2815 4575
2816 4190
2817 4690
2818 3902
2820 4376
2820 4639
2821 3902
2822 3628
2823 4877
2824 4801
2825 3893
2826 4979
2827 3242
2827 3628
2828 4877
2831 3902
2831 4376
2834 3893
2835 3319
2835 4507
2836 3319
2840 4801
2841 4507
2842 4376
2844 4119
2851 4518
2852 4575
2854 3209
2855 4979
2856 3628
2856 4801
2857 4690
2858 4690
2859 4507
2859 4639
2864 4877
2865 4190
2867 3242
2869 3319
2871 3893
2873 4518
2877 4575
2878 4507
2879 3893
2880 4801
2881 4979
2883 4518
2886 3354
2886 4507
2887 3893
2888 4507
2889 4801
2894 4119
2895 3902
2899 3242
2899 4575
2902 4877
2903 4877
2904 3319
2911 4119
2912 4376
2913 4690
2914 3628
2915 3893
2916 3354
2917 3902
2918 4507
2919 4119
2920 3893
2922 3628
2923 4376
2926 4801
2927 4376
2929 3902
2930 3242
2931 3902
2931 4615
2933 4376
2934 3893
2936 4190
2937 4979
2939 3902
2940 3319
2940 4119
2942 4507
2943 4376
2947 4801
2949 4376
2951 3354
2955 4518
2956 4119
2957 3893
2958 4119
2959 4376
2960 4639
2961 3354
2962 3902
2966 3902
2966 4507
2967 3242
2969 4690
2970 4877
2971 4639
2972 4119
2973 4376
2974 3893
2975 3319
2976 4507
2976 4979
2977 3354
2978 3242
2979 4507
2980 4119
2980 4639
2981 3628
2983 4979
2984 4376
2986 3893
2987 4801
2988 3209
2988 4615
2990 3209
2994 4690
2995 4376
2997 4575
3000 3628
3003 3209
3004 4575
3005 3209
3005 4979
3008 3893
3009 3242
3011 4801
3012 3893
3013 3209
3016 4190
3017 4507
3021 4518
3022 3628
3026 4979
3028 3242
3028 4575
3031 4376
3032 4507
3033 4575
3034 4979
3036 4518
3039 4877
3041 3902
3042 4979
3043 4119
3043 4518
3046 4615
3047 3354
3047 4979
3048 4518
3049 3209
3049 3354
3054 3242
3055 3354
3056 4376
3057 4639
3059 4575
3062 4119
3063 3354
3064 3893
3065 4119
3067 3628
3068 4639
3068 4979
3071 4376
3072 4190
3075 3242
3075 4575
3077 3628
3080 4979
3081 4979
3083 4801
3084 4190
3089 3242
3090 3628
3090 4979
3092 3902
3093 4615
3095 3209
3097 3209
3100 3354
3101 4190
3102 4575
3103 4518
3104 3893
3105 4801
3107 4376
3108 4190
3109 4518
3114 3319
3115 4376
3117 4639
3119 4507
3120 4119
3121 4801
3122 4119
3123 3902
3123 4190
3124 4690
3125 3242
3129 4575
3130 4690
3131 4119
3133 3242
3135 4690
3142 3209
3144 4575
3144 4877
3145 4690
3147 3893
3148 3242
3153 3242
3154 3242
3158 3893
3159 3628
3161 3209
3162 4518
3163 4190
3164 4979
3166 3354
3168 3354
3172 3628
3173 4877
3174 4119
3175 3628
3179 3319
3180 4877
3182 4801
3183 3319
3185 3893
3185 4376
3186 4190
3186 4690
3188 4507
3189 3242
3189 4518
3190 4518
3193 4877
3195 3628
3196 4979
3198 4615
3201 3628
3205 3354
3207 4877
3208 4979
3209 3232
3209 3242
3209 3284
3209 3289
3209 3319
3209 3339
3209 3348
3209 3354
3209 3366
3209 3380
3209 3386
3209 3389
3209 3423
3209 3426
3209 3449
3209 3490
3209 3491
3209 3523
3209 3591
3209 3616
3209 3628
3209 3725
3209 3792
3209 3843
3209 3893
3209 3902
3209 3908
3209 3914
3209 3953
3209 3972
3209 3977
3209 4029
3209 4055
3209 4099
3209 4114
3209 4119
3209 4122
3209 4190
3209 4209
3209 4220
3209 4257
3209 4263
3209 4273
3209 4325
3209 4361
3209 4364
3209 4368
3209 4376
3209 4392
3209 4399
3209 4452
3209 4484
3209 4486
3209 4490
3209 4507
3209 4508
3209 4518
3209 4545
3209 4548
3209 4575
3209 4599
3209 4601
3209 4615
3209 4639
3209 4648
3209 4690
3209 4692
3209 4738
3209 4792
3209 4801
3209 4833
3209 4866
3209 4877
3209 4889
3209 4895
3209 4957
3209 4966
3209 4979
3209 4988
3212 4190
3213 4518
3219 3319
3220 3319
3222 3319
3222 4376
3223 4690
3224 4376
3228 4877
3229 4119
3230 4639
3231 3242
3235 3893
3236 3242
3238 4119
3239 4877
3240 3902
3241 4507
3242 3285
3242 3308
3242 3309
3242 3319
3242 3327
3242 3354
3242 3394
3242 3408
3242 3487
3242 3494
3242 3523
3242 3547
3242 3596
3242 3611
3242 3628
3242 3651
3242 3663
3242 3746
3242 3767
3242 3790
3242 3793
3242 3804
3242 3826
3242 3840
3242 3849
3242 3863
3242 3870
3242 3893
3242 3902
3242 3926
3242 3946
3242 3969
3242 3990
3242 4016
3242 4071
3242 4099
3242 4104
3242 4119
3242 4185
3242 4189
3242 4190
3242 4216
3242 4220
3242 4224
3242 4338
3242 4360
3242 4376
3242 4382
3242 4389
3242 4437
3242 4507
3242 4516
3242 4518
3242 4525
3242 4554
3242 4560
3242 4575
3242 4615
3242 4639
3242 4660
3242 4690
3242 4709
3242 4730
3242 4739
3242 4763
3242 4768
3242 4801
3242 4816
3242 4829
3242 4831
3242 4870
3242 4874
3242 4877
3242 4882
3242 4883
3242 4905
3242 4953
3242 4972
3242 4978
3242 4979
3244 4376
3245 4190
3246 4801
3249 4507
3249 4615
3250 3628
3250 3893
3253 4690
3254 3628
3254 4507
3255 3319
3256 3902
3259 3893
3259 4690
3260 4615
3261 4690
3261 4877
3263 4518
3264 4190
3265 3628
3267 4877
3268 3893
3271 3354
3273 4979
3274 4877
3276 4801
3279 3354
3280 4801
3282 3902
3289 3628
3290 4801
3295 3902
3296 4575
3297 4639
3298 4575
3299 4615
3302 3902
3303 3902
3304 3319
3306 4190
3306 4979
3315 4575
3316 4507
3318 4575
3319 3354
3319 3362
3319 3395
3319 3399
3319 3405
3319 3430
3319 3485
3319 3591
3319 3628
3319 3669
3319 3670
3319 3673
3319 3682
3319 3701
3319 3718
3319 3772
3319 3789
3319 3807
3319 3893
3319 3901
3319 3902
3319 3935
3319 3940
3319 4025
3319 4039
3319 4048
3319 4062
3319 4081
3319 4119
3319 4154
3319 4159
3319 4190
3319 4207
3319 4251
3319 4295
3319 4299
3319 4355
3319 4366
3319 4373
3319 4376
3319 4383
3319 4422
3319 4507
3319 4518
3319 4545
3319 4548
3319 4575
3319 4589
3319 4605
3319 4615
3319 4616
3319 4639
3319 4656
3319 4680
3319 4690
3319 4702
3319 4715
3319 4784
3319 4801
3319 4806
3319 4848
3319 4866
3319 4870
3319 4877
3319 4955
3319 4979
3319 4986
3320 4190
3320 4877
3321 4877
3325 4575
3326 3893
3326 4376
3330 3354
3330 3902
3334 4877
3336 4119
3340 4507
3340 4979
3345 4507
3347 4979
3351 4615
3354 3453
3354 3473
3354 3474
3354 3475
3354 3500
3354 3502
3354 3521
3354 3526
3354 3623
3354 3626
3354 3628
3354 3631
3354 3689
3354 3705
3354 3726
3354 3744
3354 3757
3354 3783
3354 3836
3354 3840
3354 3882
3354 3893
3354 3902
3354 3967
3354 3977
3354 3986
3354 4119
3354 4142
3354 4161
3354 4190
3354 4198
3354 4237
3354 4277
3354 4298
3354 4302
3354 4376
3354 4410
3354 4429
3354 4434
3354 4464
3354 4491
3354 4495
3354 4507
3354 4518
3354 4570
3354 4575
3354 4585
3354 4610
3354 4615
3354 4619
3354 4626
3354 4629
3354 4630
3354 4639
3354 4690
3354 4700
3354 4758
3354 4801
3354 4877
3354 4897
3354 4921
3354 4979
3354 4997
3357 4518
3358 4518
3363 3893
3364 4119
3367 4507
3368 3893
3368 4690
3374 4190
3376 4615
3377 4507
3379 4690
3381 3902
3382 4690
3384 4877
3385 4507
3385 4575
3386 4119
3392 4690
3393 4615
3400 4119
3400 4507
3403 3893
3406 4979
3410 4801
3415 4575
3420 4801
3420 4877
3422 4190
3423 4190
3429 4979
3432 4190
3433 3628
3434 3628
3438 4979
3439 4376
3443 4190
3445 4575
3448 4575
3450 3902
3452 4615
3454 4190
3457 3628
3460 4376
3467 4507
3468 4119
3472 3893
3475 4801
3476 4877
3479 4190
3480 3628
3486 4119
3487 4877
3488 4801
3489 4190
3490 4190
3492 4639
3493 3893
3495 4690
3496 4119
3498 3902
3498 4376
3501 3902
3502 4690
3507 3902
3508 4119
3508 4639
3509 4119
3512 4801
3513 4518
3514 4575
3516 4376
3517 4376
3518 4639
3520 4190
3530 3893
3532 4575
3534 4979
3537 3893
3538 4119
3539 4615
3541 4518
3542 4376
3542 4979
3545 4518
3546 4518
3547 4190
3552 4376
3557 4518
3558 4615
3563 4979
3565 4507
3566 3902
3567 4376
3572 4507
3573 4877
3578 4575
3579 4518
3580 4575
3582 4119
3584 4690
3585 4190
3587 4979
3588 4376
3590 4376
3592 4690
3595 4801
3597 4690
3598 4575
3598 4877
3600 4801
3601 4376
3603 3902
3603 4615
3606 3902
3610 4575
3613 4507
3615 3902
3617 4376
3619 4575
3620 4376
3624 3893
3628 3630
3628 3709
3628 3794
3628 3821
3628 3846
3628 3868
3628 3892
3628 3893
3628 3899
3628 3902
3628 3911
3628 3991
3628 4035
3628 4052
3628 4053
3628 4069
3628 4109
3628 4115
3628 4119
3628 4121
3628 4153
3628 4183
3628 4190
3628 4210
3628 4219
3628 4239
3628 4285
3628 4289
3628 4317
3628 4376
3628 4389
3628 4440
3628 4443
3628 4507
3628 4511
3628 4514
3628 4518
3628 4559
3628 4569
3628 4575
3628 4581
3628 4615
3628 4639
3628 4658
3628 4690
3628 4718
3628 4791
3628 4801
3628 4822
3628 4826
3628 4877
3628 4979
3628 4997
3629 3902
3633 4615
3635 3902
3636 3893
3640 4376
3641 4615
3643 4518
3644 4575
3647 4690
3649 4877
3650 4801
3652 4518
3653 4877
3654 4979
3655 3893
3656 4518
3659 4979
3666 4575
3666 4639
3668 3902
3669 4690
3675 4507
3675 4575
3676 4639
3680 4979
3681 4639
3684 4518
3685 4507
3687 4376
3688 4615
3692 4979
3694 4376
3696 4639
3698 4575
3700 4507
3702 4615
3708 4518
3711 4190
3712 4518
3713 4190
3715 4877
3717 4507
3719 3893
3719 4190
3721 4615
3724 3893
3736 4518
3737 3893
3740 4575
3742 4690
3743 4119
3745 4801
3745 4979
3747 3893
3755 4518
3755 4979
3756 4119
3756 4575
3759 3893
3761 4518
3762 4575
3763 4801
3765 4518
3768 4190
3769 4979
3771 4190
3773 4615
3775 4518
3776 4518
3780 4190
3781 4877
3782 3902
3785 4575
3786 4119
3787 4639
3790 3893
3796 4507
3798 4507
3805 4376
3807 4518
3808 4507
3809 4639
3812 4119
3812 4518
3813 4690
3815 4690
3816 4119
3818 3902
3819 4979
3821 4615
3823 4190
3825 4190
3830 4119
3835 4575
3839 4979
3842 3893
3848 4376
3849 4518
3851 4877
3854 3902
3856 4119
3859 4639
3860 4119
3862 4119
3866 4518
3866 4615
3867 4575
3869 4119
3872 4190
3875 4979
3876 3902
3878 4190
3878 4615
3881 4575
3883 3893
3885 4190
3886 3902
3890 4575
3893 3902
3893 3919
3893 4035
3893 4047
3893 4052
3893 4064
3893 4086
3893 4117
3893 4119
3893 4124
3893 4190
3893 4314
3893 4332
3893 4340
3893 4376
3893 4391
3893 4393
3893 4404
3893 4476
3893 4478
3893 4507
3893 4518
3893 4528
3893 4531
3893 4575
3893 4615
3893 4633
3893 4637
3893 4639
3893 4690
3893 4696
3893 4698
3893 4773
3893 4781
3893 4789
3893 4801
3893 4824
3893 4852
3893 4863
3893 4877
3893 4954
3893 4979
3894 4615
3895 4575
3896 4639
3899 4979
3900 4877
3902 3914
3902 4060
3902 4072
3902 4110
3902 4119
3902 4141
3902 4190
3902 4201
3902 4323
3902 4360
3902 4376
3902 4467
3902 4507
3902 4516
3902 4518
3902 4565
3902 4575
3902 4607
3902 4615
3902 4639
3902 4690
3902 4695
3902 4704
3902 4775
3902 4801
3902 4805
3902 4827
3902 4830
3902 4842
3902 4877
3902 4947
3902 4956
3902 4972
3902 4979
3902 4984
3902 4988
3905 4507
3907 4979
3909 4639
3912 4507
3912 4639
3913 4376
3915 4507
3917 4507
3918 4690
3920 4119
3921 4615
3924 4376
3924 4979
3925 4801
3929 4376
3932 4376
3934 4518
3937 4615
3938 4690
3939 4507
3946 4376
3948 4615
3950 4979
3951 4376
3952 4376
3955 4190
3955 4690
3958 4615
3961 4507
3963 4639
3964 4190
3971 4119
3972 4575
3973 4801
3975 4979
3976 4119
3979 4877
3980 4190
3983 4639
3984 4615
3985 4575
3987 4615
3988 4376
3989 4575
3994 4615
3995 4615
3996 4190
3997 4575
4002 4518
4003 4690
4004 4639
4006 4190
4010 4877
4011 4801
4013 4119
4013 4639
4014 4615
4016 4615
4018 4877
4019 4575
4021 4119
4022 4639
4029 4518
4038 4979
4040 4518
4042 4877
4043 4801
4044 4575
4045 4877
4050 4575
4057 4615
4059 4639
4065 4507
4070 4639
4072 4690
4073 4575
4074 4979
4075 4190
4076 4518
4077 4639
4079 4518
4083 4507
4084 4507
4085 4575
4085 4877
4090 4801
4091 4575
4096 4979
4103 4877
4105 4376
4107 4690
4108 4615
4109 4639
4112 4615
4113 4639
4119 4120
4119 4121
4119 4138
4119 4150
4119 4164
4119 4190
4119 4226
4119 4249
4119 4313
4119 4376
4119 4425
4119 4473
4119 4507
4119 4512
4119 4518
4119 4523
4119 4529
4119 4552
4119 4562
4119 4567
4119 4575
4119 4615
4119 4627
4119 4639
4119 4651
4119 4681
4119 4690
4119 4720
4119 4740
4119 4796
4119 4799
4119 4801
4119 4811
4119 4831
4119 4877
4119 4890
4119 4911
4119 4979
4119 4987
4119 4991
4119 4993
4123 4801
4124 4575
4125 4615
4127 4639
4131 4877
4133 4376
4138 4615
4140 4877
4141 4376
4142 4518
4144 4639
4145 4877
4148 4507
4149 4507
4151 4507
4152 4376
4156 4801
4157 4575
4162 4507
4165 4190
4167 4690
4168 4639
4169 4190
4170 4575
4171 4877
4175 4979
4177 4615
4178 4518
4179 4190
4180 4801
4187 4979
4190 4213
4190 4246
4190 4291
4190 4355
4190 4370
4190 4376
4190 4413
4190 4438
4190 4455
4190 4507
4190 4512
4190 4518
4190 4522
4190 4540
4190 4561
4190 4573
4190 4575
4190 4615
4190 4627
4190 4631
4190 4634
4190 4639
4190 4683
4190 4690
4190 4699
4190 4719
4190 4734
4190 4735
4190 4792
4190 4793
4190 4801
4190 4824
4190 4877
4190 4910
4190 4922
4190 4977
4190 4979
4191 4507
4193 4979
4196 4615
4197 4376
4199 4639
4200 4518
4202 4639
4202 4690
4204 4801
4206 4507
4207 4615
4208 4376
4211 4376
4214 4615
4215 4507
4219 4639
4221 4507
4227 4690
4228 4690
4232 4518
4234 4639
4238 4690
4245 4979
4254 4877
4255 4507
4257 4877
4258 4615
4259 4801
4261 4615
4262 4877
4266 4518
4267 4615
4268 4376
4270 4690
4271 4376
4272 4639
4272 4690
4276 4979
4283 4979
4284 4690
4289 4801
4295 4376
4296 4639
4303 4639
4304 4518
4305 4690
4314 4507
4315 4518
4319 4518
4320 4877
4324 4575
4326 4690
4327 4518
4327 4615
4328 4690
4330 4690
4331 4979
4333 4518
4335 4376
4337 4376
4337 4507
4341 4979
4342 4615
4343 4979
4347 4639
4349 4376
4350 4575
4356 4507
4357 4801
4359 4575
4369 4615
4372 4639
4376 4398
4376 4461
4376 4492
4376 4507
4376 4518
4376 4527
4376 4539
4376 4541
4376 4564
4376 4575
4376 4588
4376 4595
4376 4602
4376 4610
4376 4615
4376 4639
4376 4642
4376 4690
4376 4707
4376 4716
4376 4751
4376 4786
4376 4801
4376 4805
4376 4845
4376 4859
4376 4875
4376 4877
4376 4883
4376 4968
4376 4979
4377 4690
4385 4979
4395 4575
4400 4518
4402 4877
4405 4507
4406 4518
4406 4801
4407 4518
4409 4518
4416 4639
4418 4575
4423 4575
4425 4575
4427 4615
4431 4979
4433 4639
4435 4801
4436 4518
4440 4690
4441 4507
4442 4801
4444 4690
4446 4979
4447 4979
4448 4690
4451 4801
4452 4877
4453 4690
4457 4518
4457 4639
4460 4801
4461 4615
4462 4801
4466 4615
4471 4639
4474 4979
4475 4575
4477 4801
4480 4979
4481 4639
4488 4801
4501 4615
4503 4639
4505 4575
4507 4518
4507 4537
4507 4540
4507 4566
4507 4571
4507 4575
4507 4615
4507 4635
4507 4636
4507 4639
4507 4651
4507 4685
4507 4690
4507 4729
4507 4754
4507 4760
4507 4780
4507 4781
4507 4801
4507 4877
4507 4913
4507 4930
4507 4950
4507 4970
4507 4979
4507 4994
4513 4615
4513 4877
4518 4558
4518 4568
4518 4575
4518 4597
4518 4615
4518 4637
4518 4639
4518 4690
4518 4712
4518 4730
4518 4766
4518 4787
4518 4801
4518 4844
4518 4871
4518 4872
4518 4877
4518 4903
4518 4961
4518 4979
4533 4690
4534 4639
4535 4639
4547 4615
4550 4979
4553 4690
4555 4690
4556 4575
4574 4690
4575 4615
4575 4617
4575 4619
4575 4639
4575 4667
4575 4670
4575 4690
4575 4709
4575 4729
4575 4801
4575 4804
4575 4807
4575 4877
4575 4892
4575 4901
4575 4944
4575 4979
4575 4982
4575 4990
4582 4877
4584 4877
4586 4639
4587 4877
4599 4877
4600 4690
4604 4690
4604 4801
4615 4618
4615 4632
4615 4639
4615 4687
4615 4690
4615 4700
4615 4778
4615 4801
4615 4823
4615 4864
4615 4865
4615 4877
4615 4882
4615 4889
4615 4933
4615 4960
4615 4962
4615 4964
4615 4978
4615 4979
4615 4999
4616 4877
4620 4801
4622 4801
4623 4979
4639 4657
4639 4690
4639 4691
4639 4749
4639 4751
4639 4801
4639 4877
4639 4879
4639 4893
4639 4900
4639 4901
4639 4937
4639 4942
4639 4957
4639 4979
4639 4995
4639 4999
4643 4877
4644 4877
4653 4979
4655 4979
4663 4690
4663 4801
4675 4877
4676 4877
4682 4801
4686 4877
4687 4801
4690 4710
4690 4722
4690 4724
4690 4772
4690 4801
4690 4877
4690 4878
4690 4884
4690 4885
4690 4888
4690 4963
4690 4974
4690 4979
4690 4989
4701 4979
4714 4877
4715 4801
4718 4877
4741 4877
4743 4979
4750 4801
4752 4801
4755 4979
4759 4801
4764 4877
4770 4801
4779 4979
4795 4877
4798 4877
4801 4815
4801 4816
4801 4819
4801 4836
4801 4837
4801 4860
4801 4877
4801 4898
4801 4915
4801 4917
4801 4977
4801 4979
4808 4877
4818 4877
4832 4979
4850 4979
4862 4979
4876 4979
4877 4904
4877 4917
4877 4948
4877 4949
4877 4967
4877 4979
4885 4979
4899 4979
4914 4979
4940 4979
