101 100
0 49
0 62
1 4
1 98
2 17
2 41
3 59
3 68
4 88
5 22
5 85
6 21
6 43
7 62
7 63
8 36
8 52
9 53
9 75
10 97
10 100
11 28
11 31
12 38
12 44
13 29
13 94
14 77
14 96
15 42
15 49
16 27
16 74
17 53
18 21
18 30
19 22
19 58
20 46
20 85
23 39
23 52
24 87
24 96
25 39
25 91
26 51
26 100
27 43
28 45
29 33
30 76
31 40
32 34
32 75
32 86
33 64
34 90
35 45
35 64
36 55
37 40
37 78
38 93
41 92
42 76
44 81
46 80
47 50
47 82
48 57
48 86
50 81
51 87
54 60
54 71
55 73
56 59
56 65
57 77
58 94
60 93
61 69
61 71
63 70
65 89
66 88
66 92
67 99
68 84
69 89
70 79
72 73
72 90
74 99
78 95
79 97
83 84
83 98
91 95
