50 600
0 1
0 2
0 4
0 5
0 6
0 7
0 10
0 11
0 13
0 15
0 18
0 19
0 20
0 22
0 24
0 25
0 26
0 27
0 28
0 29
0 30
0 32
0 34
0 37
0 41
0 43
0 45
0 47
0 48
0 49
1 3
1 8
1 9
1 12
1 14
1 16
1 17
1 21
1 23
1 31
1 33
1 35
1 36
1 38
1 39
1 40
1 42
1 44
1 46
2 3
2 8
2 9
2 12
2 14
2 16
2 17
2 21
2 23
2 31
2 33
2 35
2 36
2 38
2 39
2 40
2 42
2 44
2 46
3 4
3 5
3 6
3 7
3 10
3 11
3 13
3 15
3 18
3 19
3 20
3 22
3 24
3 25
3 26
3 27
3 28
3 29
3 30
3 32
3 34
3 37
3 41
3 43
3 45
3 47
3 48
3 49
4 8
4 9
4 12
4 14
4 16
4 17
4 21
4 23
4 31
4 33
4 35
4 36
4 38
4 39
4 40
4 42
4 44
4 46
5 8
5 9
5 12
5 14
5 16
5 17
5 21
5 23
5 31
5 33
5 35
5 36
5 38
5 39
5 40
5 42
5 44
5 46
6 8
6 9
6 12
6 14
6 16
6 17
6 21
6 23
6 31
6 33
6 35
6 36
6 38
6 39
6 40
6 42
6 44
6 46
7 8
7 9
7 12
7 14
7 16
7 17
7 21
7 23
7 31
7 33
7 35
7 36
7 38
7 39
7 40
7 42
7 44
7 46
8 10
8 11
8 13
8 15
8 18
8 19
8 20
8 22
8 24
8 25
8 26
8 27
8 28
8 29
8 30
8 32
8 34
8 37
8 41
8 43
8 45
8 47
8 48
8 49
9 10
9 11
9 13
9 15
9 18
9 19
9 20
9 22
9 24
9 25
9 26
9 27
9 28
9 29
9 30
9 32
9 34
9 37
9 41
9 43
9 45
9 47
9 48
9 49
10 12
10 14
10 16
10 17
10 21
10 23
10 31
10 33
10 35
10 36
10 38
10 39
10 40
10 42
10 44
10 46
11 12
11 14
11 16
11 17
11 21
11 23
11 31
11 33
11 35
11 36
11 38
11 39
11 40
11 42
11 44
11 46
12 13
12 15
12 18
12 19
12 20
12 22
12 24
12 25
12 26
12 27
12 28
12 29
12 30
12 32
12 34
12 37
12 41
12 43
12 45
12 47
12 48
12 49
13 14
13 16
13 17
13 21
13 23
13 31
13 33
13 35
13 36
13 38
13 39
13 40
13 42
13 44
13 46
14 15
14 18
14 19
14 20
14 22
14 24
14 25
14 26
14 27
14 28
14 29
14 30
14 32
14 34
14 37
14 41
14 43
14 45
14 47
14 48
14 49
15 16
15 17
15 21
15 23
15 31
15 33
15 35
15 36
15 38
15 39
15 40
15 42
15 44
15 46
16 18
16 19
16 20
16 22
16 24
16 25
16 26
16 27
16 28
16 29
16 30
16 32
16 34
16 37
16 41
16 43
16 45
16 47
16 48
16 49
17 18
17 19
17 20
17 22
17 24
17 25
17 26
17 27
17 28
17 29
17 30
17 32
17 34
17 37
17 41
17 43
17 45
17 47
17 48
17 49
18 21
18 23
18 31
18 33
18 35
18 36
18 38
18 39
18 40
18 42
18 44
18 46
19 21
19 23
19 31
19 33
19 35
19 36
19 38
19 39
19 40
19 42
19 44
19 46
20 21
20 23
20 31
20 33
20 35
20 36
20 38
20 39
20 40
20 42
20 44
20 46
21 22
21 24
21 25
21 26
21 27
21 28
21 29
21 30
21 32
21 34
21 37
21 41
21 43
21 45
21 47
21 48
21 49
22 23
22 31
22 33
22 35
22 36
22 38
22 39
22 40
22 42
22 44
22 46
23 24
23 25
23 26
23 27
23 28
23 29
23 30
23 32
23 34
23 37
23 41
23 43
23 45
23 47
23 48
23 49
24 31
24 33
24 35
24 36
24 38
24 39
24 40
24 42
24 44
24 46
25 31
25 33
25 35
25 36
25 38
25 39
25 40
25 42
25 44
25 46
26 31
26 33
26 35
26 36
26 38
26 39
26 40
26 42
26 44
26 46
27 31
27 33
27 35
27 36
27 38
27 39
27 40
27 42
27 44
27 46
28 31
28 33
28 35
28 36
28 38
28 39
28 40
28 42
28 44
28 46
29 31
29 33
29 35
29 36
29 38
29 39
29 40
29 42
29 44
29 46
30 31
30 33
30 35
30 36
30 38
30 39
30 40
30 42
30 44
30 46
31 32
31 34
31 37
31 41
31 43
31 45
31 47
31 48
31 49
32 33
32 35
32 36
32 38
32 39
32 40
32 42
32 44
32 46
33 34
33 37
33 41
33 43
33 45
33 47
33 48
33 49
34 35
34 36
34 38
34 39
34 40
34 42
34 44
34 46
35 37
35 41
35 43
35 45
35 47
35 48
35 49
36 37
36 41
36 43
36 45
36 47
36 48
36 49
37 38
37 39
37 40
37 42
37 44
37 46
38 41
38 43
38 45
38 47
38 48
38 49
39 41
39 43
39 45
39 47
39 48
39 49
40 41
40 43
40 45
40 47
40 48
40 49
41 42
41 44
41 46
42 43
42 45
42 47
42 48
42 49
43 44
43 46
44 45
44 47
44 48
44 49
45 46
46 47
46 48
46 49
