120 359
0 8
0 22
0 38
0 41
0 50
0 94
0 105
1 18
1 24
1 32
1 37
1 43
1 44
1 70
1 84
1 101
1 112
2 3
2 6
2 14
2 18
2 33
2 41
2 72
2 96
3 32
3 71
3 94
3 97
3 105
3 109
4 21
4 35
4 43
4 116
5 25
5 30
5 45
5 47
5 48
5 103
6 16
6 26
6 30
6 51
6 75
6 88
6 92
7 26
7 53
7 119
8 48
8 76
8 91
8 103
8 119
9 35
9 57
9 82
9 90
10 34
10 46
10 68
10 69
10 90
10 118
10 119
11 31
11 32
11 49
11 59
11 62
11 67
11 96
12 22
12 45
12 62
12 118
12 119
13 14
13 18
13 35
13 86
13 111
13 114
14 19
14 36
14 106
15 19
15 21
15 30
15 45
15 49
15 62
15 65
15 81
15 100
16 54
16 58
16 83
17 35
17 39
17 67
17 96
17 111
18 31
18 105
18 119
19 25
19 26
19 34
19 47
19 54
19 92
19 104
19 112
20 24
20 38
20 52
21 69
21 88
21 99
22 27
22 68
22 115
23 46
23 49
23 77
23 107
23 111
24 28
24 84
24 87
24 111
24 114
25 28
25 38
25 75
25 83
25 109
26 40
26 65
26 85
26 92
27 42
27 65
27 95
27 115
27 117
27 119
28 37
28 41
28 56
28 83
28 109
29 42
29 63
29 80
31 45
31 48
31 54
31 73
31 75
31 83
31 99
32 89
32 110
32 111
33 40
33 61
33 88
33 98
33 109
33 115
34 35
34 51
34 74
34 92
34 95
35 74
35 83
35 109
36 59
37 74
37 104
37 106
38 51
38 79
38 109
38 110
39 44
39 57
39 65
39 79
39 93
39 96
39 101
39 119
40 76
40 91
41 51
41 88
41 107
42 47
42 58
42 64
42 77
42 80
42 89
42 108
42 119
43 46
43 47
43 67
43 81
43 84
43 90
43 105
44 72
44 74
44 103
44 115
45 53
45 108
45 112
46 64
46 88
46 107
46 113
47 54
47 71
47 113
47 114
48 50
48 66
48 104
49 92
49 93
50 53
50 75
50 91
50 100
50 117
51 62
51 77
52 67
52 86
52 92
52 103
53 55
53 106
54 66
54 98
55 89
56 71
56 115
57 64
57 72
57 79
57 82
57 115
57 116
58 66
58 89
58 91
58 94
58 97
58 108
59 101
59 103
60 66
60 81
60 88
61 76
61 79
61 95
61 117
62 103
62 116
62 119
63 91
63 107
64 76
64 83
65 116
66 81
66 91
67 80
67 85
67 105
68 87
68 98
69 83
69 96
69 99
69 114
70 71
70 97
70 99
70 111
71 92
71 97
72 76
72 106
72 110
72 112
73 75
73 79
73 118
74 99
75 86
77 80
77 91
78 101
78 102
78 112
80 87
80 98
81 110
82 84
82 114
82 119
83 84
83 115
84 95
84 98
84 114
85 93
85 95
85 115
86 105
86 108
86 109
87 97
87 100
87 119
88 110
88 111
89 92
89 93
89 115
90 94
90 100
90 113
90 115
92 110
93 112
94 96
94 104
94 106
98 107
100 110
101 102
101 104
101 107
103 113
104 119
107 117
108 118
