500 1499
0 4
0 148
0 167
0 267
0 292
0 335
0 352
0 362
1 10
1 69
1 135
1 180
1 214
1 253
1 457
2 10
2 42
2 143
2 157
2 185
2 240
2 294
2 309
2 349
2 357
2 448
3 251
3 311
3 344
3 375
3 475
4 175
4 176
4 194
4 197
4 241
4 384
4 420
5 47
5 58
5 115
5 409
5 440
6 23
6 46
6 51
6 120
6 186
6 208
6 232
6 237
6 272
6 486
7 31
7 69
7 104
7 127
7 133
7 222
7 291
7 316
7 359
7 360
8 99
8 150
8 454
9 72
9 170
9 193
9 209
9 337
9 348
9 366
9 401
10 51
10 274
10 346
10 387
10 433
10 440
11 53
11 225
11 242
11 445
12 143
12 277
12 342
12 363
12 420
12 495
13 98
13 148
13 365
13 394
13 437
13 472
13 491
14 16
14 119
14 120
14 181
14 222
14 251
15 59
15 84
15 197
15 212
15 427
16 68
16 136
16 200
16 226
16 316
17 48
17 153
17 233
17 444
18 19
18 57
18 147
18 219
18 408
18 420
19 76
19 148
19 157
19 491
20 63
20 302
20 452
21 125
21 353
21 390
21 442
22 36
22 120
22 163
22 216
22 239
22 313
22 483
23 250
23 485
23 494
24 70
24 100
24 202
24 309
24 340
24 350
25 41
25 241
25 351
25 371
26 65
26 91
26 232
26 246
27 115
27 141
27 157
27 310
27 336
27 340
27 394
27 434
28 304
28 315
28 402
28 413
28 417
29 171
29 196
29 211
29 383
30 180
30 201
31 106
31 138
31 323
31 385
31 443
31 463
31 477
31 483
32 101
32 304
32 416
33 92
33 162
33 241
33 278
33 328
33 351
34 35
34 62
34 69
34 73
34 202
35 42
35 47
35 95
35 220
35 381
35 402
35 459
35 492
36 40
36 99
36 261
36 352
36 388
36 417
36 431
37 154
37 217
37 238
37 335
37 347
37 366
37 368
37 485
38 155
38 175
38 199
38 251
38 254
39 87
39 164
39 285
39 350
39 384
40 130
40 363
40 391
40 474
41 117
41 137
41 163
41 420
42 54
42 114
42 154
42 163
42 190
42 385
42 436
42 474
42 498
43 96
43 125
43 164
43 257
43 298
43 445
43 486
44 61
44 189
44 198
44 259
44 450
45 86
45 199
45 278
45 335
45 359
45 489
46 185
46 435
46 492
47 52
47 239
47 264
47 266
47 269
48 217
48 278
48 327
48 347
49 51
49 96
49 109
49 154
49 256
49 288
49 317
49 328
49 367
49 432
50 131
50 230
50 322
50 369
51 63
51 114
51 149
51 185
51 277
51 287
51 310
51 338
51 391
51 428
51 475
52 137
52 265
52 412
52 417
52 480
53 89
53 198
53 240
53 258
53 356
53 406
54 265
54 287
54 328
54 422
54 438
54 467
55 142
55 146
55 165
55 241
55 477
55 493
56 74
56 225
56 236
56 291
56 306
56 470
57 85
57 96
57 444
57 476
58 118
58 376
58 386
58 485
59 130
59 234
59 344
59 413
59 474
60 61
60 91
60 376
60 385
61 149
61 399
62 84
62 133
62 197
62 273
62 339
62 439
63 138
63 283
63 324
63 331
63 360
64 94
64 104
64 188
64 320
64 328
65 153
65 260
65 287
65 303
65 443
66 72
66 259
66 322
66 374
66 498
67 305
67 314
67 484
68 135
68 174
68 247
68 300
68 441
69 100
69 194
69 214
69 456
70 105
70 237
70 283
71 112
71 157
71 210
71 229
71 235
71 304
71 319
71 392
71 411
71 413
71 428
72 178
72 202
72 363
73 190
73 193
73 299
73 454
74 117
74 119
74 409
75 95
75 126
75 153
75 184
75 250
75 302
75 457
75 463
75 477
76 159
76 222
76 280
76 351
76 353
76 361
76 416
76 429
77 138
77 149
77 268
77 269
77 320
77 462
77 477
78 126
78 159
78 401
78 429
78 438
79 122
79 174
79 370
80 92
80 102
80 104
80 181
80 362
80 364
81 90
81 141
81 191
81 468
81 480
81 492
81 499
82 261
82 316
82 419
82 423
83 98
83 220
83 251
83 330
83 412
83 483
84 244
84 377
85 89
85 119
85 121
85 220
85 458
86 210
86 385
87 121
87 125
87 151
87 168
87 289
87 320
87 435
88 130
88 143
88 156
88 182
88 222
88 244
88 252
88 286
88 387
89 122
89 180
89 189
89 244
89 286
89 395
89 434
89 438
90 383
90 476
91 98
91 254
91 269
91 284
91 302
92 263
92 338
92 417
92 434
92 436
93 119
93 189
93 330
93 488
94 253
94 326
94 384
94 420
94 464
95 98
95 323
95 487
96 149
96 236
96 248
96 270
96 273
97 166
97 344
97 359
97 392
97 400
97 442
97 460
97 491
98 320
98 415
99 130
99 159
99 373
100 107
100 333
100 349
100 383
101 119
101 177
101 201
101 385
101 413
101 465
102 109
102 280
102 340
102 455
102 479
103 283
103 322
103 437
103 467
104 124
104 141
104 333
104 374
105 186
105 199
105 241
105 259
105 281
105 305
106 220
106 226
106 244
106 273
106 395
106 435
107 111
107 400
107 423
107 429
107 474
107 479
108 168
108 197
108 386
108 396
108 457
108 487
109 162
109 216
109 348
109 361
109 397
109 405
109 443
109 454
109 490
110 123
110 231
110 297
110 448
110 491
111 153
111 185
111 319
111 389
111 392
112 127
112 170
112 449
112 456
113 115
113 138
113 228
113 459
114 122
114 219
114 292
114 359
115 119
115 237
115 320
115 498
116 174
116 193
116 225
116 254
116 328
116 338
116 370
116 438
117 147
117 162
117 324
118 133
118 143
118 172
118 198
118 327
118 335
119 155
119 181
119 277
119 377
120 273
120 283
120 441
121 145
121 280
121 389
121 443
121 489
123 188
123 379
123 434
124 212
124 279
124 352
124 392
124 486
125 126
125 139
125 141
125 388
125 426
125 496
126 261
126 354
126 425
126 471
127 129
127 225
127 232
127 241
127 357
127 472
128 140
128 185
128 216
128 309
128 371
128 420
129 183
129 274
129 329
129 434
129 474
130 181
130 184
130 195
130 380
130 382
131 142
131 182
131 190
131 208
131 226
131 281
131 368
132 175
132 283
132 302
132 410
132 442
133 178
133 340
133 377
133 461
134 142
134 164
134 268
134 344
134 393
134 401
134 430
135 221
135 318
135 350
136 308
136 453
137 380
137 464
138 259
138 265
138 302
138 338
138 348
138 423
139 143
140 154
140 213
140 470
141 179
141 370
142 220
143 144
143 337
143 354
143 453
144 228
144 448
144 465
144 475
145 216
145 235
145 330
145 354
145 389
146 207
146 312
146 430
147 254
147 290
147 301
147 368
147 417
148 313
148 333
149 288
149 328
150 294
150 335
150 464
151 159
151 222
151 273
151 318
151 418
152 159
152 338
152 415
153 227
153 392
153 486
153 492
154 203
154 387
154 401
155 264
155 398
155 451
156 178
156 208
156 401
157 245
157 254
157 296
157 439
158 168
158 256
158 268
158 271
158 309
158 326
158 374
159 197
159 370
160 183
160 206
160 217
160 334
160 426
161 196
161 225
161 249
161 295
162 213
162 267
162 372
162 472
163 341
163 346
163 395
164 199
164 339
164 392
165 278
165 317
165 397
166 262
166 285
166 337
166 452
166 476
167 226
167 292
167 399
168 317
168 330
168 411
168 499
169 180
169 340
169 382
169 402
170 284
170 408
170 488
171 234
171 247
171 314
171 405
171 426
171 455
171 461
172 242
172 247
172 352
172 362
172 365
172 481
173 239
173 407
174 179
174 196
174 286
174 300
174 328
175 426
176 294
176 342
176 388
177 345
177 365
177 406
177 486
178 238
178 451
179 298
179 314
179 319
179 422
179 458
180 265
180 381
180 447
181 320
181 374
181 433
181 445
182 183
182 205
182 356
182 401
182 460
183 310
183 335
183 384
183 497
184 243
184 282
184 312
184 329
184 439
184 489
185 216
185 353
185 395
185 451
186 217
186 231
186 281
186 327
186 330
187 288
187 332
187 381
187 385
188 408
189 249
189 291
189 307
189 353
189 356
189 426
189 461
190 322
190 376
191 342
191 404
191 414
191 457
192 204
192 206
192 305
192 307
192 386
193 272
193 286
193 417
193 428
193 483
194 198
194 394
194 427
194 440
195 389
195 469
196 374
197 227
197 317
197 488
198 237
198 301
199 448
199 473
200 204
200 334
201 246
201 293
201 362
201 469
203 217
203 252
203 325
203 357
203 360
203 466
204 249
204 312
204 360
204 484
204 485
205 211
205 378
205 410
205 436
205 484
206 269
206 277
206 371
206 400
206 490
207 406
207 486
207 496
208 257
208 393
208 413
208 481
209 219
209 264
209 307
209 314
209 321
209 365
209 473
209 480
210 222
210 240
210 271
210 367
210 449
211 221
211 477
212 239
212 326
212 482
213 221
213 355
213 458
214 215
214 384
214 401
214 421
214 492
215 228
215 257
215 307
215 313
215 331
215 408
216 247
216 352
216 430
216 451
217 261
217 435
217 459
217 460
218 250
218 252
218 268
219 261
219 273
219 290
219 320
219 332
219 359
219 397
219 410
219 425
220 402
222 276
223 279
223 376
223 399
224 263
224 289
224 403
224 449
224 470
225 301
225 340
225 495
226 272
227 240
227 354
227 398
227 448
228 234
228 287
228 365
228 376
228 433
228 453
229 231
229 244
229 285
229 360
229 485
230 244
230 353
230 391
230 396
231 305
231 403
232 481
233 296
233 385
234 245
234 283
234 306
235 440
235 480
236 242
236 284
236 364
236 423
236 455
237 246
237 279
237 429
237 488
237 490
238 280
238 288
239 305
240 428
240 444
240 497
241 294
241 415
241 455
241 496
242 425
242 427
243 318
243 406
243 448
244 277
244 435
244 459
244 464
245 255
245 407
245 435
245 450
246 286
246 348
247 258
247 356
247 368
248 376
248 381
248 412
248 453
249 420
249 495
250 267
250 284
251 390
252 262
252 292
252 440
253 287
253 411
253 450
253 490
254 304
254 399
255 351
255 365
255 469
256 382
256 425
256 492
257 453
257 489
258 266
258 322
258 337
258 400
259 303
259 375
259 432
259 471
259 493
260 289
260 312
260 336
261 429
262 421
262 486
263 379
263 393
263 473
263 474
264 414
265 274
265 398
265 471
265 487
266 306
266 451
266 454
267 273
268 275
269 282
269 326
269 353
269 409
269 439
269 482
270 285
270 354
270 465
270 470
271 321
271 415
271 428
272 330
272 353
272 439
272 481
273 277
273 314
273 407
273 438
273 495
274 307
274 422
275 288
275 440
275 450
275 476
276 290
276 466
277 308
277 449
278 434
278 480
280 297
280 299
280 305
280 382
280 410
281 283
281 321
281 403
281 422
281 477
282 332
282 431
282 473
282 496
283 294
285 331
285 345
285 404
285 460
286 332
286 388
286 427
287 325
287 373
288 299
289 329
289 334
289 396
289 495
290 349
291 331
291 341
291 384
291 432
292 340
292 356
292 465
293 336
293 340
293 361
293 413
293 453
294 329
294 358
294 415
294 423
295 321
295 462
295 492
296 357
297 330
297 361
297 382
297 475
298 310
298 311
298 318
299 300
299 340
299 373
299 435
300 337
300 405
300 437
301 424
301 436
301 455
302 339
303 388
303 414
303 431
304 447
305 443
306 402
307 406
307 456
308 318
308 361
308 490
309 334
309 361
309 383
311 461
311 482
312 430
313 419
313 480
313 492
314 403
314 450
315 364
315 428
316 411
316 436
317 333
317 351
317 466
317 476
320 344
320 475
321 389
322 373
323 342
323 371
323 393
323 436
323 478
324 347
324 495
325 328
325 377
327 351
327 352
327 460
328 368
328 411
328 487
329 354
331 428
331 497
332 349
332 465
334 337
334 418
335 397
335 480
336 444
336 466
336 473
337 351
337 388
337 407
337 452
338 395
338 459
340 403
340 462
341 409
342 356
342 387
343 360
345 395
345 469
346 359
347 383
348 387
348 413
349 462
350 372
350 432
350 436
350 447
351 428
351 445
351 446
351 488
352 422
352 487
353 370
353 371
353 468
353 497
354 357
354 381
354 393
355 404
355 437
355 439
357 412
358 363
358 368
358 442
360 449
360 478
361 403
361 476
363 412
363 468
364 468
364 498
365 409
366 468
366 494
368 404
368 417
369 400
369 404
369 477
370 468
370 477
371 403
372 402
372 419
372 477
372 494
374 439
374 493
375 392
375 430
376 420
376 448
377 427
377 454
378 379
378 416
378 427
378 431
378 495
379 380
379 424
379 471
380 409
380 478
380 482
381 458
382 450
382 455
383 384
383 485
384 389
384 390
385 417
386 454
387 448
388 397
388 444
388 450
388 464
389 418
389 495
391 399
391 403
391 452
392 399
393 456
395 484
396 407
396 470
399 412
399 461
399 463
400 422
404 406
404 469
406 445
406 484
407 449
407 464
408 445
408 483
410 430
410 432
411 472
416 420
416 457
416 480
418 456
418 473
419 467
419 489
422 459
422 482
423 466
425 436
425 450
425 485
426 488
427 432
427 496
429 490
431 443
433 443
434 449
434 493
435 465
437 474
441 467
441 487
441 488
442 466
443 446
443 467
444 482
446 472
447 469
447 486
450 460
450 483
460 464
461 465
462 492
473 480
481 489
497 498
