2000 5999
0 40
0 338
0 521
0 697
0 1000
0 1170
0 1331
0 1425
0 1776
1 653
1 762
1 1444
1 1653
1 1903
2 103
2 845
2 936
2 1226
2 1472
3 208
3 371
3 687
3 953
3 1076
3 1745
4 256
4 352
4 649
4 1194
4 1195
4 1612
4 1647
4 1723
4 1781
5 55
5 651
5 751
5 786
5 799
5 1188
5 1317
5 1375
5 1468
5 1891
6 376
6 675
6 752
7 148
7 525
7 627
7 659
7 729
7 899
7 930
7 1100
7 1205
7 1235
7 1559
7 1884
8 46
8 227
8 861
8 980
8 1346
8 1490
8 1837
8 1924
8 1986
9 234
9 688
9 982
9 1131
9 1779
9 1964
10 238
10 566
10 719
10 891
10 1466
10 1935
11 122
11 468
11 474
11 1008
11 1978
12 904
12 1084
12 1146
12 1494
12 1830
13 599
13 686
13 819
13 844
13 877
13 1870
13 1935
14 337
14 669
14 985
14 1550
15 38
15 86
15 753
15 1326
15 1520
15 1525
15 1770
16 521
16 676
16 1347
16 1763
16 1904
17 19
17 480
17 621
17 718
17 1054
17 1300
18 236
18 287
18 956
18 1096
18 1354
19 216
19 1157
20 243
20 301
20 1035
20 1081
20 1161
20 1231
20 1242
20 1456
21 405
21 1753
22 433
22 744
22 849
22 1456
22 1648
22 1680
22 1720
23 366
23 538
23 780
23 1510
23 1875
24 145
24 737
24 1146
24 1667
24 1839
25 410
25 668
25 704
25 1115
25 1369
25 1550
25 1831
25 1905
26 413
26 692
26 746
26 799
26 1255
26 1717
26 1839
26 1875
27 1033
27 1267
27 1409
27 1643
28 470
28 886
28 1277
28 1311
28 1485
28 1511
28 1643
28 1901
29 422
29 483
29 1195
30 221
30 311
30 389
30 566
30 959
30 1407
30 1607
30 1652
31 170
31 820
31 1351
31 1546
32 178
32 212
32 258
32 596
32 870
32 1090
32 1698
33 160
33 249
33 856
33 995
33 1125
33 1447
34 234
34 788
34 887
34 1041
34 1783
34 1786
35 59
35 1236
35 1573
35 1699
36 201
36 821
36 1398
36 1453
36 1683
36 1800
37 396
37 1357
37 1500
37 1979
38 116
38 527
38 1285
39 755
39 781
39 954
39 1134
39 1623
40 894
40 910
40 1028
40 1097
40 1316
40 1420
40 1872
40 1930
41 241
41 586
41 793
41 1249
41 1309
41 1536
41 1690
42 163
42 924
42 1119
42 1121
42 1218
42 1302
42 1506
42 1605
42 1676
43 306
43 328
43 682
43 864
43 1484
43 1839
44 656
44 773
44 1117
44 1424
45 511
45 558
45 740
45 930
45 1286
45 1441
45 1446
45 1491
46 847
46 893
46 999
46 1577
46 1655
46 1692
47 302
47 694
47 700
47 1022
47 1038
47 1656
47 1766
47 1952
48 131
48 508
48 1150
48 1477
49 490
49 663
49 842
49 1001
49 1357
49 1433
49 1604
49 1726
50 439
50 700
50 1255
50 1564
50 1797
51 172
51 262
51 441
51 1625
51 1907
52 370
52 422
52 437
52 1261
52 1437
52 1683
53 749
53 914
53 964
53 1178
53 1271
53 1404
53 1407
53 1521
53 1911
54 110
54 113
54 867
54 1190
54 1679
54 1800
55 199
55 299
55 336
55 1073
55 1349
55 1663
55 1702
55 1944
56 102
56 445
56 1312
56 1810
56 1952
57 702
57 712
57 830
57 924
57 1048
57 1066
57 1101
57 1570
58 85
58 175
58 186
58 1291
59 423
59 482
59 677
59 869
59 1247
59 1478
59 1679
60 361
60 568
60 610
60 1036
60 1244
60 1247
60 1325
60 1397
61 533
61 561
61 890
61 1859
62 490
62 698
62 757
62 1401
62 1439
63 162
63 571
63 689
63 988
63 1080
63 1206
63 1488
64 153
64 447
64 586
64 828
64 956
64 1278
64 1397
65 368
65 1013
65 1018
65 1065
65 1162
65 1208
66 328
66 469
66 770
66 809
66 1342
66 1735
66 1875
67 397
67 413
67 1020
67 1521
67 1584
67 1616
67 1949
68 385
68 878
68 1216
68 1292
68 1862
69 426
69 508
69 757
69 946
69 1724
70 1172
70 1525
70 1616
70 1726
70 1896
71 401
71 463
71 503
71 1407
71 1671
71 1685
71 1908
72 422
72 592
72 600
72 1014
72 1229
72 1547
72 1577
73 203
73 262
73 315
73 691
73 797
73 830
73 1733
74 648
74 807
74 1979
75 141
75 536
75 542
75 885
76 244
76 492
76 897
76 930
76 1529
76 1844
76 1941
76 1980
77 693
77 871
77 940
77 1128
77 1422
78 253
78 708
78 1658
78 1843
78 1872
79 140
79 1152
79 1385
79 1777
79 1780
80 243
80 562
80 1229
80 1265
80 1345
80 1452
81 143
81 179
81 539
81 893
81 1131
81 1867
81 1930
82 682
82 1065
82 1160
82 1326
82 1329
83 234
83 432
83 741
83 1341
83 1488
83 1740
84 322
84 424
84 1443
84 1484
84 1745
85 359
85 670
85 1181
85 1570
85 1783
85 1907
85 1910
86 624
86 730
87 300
87 312
87 772
87 1699
88 309
88 940
88 1306
88 1904
89 505
89 853
89 913
89 961
89 1067
89 1460
89 1657
90 1504
90 1543
90 1599
91 343
91 660
91 668
91 695
91 766
91 862
91 917
91 1327
91 1706
92 687
92 819
92 981
92 1372
92 1396
92 1485
92 1956
93 283
93 939
93 1269
93 1609
93 1649
94 173
94 609
94 1556
94 1715
95 765
95 1064
95 1860
95 1905
96 300
96 339
96 577
96 753
97 387
97 620
97 1128
97 1264
97 1395
97 1653
97 1701
97 1887
98 389
98 1309
98 1589
98 1724
98 1998
99 137
99 503
99 949
99 965
99 1048
100 967
100 1285
100 1382
100 1445
100 1920
100 1999
101 112
101 966
101 1619
101 1734
101 1783
101 1879
101 1995
102 420
102 430
102 536
102 584
102 710
102 782
102 1361
102 1485
102 1663
103 295
103 393
103 629
103 961
103 1053
103 1338
104 136
104 360
104 394
104 761
104 1029
104 1695
105 255
105 437
105 679
105 1017
105 1165
106 163
106 317
106 501
106 827
106 975
106 1039
106 1045
106 1209
106 1657
106 1822
107 445
107 628
107 1178
107 1267
107 1396
107 1421
107 1746
108 305
108 391
108 564
108 1504
108 1548
108 1552
109 675
109 759
109 896
109 1114
110 635
110 808
110 914
110 1057
110 1299
111 595
111 1658
111 1829
112 842
112 1394
112 1903
113 1240
113 1610
113 1669
114 290
114 329
114 384
114 418
114 730
114 759
114 1218
114 1418
115 691
115 880
115 1449
115 1761
116 259
116 478
116 518
116 720
116 809
116 848
116 1253
116 1395
117 1252
117 1441
117 1617
118 421
118 647
118 1186
118 1751
119 808
119 1045
119 1636
119 1821
120 555
120 603
120 694
120 891
120 1060
120 1375
120 1419
121 884
121 1217
121 1813
122 395
122 1886
123 203
123 777
123 1396
123 1546
123 1644
123 1720
123 1945
123 1980
124 333
124 533
124 667
124 1235
124 1309
124 1384
124 1556
125 128
125 930
125 1788
125 1830
125 1842
125 1887
126 559
126 1300
126 1540
126 1710
127 619
127 882
127 884
127 1003
127 1478
127 1593
127 1811
128 160
128 236
128 548
128 952
128 1172
128 1615
129 366
129 378
129 425
129 607
129 1758
129 1978
130 414
130 1282
130 1356
130 1481
130 1558
130 1577
130 1853
131 208
131 978
131 1234
131 1749
132 592
132 727
132 737
132 743
132 914
132 1130
133 859
133 980
133 1092
133 1292
133 1567
133 1745
133 1925
133 1952
133 1982
134 843
134 1244
134 1521
134 1575
134 1722
134 1949
135 136
135 275
135 617
135 873
135 1059
135 1218
135 1735
135 1790
135 1798
136 327
136 616
136 690
136 760
136 1487
136 1593
136 1708
136 1733
136 1786
136 1965
137 292
137 445
137 490
137 1228
137 1531
137 1635
137 1666
137 1687
138 458
138 1025
138 1426
138 1492
138 1543
138 1638
138 1805
139 367
139 614
139 784
139 940
139 1106
139 1307
139 1979
140 450
140 974
140 1035
140 1336
140 1799
140 1975
141 994
141 1195
141 1327
141 1397
141 1781
141 1855
142 351
142 964
142 1505
142 1585
143 156
143 1015
143 1204
143 1413
143 1457
143 1699
143 1977
144 285
144 305
144 1201
144 1849
144 1883
144 1903
145 377
145 461
145 802
145 838
145 879
145 1648
146 153
146 418
146 585
146 1059
146 1086
146 1162
146 1252
146 1300
146 1462
146 1936
147 192
147 268
147 410
147 1034
147 1227
147 1397
147 1642
147 1722
148 397
148 928
148 1052
148 1144
148 1631
148 1789
149 354
149 484
149 541
149 555
149 1545
149 1748
150 441
150 631
150 1474
150 1807
150 1985
151 344
151 933
151 1579
152 373
152 411
152 1460
152 1623
152 1638
152 1650
152 1844
153 578
153 1891
154 641
154 1416
154 1470
154 1606
154 1643
155 709
155 1165
155 1394
155 1406
155 1930
156 390
156 558
156 787
156 989
156 1387
156 1473
156 1574
156 1636
157 167
157 733
157 743
157 752
157 1673
158 834
158 851
158 1076
158 1268
158 1275
158 1760
158 1962
159 202
159 281
159 331
159 523
159 1825
160 435
160 969
160 1703
160 1811
160 1826
161 201
161 248
161 569
161 1936
162 358
162 847
162 1483
162 1668
163 818
163 1600
163 1810
164 271
164 425
164 1211
164 1564
165 292
165 427
165 800
165 867
165 950
165 1537
165 1757
166 934
166 1984
167 585
167 710
167 1404
167 1681
167 1721
167 1821
167 1861
168 429
168 589
168 981
168 1482
168 1537
168 1793
168 1846
169 261
169 324
169 514
169 965
169 1897
169 1902
169 1946
170 259
170 1190
170 1677
170 1744
171 928
171 961
171 1337
171 1356
171 1481
171 1823
172 990
172 1328
173 178
173 233
173 497
173 1167
173 1606
173 1721
173 1778
173 1780
173 1800
173 1888
174 229
174 633
174 997
174 1441
174 1919
175 316
175 350
175 399
175 499
175 829
175 889
175 1423
175 1962
176 890
176 980
176 1176
176 1283
176 1567
176 1984
177 487
177 607
177 1045
177 1185
177 1981
178 237
178 512
178 673
178 838
178 1045
178 1141
178 1738
179 538
179 634
179 975
179 1400
179 1764
180 357
180 578
180 1923
180 1949
181 244
181 909
181 990
181 1717
181 1970
182 363
182 468
182 547
182 615
182 682
182 715
182 1665
182 1954
183 958
183 1036
183 1343
183 1947
184 367
184 417
184 551
184 1092
184 1213
185 579
185 663
185 793
185 1052
185 1982
186 266
186 378
186 913
186 938
186 1117
186 1860
186 1920
186 1972
187 611
187 652
187 725
187 819
187 1224
187 1514
188 564
188 667
188 1478
188 1654
188 1718
188 1781
189 191
189 604
189 762
189 882
189 976
189 1087
189 1501
189 1679
190 501
190 1219
190 1266
191 749
191 1117
191 1968
192 692
192 754
192 760
192 1028
192 1147
193 330
193 795
193 954
194 289
194 707
194 957
194 1196
194 1838
195 264
195 428
195 1181
195 1364
195 1402
196 1233
196 1419
196 1641
196 1669
196 1928
197 466
197 986
197 1479
197 1648
197 1758
198 330
198 353
198 479
198 647
198 1019
198 1817
199 325
199 815
199 1075
199 1609
199 1686
199 1717
200 319
200 492
200 572
200 846
200 999
200 1020
200 1145
200 1171
200 1647
201 320
201 482
201 1607
201 1861
201 1897
201 1960
202 534
202 834
202 1137
202 1176
202 1191
202 1268
202 1336
202 1468
202 1502
203 1116
203 1143
203 1665
203 1744
204 365
204 763
204 1982
205 228
205 1441
205 1794
205 1955
206 355
206 935
206 1081
206 1785
206 1912
207 1286
207 1396
207 1898
207 1915
208 268
208 521
208 641
208 998
208 1002
208 1057
208 1122
208 1725
209 1131
209 1424
209 1622
209 1764
209 1917
210 217
210 290
210 415
210 992
210 1373
210 1803
210 1818
211 366
211 387
211 1045
211 1397
211 1448
211 1960
212 998
212 1386
212 1926
213 881
213 1043
213 1115
213 1289
213 1854
214 585
214 614
215 1068
215 1187
215 1298
215 1679
215 1680
216 691
216 712
216 1464
216 1571
216 1652
217 341
217 532
217 598
217 1214
217 1642
217 1768
218 336
218 420
218 445
218 532
218 1135
218 1435
219 261
219 734
219 989
219 1036
219 1252
219 1838
219 1892
219 1936
220 233
220 627
220 699
220 1273
220 1417
220 1823
220 1868
221 347
221 1408
221 1949
222 339
222 722
222 899
222 1342
222 1408
223 543
223 607
223 614
223 1052
223 1122
223 1451
223 1576
224 690
224 935
224 999
224 1454
224 1580
224 1700
224 1842
225 363
225 591
225 858
225 868
225 1000
225 1404
226 425
226 948
226 1224
226 1362
226 1910
227 267
227 297
227 989
227 1043
227 1866
228 680
228 893
228 1234
229 235
229 303
229 362
229 420
229 1034
229 1166
230 381
230 787
230 1464
230 1724
230 1891
231 891
231 1153
231 1549
231 1879
231 1934
232 328
232 344
232 468
232 581
232 744
232 952
232 1938
233 264
233 412
233 832
233 1766
234 1024
234 1279
234 1368
234 1484
234 1488
234 1800
235 520
235 982
236 333
236 1595
236 1984
237 623
237 1220
237 1467
237 1915
238 538
238 1240
238 1241
238 1623
238 1766
239 497
239 653
239 943
239 1086
239 1306
239 1474
240 819
240 1056
240 1437
240 1617
240 1692
241 268
241 342
241 556
241 1158
241 1541
241 1936
242 545
242 600
242 622
242 801
242 1370
243 685
243 1245
243 1323
243 1546
243 1830
244 396
244 740
244 1043
244 1770
245 465
245 704
245 781
245 934
245 1056
245 1317
246 307
246 347
246 451
246 811
246 852
246 1753
246 1883
247 314
247 416
247 436
247 464
247 542
247 1111
248 660
248 732
248 1055
248 1395
248 1725
248 1941
249 259
249 530
249 659
249 854
249 906
249 1464
249 1468
249 1636
249 1727
249 1942
250 446
250 1019
250 1071
250 1122
250 1665
251 357
251 434
251 585
251 634
251 1059
251 1114
251 1243
252 985
252 1077
252 1118
252 1400
252 1406
252 1531
252 1576
252 1646
253 463
253 714
253 804
253 997
253 1187
253 1563
253 1828
254 386
254 932
254 1351
254 1417
254 1650
255 369
255 464
255 570
255 608
255 789
255 833
255 898
255 903
256 370
256 701
256 807
256 1804
256 1928
257 874
257 1180
257 1293
257 1324
257 1360
258 615
258 647
258 699
258 1054
258 1095
258 1268
258 1775
258 1899
259 374
259 832
259 1240
259 1750
260 912
260 942
260 1007
261 695
261 740
261 875
261 1375
262 437
262 612
262 706
262 1043
262 1141
262 1363
263 420
263 549
263 701
263 751
263 958
263 1028
263 1430
264 494
264 544
264 968
264 983
264 1019
264 1221
264 1228
264 1690
265 294
265 853
265 1347
265 1557
265 1612
265 1899
266 320
266 1707
267 287
267 1139
267 1640
267 1646
268 802
268 924
268 939
268 1107
268 1291
268 1556
268 1557
269 281
269 854
269 1307
269 1310
269 1604
269 1626
270 899
270 941
270 1244
270 1583
271 624
271 772
271 1578
271 1708
272 444
272 672
272 744
272 917
272 942
272 1099
273 576
273 1070
273 1271
273 1286
273 1447
273 1999
274 603
274 605
274 974
274 1462
274 1948
275 413
275 435
275 601
275 1222
276 489
276 531
276 936
276 1309
276 1352
276 1516
277 776
277 1339
277 1346
277 1746
278 758
278 811
278 916
278 1024
278 1231
279 383
279 396
279 476
279 1256
280 1149
280 1249
280 1283
280 1802
280 1980
281 564
281 663
281 1257
281 1622
281 1988
282 302
282 649
282 858
282 1002
282 1323
282 1342
282 1406
282 1799
282 1904
283 914
283 1390
283 1422
283 1772
283 1824
284 700
284 1167
284 1193
284 1202
285 768
285 1143
286 767
286 1465
286 1788
287 328
287 544
287 1126
287 1302
287 1912
288 471
288 641
288 1524
288 1970
289 333
289 1183
289 1856
290 542
290 754
290 893
290 999
290 1038
290 1236
290 1954
291 312
291 401
291 496
291 938
291 940
291 1346
291 1822
291 1986
291 1995
292 581
292 660
292 968
292 1914
293 352
293 602
293 707
293 1518
293 1745
294 488
294 1332
295 782
295 1507
295 1613
296 777
296 1188
296 1378
296 1519
296 1814
296 1868
297 613
297 727
297 929
298 662
298 934
298 1151
298 1215
298 1602
298 1825
299 403
299 641
299 666
299 822
300 463
300 604
300 1273
300 1334
300 1473
300 1858
301 389
301 714
301 793
301 1178
301 1926
302 925
302 1210
303 666
303 871
303 1624
303 1702
304 649
304 676
304 1204
304 1598
304 1676
305 332
305 369
305 731
306 392
306 1129
306 1618
306 1739
307 1296
307 1704
307 1945
308 440
308 668
308 770
308 825
308 1405
308 1531
309 466
309 815
309 1407
309 1437
309 1737
310 549
310 720
310 863
310 979
310 1473
310 1663
310 1714
311 415
311 917
311 996
311 1267
311 1574
311 1943
312 769
312 831
312 1011
312 1733
312 1994
313 486
313 524
313 677
313 1242
313 1397
313 1541
314 366
314 574
314 649
314 1025
314 1069
315 509
315 1088
315 1249
315 1531
316 537
316 1279
316 1575
316 1631
316 1860
317 779
317 943
317 1531
318 935
318 1044
318 1598
319 505
319 688
319 761
319 1028
319 1704
319 1784
319 1925
319 1972
320 452
320 809
320 1015
320 1615
320 1820
321 434
321 462
321 825
321 1099
321 1329
322 670
322 1009
322 1234
322 1432
323 654
323 892
323 946
323 1145
323 1432
323 1845
324 384
324 872
324 969
324 1061
325 526
325 914
325 998
325 1397
325 1721
326 484
326 650
326 745
326 997
326 1376
327 400
327 502
327 527
327 906
327 1185
327 1525
328 675
328 787
328 832
328 1187
328 1239
328 1495
329 606
329 635
329 755
329 1277
330 882
331 411
331 498
331 806
331 1239
331 1756
331 1828
332 808
332 1297
333 513
333 1264
333 1473
333 1949
334 650
334 1087
334 1366
334 1449
334 1861
335 389
335 482
335 863
335 1245
335 1825
336 397
336 563
336 1055
336 1587
336 1658
337 654
337 961
337 1323
337 1328
337 1661
337 1831
338 595
338 675
338 872
338 902
338 1275
338 1564
338 1772
338 1891
339 662
339 792
339 1071
339 1505
340 527
340 857
340 1545
340 1666
341 640
341 721
341 805
341 824
341 1095
341 1917
342 601
342 1414
342 1471
342 1886
342 1887
343 534
343 1006
343 1063
343 1396
343 1455
344 618
344 920
344 1164
344 1317
344 1350
344 1453
344 1840
345 614
345 725
345 872
345 903
345 1197
345 1335
345 1599
345 1602
345 1874
346 428
346 613
346 1408
347 434
347 1147
348 405
348 756
348 832
348 1050
348 1652
348 1934
348 1982
349 918
349 1232
349 1834
350 680
350 1954
351 615
351 820
351 1313
351 1463
352 353
352 1012
352 1040
352 1064
352 1304
352 1807
353 389
353 1320
353 1358
353 1607
353 1883
353 1921
354 760
354 1244
354 1558
354 1591
354 1734
355 841
355 1004
355 1220
355 1266
355 1507
355 1907
356 550
356 826
356 932
356 951
356 1090
357 624
357 659
357 1355
357 1998
358 383
358 924
358 1206
358 1556
359 625
359 688
359 1100
359 1169
359 1292
359 1382
359 1432
359 1605
359 1745
360 1064
360 1170
360 1238
360 1685
360 1700
360 1810
361 378
361 401
361 1192
361 1530
361 1857
362 363
362 533
362 1116
362 1303
362 1620
362 1636
362 1702
363 547
363 714
363 1265
363 1395
364 789
364 825
364 991
364 1093
364 1419
364 1709
364 1807
365 507
365 824
365 1009
365 1769
366 1102
367 384
367 420
367 966
367 1888
368 724
368 1134
368 1659
369 769
369 826
369 1174
369 1251
369 1978
370 479
370 1116
370 1584
371 779
371 1248
371 1497
371 1804
371 1941
372 634
372 734
372 1589
372 1625
372 1818
373 440
373 445
373 666
373 1422
374 411
374 774
374 1395
374 1574
375 614
375 748
375 855
375 927
375 972
375 1734
376 593
376 856
376 1145
376 1215
376 1490
377 1020
377 1414
377 1540
377 1592
377 1859
378 880
378 1255
379 1031
379 1058
379 1979
380 540
380 647
380 900
380 1091
380 1108
380 1431
380 1937
381 382
381 877
381 1069
381 1564
381 1745
382 429
382 522
382 1791
382 1866
382 1971
383 443
383 473
383 787
383 795
383 831
383 1666
383 1862
384 681
384 1012
384 1147
384 1580
385 483
385 567
385 1254
385 1363
385 1737
385 1966
386 582
386 826
386 1410
386 1589
387 1285
387 1644
387 1682
388 644
388 697
388 1606
388 1938
388 1984
389 553
389 1013
389 1140
389 1352
389 1462
390 490
390 969
390 1193
390 1210
390 1434
391 416
391 625
391 1337
391 1497
392 586
392 653
392 1282
392 1556
392 1801
392 1909
392 1928
393 463
393 837
393 1610
393 1705
393 1967
394 1408
394 1646
394 1925
395 762
395 1232
395 1285
395 1711
395 1959
396 495
396 831
396 1009
396 1138
396 1515
396 1999
397 497
397 850
397 1036
397 1151
397 1219
397 1443
397 1635
397 1943
398 834
398 917
398 1633
398 1853
399 406
399 888
399 1103
399 1236
399 1408
399 1439
400 425
400 618
400 632
400 1196
400 1940
401 516
401 1654
401 1982
402 759
402 946
402 1759
403 606
403 728
403 982
403 1148
403 1493
403 1904
404 475
404 631
404 987
404 1401
404 1631
405 1591
406 834
406 859
406 1444
406 1467
406 1616
406 1682
407 1065
407 1571
407 1632
407 1705
408 562
408 826
408 1014
408 1175
408 1867
409 421
409 474
409 724
409 905
409 1159
409 1415
409 1478
410 603
410 1193
410 1443
410 1597
410 1763
410 1957
410 1960
411 458
411 1103
411 1533
411 1629
411 1692
411 1703
412 531
412 616
412 676
412 681
412 704
412 1016
412 1528
412 1657
413 1645
413 1817
413 1915
414 659
414 1392
415 502
415 534
415 785
415 1152
415 1865
416 843
416 1046
416 1051
416 1289
416 1483
417 540
417 1272
417 1657
417 1924
418 789
418 796
418 1297
418 1583
418 1735
419 1094
419 1241
419 1979
420 1438
420 1712
421 764
421 1547
421 1595
421 1758
421 1880
422 598
422 635
422 758
423 654
423 1070
423 1285
423 1318
423 1811
424 1122
424 1331
424 1567
424 1880
425 1046
425 1141
425 1410
425 1569
425 1588
425 1720
425 1766
426 497
426 846
427 1220
427 1438
427 1492
427 1560
427 1636
427 1757
428 503
428 800
428 1034
429 1475
429 1711
429 1929
430 565
430 803
430 1115
430 1677
430 1881
431 774
431 886
431 945
431 1125
431 1963
432 568
432 944
432 949
432 999
432 1050
432 1850
433 667
433 942
433 1454
434 668
434 749
434 1511
434 1518
434 1624
434 1627
435 616
435 796
435 808
435 1112
435 1157
435 1778
435 1797
436 824
436 1247
436 1368
437 938
437 1281
437 1542
437 1597
437 1741
438 1698
438 1701
438 1788
439 641
439 734
439 1603
439 1821
440 1129
440 1167
440 1827
440 1850
441 448
441 496
441 1956
442 529
442 774
442 800
442 1086
442 1795
443 703
443 1560
443 1740
443 1792
444 577
444 889
444 1234
444 1508
444 1974
445 1118
445 1256
445 1539
446 564
446 1330
446 1514
447 548
447 1114
447 1197
447 1342
447 1607
447 1897
448 758
448 889
448 1764
449 708
449 893
449 904
449 1113
449 1248
449 1330
449 1944
450 714
450 715
450 723
450 1211
450 1351
450 1418
450 1532
451 778
451 861
452 692
452 1109
452 1476
453 489
453 498
453 757
453 984
453 1247
453 1347
453 1577
453 1885
454 964
454 1242
454 1289
454 1653
454 1880
454 1906
455 691
455 1709
456 1306
456 1521
456 1675
456 1698
456 1933
457 474
457 477
457 690
457 693
457 736
458 494
458 784
458 810
458 847
458 1012
458 1183
459 588
459 961
459 993
459 1488
459 1884
460 472
460 483
460 877
460 924
460 1400
460 1638
461 820
461 1656
461 1780
462 590
462 909
462 938
462 1672
462 1682
463 1245
463 1553
464 585
464 955
464 968
464 1664
465 1526
465 1764
465 1847
465 1945
466 678
467 1235
467 1380
467 1415
467 1475
468 694
468 1102
468 1501
468 1637
468 1732
469 499
469 730
469 1268
469 1604
470 527
470 944
470 1192
470 1228
470 1631
470 1979
471 1118
471 1502
472 556
472 1041
472 1122
472 1152
472 1547
473 729
473 824
473 935
473 980
473 1456
473 1517
474 563
474 814
474 917
474 1315
474 1353
474 1406
474 1548
474 1748
474 1919
475 737
475 804
475 1141
475 1237
475 1849
475 1920
475 1922
475 1928
475 1949
476 887
476 923
476 1198
476 1882
476 1919
476 1922
477 488
477 597
477 1239
477 1614
477 1725
478 798
478 802
478 1251
478 1284
478 1457
478 1565
478 1754
479 1201
479 1299
479 1804
479 1880
480 1065
480 1470
480 1618
480 1988
481 547
481 1302
481 1313
481 1555
481 1853
482 830
482 1261
482 1318
482 1403
482 1735
482 1803
483 803
483 947
483 1044
483 1442
483 1446
483 1888
484 567
484 677
484 1118
484 1303
484 1509
485 580
485 722
485 823
485 889
485 1846
486 1033
486 1738
487 749
487 841
487 1268
487 1483
487 1682
487 1743
488 707
488 1030
488 1337
488 1427
489 1383
489 1849
489 1891
489 1911
490 699
490 1319
490 1334
490 1988
491 632
491 1003
491 1457
491 1737
491 1817
492 1797
492 1983
493 932
493 1471
493 1772
494 867
494 887
494 1104
494 1153
494 1305
494 1599
494 1816
495 683
495 1047
495 1488
495 1552
495 1783
496 1294
496 1360
497 608
497 684
497 873
497 1449
497 1463
498 578
498 769
498 1814
499 620
499 1358
499 1844
499 1958
500 636
500 883
500 1507
500 1646
501 523
501 653
501 706
501 800
501 1394
501 1826
502 1560
502 1844
503 802
503 1048
503 1417
503 1552
503 1849
504 607
504 698
504 872
504 1208
504 1301
504 1452
504 1641
505 937
505 952
505 1563
506 941
506 1999
507 510
508 547
508 871
508 1431
508 1460
508 1536
509 589
509 973
509 1044
509 1596
510 1322
510 1508
510 1670
510 1888
511 1248
511 1398
511 1627
511 1900
512 633
512 679
512 1006
512 1072
512 1213
512 1367
512 1382
513 1058
513 1221
513 1746
514 770
514 1009
514 1086
514 1831
515 523
515 1023
515 1270
515 1424
516 869
516 1185
516 1261
516 1284
516 1354
517 857
517 863
517 1274
517 1507
517 1710
517 1850
517 1863
518 908
518 1168
518 1264
518 1327
518 1336
518 1494
518 1842
519 810
519 878
519 986
519 1457
519 1773
520 548
520 676
520 1611
520 1940
521 1397
521 1840
522 648
522 669
522 773
522 850
522 912
522 1085
522 1566
522 1783
523 1207
524 963
524 1045
524 1442
524 1674
525 1167
525 1356
525 1494
525 1600
525 1610
526 662
526 880
526 1124
526 1291
526 1725
527 638
527 1266
527 1360
527 1389
527 1523
528 548
528 1333
528 1877
528 1970
529 704
529 784
529 945
529 1220
529 1567
529 1869
530 854
530 871
530 1185
530 1667
530 1804
531 564
531 679
531 1157
531 1411
531 1425
531 1657
531 1904
532 704
532 1126
532 1302
532 1339
533 1169
533 1286
533 1523
534 559
534 1317
534 1723
535 1130
535 1322
535 1469
535 1537
535 1689
535 1707
535 1868
535 1941
536 614
536 790
536 961
536 1666
536 1937
537 1179
537 1803
538 645
538 868
538 1524
538 1765
539 685
539 738
539 1422
540 983
540 1891
541 892
541 1287
542 675
542 1171
542 1291
542 1359
542 1610
542 1766
543 924
543 1215
543 1306
543 1585
544 625
544 815
545 858
545 1383
545 1790
546 592
546 960
546 1001
546 1467
546 1561
547 664
547 814
547 922
547 1524
547 1526
548 798
548 932
548 1567
548 1820
548 1881
548 1915
549 677
549 683
549 1602
549 1672
549 1772
549 1836
549 1916
550 975
550 1917
551 845
551 1032
551 1862
552 1690
552 1968
553 1066
553 1772
554 1041
554 1245
554 1585
554 1872
554 1981
555 722
555 926
555 1384
555 1849
555 1860
556 589
556 795
556 967
556 996
556 1137
556 1867
557 640
557 857
557 945
557 1172
557 1496
557 1743
557 1960
558 719
558 1871
559 707
559 745
559 1302
559 1348
559 1421
560 672
560 796
560 1261
560 1306
560 1713
560 1767
560 1909
561 793
561 1294
561 1935
562 670
562 927
562 1027
562 1053
562 1557
563 1401
563 1706
563 1909
563 1952
565 805
565 1009
565 1268
565 1430
565 1564
566 815
566 1455
566 1792
566 1901
566 1909
567 805
567 907
567 1187
567 1375
567 1403
567 1923
568 572
568 634
568 906
568 1041
568 1061
568 1355
568 1536
568 1642
568 1882
569 585
569 1519
570 574
570 580
570 1093
570 1133
571 956
571 1032
571 1125
571 1176
571 1180
571 1956
572 804
573 625
573 1027
573 1059
573 1094
573 1567
573 1775
574 739
574 1535
574 1571
575 619
575 842
575 1433
575 1673
576 966
576 1284
576 1300
577 1314
577 1328
577 1475
577 1536
577 1550
578 1234
578 1375
579 717
579 869
579 1402
579 1611
579 1623
580 1189
580 1325
580 1410
580 1445
580 1492
580 1592
580 1928
581 1230
581 1661
581 1814
581 1846
581 1948
582 1260
582 1371
582 1687
582 1839
583 923
583 931
583 1166
583 1398
583 1454
583 1799
583 1877
583 1885
584 601
584 1466
584 1656
585 593
585 629
585 735
585 1006
585 1278
585 1295
585 1505
585 1940
586 849
586 944
586 1613
586 1645
586 1698
586 1993
587 633
587 687
587 823
587 1007
587 1059
587 1062
587 1611
587 1612
587 1795
588 960
588 986
588 1136
588 1344
588 1969
589 1147
589 1668
589 1820
589 1852
589 1904
589 1944
590 931
590 1085
590 1227
590 1401
590 1664
590 1708
590 1833
591 1139
591 1688
592 605
592 858
592 1688
593 1384
593 1395
593 1529
594 899
594 1201
594 1795
595 610
595 650
595 806
595 1042
595 1407
596 703
596 845
596 911
596 1898
596 1976
597 1756
598 636
598 866
598 1138
599 975
599 1633
599 1929
600 747
600 916
600 1370
600 1430
600 1929
601 1048
602 1111
602 1436
602 1747
603 1377
604 837
604 1212
604 1285
604 1708
604 1965
605 1852
606 748
606 787
606 859
606 1218
607 644
607 1094
607 1145
607 1180
607 1415
608 1510
608 1812
609 662
609 895
609 1403
610 1344
610 1754
611 1363
612 836
612 886
612 932
612 1178
612 1694
612 1850
612 1966
613 740
613 858
613 1489
614 1315
614 1615
614 1687
614 1837
615 752
615 886
615 1175
615 1305
616 939
616 996
616 1029
616 1378
616 1483
617 652
617 755
617 1065
618 932
618 1026
618 1461
619 1126
619 1989
620 657
620 937
620 1288
620 1319
620 1834
621 1170
621 1385
621 1465
621 1722
621 1936
622 1386
622 1666
623 735
623 925
624 1838
624 1901
625 1319
625 1469
625 1742
626 801
626 950
626 1093
626 1445
626 1873
627 1113
628 698
628 775
628 944
628 1333
628 1558
629 783
629 1068
629 1158
629 1790
629 1890
630 733
630 838
630 1141
630 1149
630 1255
630 1635
630 1885
630 1958
630 1980
631 969
631 1511
631 1701
631 1734
631 1918
631 1989
632 880
632 1199
632 1415
633 1178
633 1681
633 1950
634 952
634 954
634 1206
634 1398
634 1817
635 842
635 1094
635 1778
636 807
636 1178
636 1341
637 760
637 1130
637 1605
637 1718
637 1931
638 642
638 712
638 1017
638 1289
638 1418
638 1428
638 1808
638 1878
638 1890
639 919
639 921
639 1118
639 1189
639 1342
639 1430
640 902
640 1479
640 1554
640 1997
641 1183
642 824
642 1637
642 1761
643 1204
643 1255
643 1695
645 706
645 855
645 1586
645 1731
645 1922
646 736
646 803
646 1040
646 1731
647 729
647 977
647 1854
648 704
648 906
648 1586
648 1818
649 1096
649 1188
649 1495
649 1611
650 747
650 999
650 1024
651 991
651 1313
652 753
652 1061
652 1080
652 1302
652 1441
653 686
653 1564
654 785
654 889
654 902
654 1172
654 1233
654 1833
654 1839
655 1132
655 1785
655 1927
656 1107
656 1375
656 1412
656 1476
656 1549
656 1779
657 967
657 977
657 1021
657 1085
657 1451
658 670
658 1628
659 783
659 945
659 1692
659 1908
659 1916
660 1680
660 1756
661 1314
661 1503
661 1507
661 1619
661 1764
661 1865
662 1322
662 1935
663 1081
663 1236
664 734
664 819
664 959
664 994
664 1159
664 1473
664 1961
665 762
665 1284
665 1696
665 1744
666 887
666 1294
666 1461
666 1807
666 1978
667 883
667 981
667 1448
667 1986
668 1391
669 1512
669 1854
669 1880
669 1931
670 721
670 922
670 950
670 1065
670 1644
671 709
671 720
671 738
671 907
671 1105
671 1559
671 1817
672 1585
673 1109
673 1270
673 1386
674 1033
674 1103
674 1428
674 1647
674 1773
674 1990
675 829
675 1613
675 1857
676 685
676 721
676 1475
677 1222
677 1530
677 1597
678 987
678 1149
678 1422
678 1952
679 787
679 947
679 1232
679 1473
679 1604
680 1157
680 1515
680 1780
680 1944
681 1584
681 1664
682 816
682 991
682 1514
683 1007
683 1095
683 1722
683 1833
684 732
684 858
684 1398
685 1362
685 1375
685 1385
685 1890
686 1811
686 1967
687 1119
687 1810
688 876
688 1595
688 1658
689 994
689 1235
689 1783
689 1968
690 740
690 851
690 873
690 1055
690 1485
690 1615
690 1644
690 1800
690 1985
691 1358
692 1344
692 1439
692 1642
693 1205
693 1676
694 1369
694 1496
695 940
695 948
695 1059
695 1183
695 1318
696 868
696 1206
696 1239
696 1802
697 738
697 1314
697 1353
698 774
698 864
698 1101
699 936
699 946
699 1684
700 855
700 1021
700 1545
700 1783
700 1860
701 707
701 1145
701 1155
701 1655
701 1844
702 868
702 1101
702 1104
702 1223
702 1370
702 1822
702 1950
703 1412
703 1879
704 985
704 1208
704 1824
705 841
705 1021
705 1066
705 1398
705 1438
705 1554
705 1952
706 1172
707 709
707 1153
707 1492
707 1678
707 1937
708 1222
708 1498
708 1776
708 1834
708 1894
708 1948
709 963
709 1040
709 1193
709 1447
710 730
710 958
710 985
710 1220
710 1477
710 1778
711 1192
711 1487
711 1655
711 1691
711 1693
712 719
712 1346
712 1757
713 758
713 1286
713 1290
713 1347
713 1896
714 859
714 995
714 1059
714 1530
714 1580
714 1709
715 894
715 934
715 1553
715 1773
715 1802
716 967
716 1105
716 1582
716 1774
717 1105
718 953
718 1369
718 1512
719 832
719 1164
719 1788
720 1225
720 1347
720 1791
721 1402
721 1492
721 1541
721 1762
722 1202
722 1297
723 887
723 1187
723 1646
723 1820
724 1135
724 1318
724 1367
724 1505
724 1908
725 1779
725 1796
726 879
726 1408
726 1451
726 1602
726 1744
726 1789
726 1834
727 836
727 920
727 1263
727 1867
728 1022
728 1105
729 1235
729 1365
730 1612
731 1186
731 1275
731 1334
732 1165
732 1590
733 928
733 1549
733 1717
733 1934
734 1739
734 1740
734 1910
734 1996
735 937
735 1231
735 1390
735 1470
735 1672
735 1781
736 1030
736 1789
736 1813
738 1158
738 1447
738 1551
738 1837
738 1859
739 1085
739 1452
739 1700
739 1999
740 1072
741 759
741 1770
742 1080
742 1405
742 1758
743 959
743 981
743 1076
744 1053
744 1264
744 1442
744 1737
744 1790
744 1890
745 861
745 1242
745 1299
745 1461
746 778
746 1260
746 1286
746 1372
747 764
747 851
747 882
747 1016
747 1179
747 1254
747 1465
748 1662
748 1740
749 954
749 1298
750 803
750 850
750 1142
750 1680
750 1987
751 752
751 1153
751 1401
751 1838
752 798
752 1260
752 1293
753 802
753 949
753 1543
753 1615
753 1632
754 860
754 996
755 1279
755 1639
755 1771
756 1280
756 1305
756 1476
756 1661
757 801
757 1489
757 1564
757 1657
757 1977
758 1955
759 1452
760 1256
760 1580
760 1724
761 850
761 1414
762 988
763 1544
763 1936
764 858
764 1090
764 1308
764 1373
764 1527
764 1892
765 1229
765 1711
765 1894
766 1055
766 1311
766 1939
767 1071
767 1401
767 1635
767 1940
768 1057
768 1153
768 1393
769 1166
769 1325
769 1348
769 1816
770 1232
770 1286
770 1721
770 1935
771 1121
771 1538
771 1778
771 1886
772 1319
772 1599
772 1848
773 808
773 1193
773 1588
773 1728
773 1787
774 1036
774 1532
775 1578
775 1719
776 1106
776 1282
776 1643
777 840
777 1696
778 1122
778 1407
778 1516
778 1900
779 784
779 834
779 1249
779 1723
780 1348
780 1841
780 1881
781 1083
781 1806
782 1102
782 1362
782 1373
782 1705
782 1777
782 1803
783 785
783 1505
783 1615
784 1110
785 887
785 1689
785 1856
786 1090
786 1451
786 1604
786 1682
786 1767
786 1858
787 904
787 1099
787 1236
787 1267
787 1285
787 1971
788 905
788 1767
789 856
789 1311
789 1417
789 1729
789 1811
790 1211
790 1391
791 868
791 1062
791 1504
791 1776
792 1032
792 1039
792 1238
792 1277
792 1404
792 1451
792 1670
792 1874
792 1896
793 822
793 833
793 906
793 1718
794 863
794 1476
794 1694
794 1726
794 1919
795 1015
795 1369
795 1535
795 1660
795 1947
796 1125
797 1088
797 1229
798 930
798 1475
798 1533
799 1114
799 1540
799 1560
799 1599
799 1982
800 1147
800 1400
800 1459
800 1721
801 1234
801 1274
801 1535
801 1573
801 1626
801 1752
801 1772
802 889
802 907
802 1056
802 1144
802 1264
803 1423
804 866
804 901
804 1364
804 1864
804 1892
805 969
805 1138
805 1417
805 1787
805 1861
806 903
806 926
806 1608
807 861
807 1708
807 1834
808 892
808 1694
809 1391
809 1838
810 1118
810 1466
810 1963
810 1972
811 817
811 1218
811 1262
811 1445
812 1051
812 1276
812 1320
812 1327
813 830
813 1122
813 1190
813 1340
813 1359
813 1430
814 1083
814 1387
815 1473
815 1525
815 1870
816 1093
816 1266
816 1523
816 1840
817 1730
817 1892
818 1201
818 1301
818 1324
818 1379
818 1762
819 982
819 1271
819 1427
819 1822
820 1584
820 1895
821 988
821 1342
821 1455
821 1552
821 1976
822 1017
822 1034
822 1083
822 1366
822 1407
823 1802
823 1947
824 841
824 1344
824 1487
824 1809
824 1946
825 1150
825 1225
825 1246
825 1867
826 1005
826 1008
826 1058
826 1620
827 1213
827 1220
828 944
828 979
828 1402
828 1486
828 1623
828 1889
829 923
829 1027
829 1392
829 1504
829 1833
830 1003
830 1292
831 1032
831 1459
831 1492
831 1588
831 1840
832 1158
832 1293
832 1617
833 1843
833 1957
834 1150
834 1235
834 1510
834 1665
835 876
835 1534
835 1592
835 1915
835 1922
836 856
836 973
837 1571
837 1983
838 1614
838 1706
839 988
839 1023
839 1062
839 1523
839 1782
840 953
840 1018
840 1715
841 847
841 1190
841 1591
841 1823
842 1223
842 1390
842 1487
843 1238
843 1654
843 1896
844 1424
845 1157
845 1425
845 1645
845 1712
845 1871
845 1991
846 1340
847 1082
847 1179
848 1000
848 1027
848 1298
848 1688
848 1944
849 928
849 1127
849 1514
850 960
850 1188
850 1784
851 1010
852 1290
852 1340
852 1379
852 1706
852 1752
853 1317
854 894
854 895
854 1242
854 1341
854 1624
854 1652
854 1928
855 903
855 927
855 1472
855 1550
855 1556
856 1160
856 1222
856 1763
857 1341
857 1969
858 965
858 1725
859 1557
859 1566
859 1722
859 1789
859 1847
860 909
860 1546
860 1752
860 1847
861 1003
861 1339
862 976
862 978
862 1554
862 1687
863 1007
863 1281
863 1518
863 1571
863 1726
864 1304
865 884
865 1200
865 1460
866 1025
866 1136
866 1149
866 1705
867 1007
867 1140
867 1666
867 1797
868 1665
868 1872
869 996
869 1246
869 1529
870 959
870 1127
870 1149
870 1861
870 1879
870 1957
871 1182
871 1868
872 1316
872 1858
873 1388
873 1557
873 1759
874 1049
874 1475
875 938
875 1439
876 959
876 1040
876 1316
876 1378
876 1558
877 1490
877 1776
877 1869
878 1008
878 1106
878 1318
878 1815
878 1844
879 888
879 897
879 1079
879 1261
879 1466
879 1849
881 914
881 1068
881 1823
881 1955
882 1003
882 1187
882 1840
883 1220
883 1264
883 1996
884 1245
884 1513
884 1596
884 1700
884 1835
885 1279
885 1447
885 1561
885 1628
885 1903
886 1584
886 1948
887 1046
887 1085
887 1485
887 1803
887 1875
888 937
888 1276
888 1973
889 1263
890 1173
890 1512
891 921
891 1140
891 1928
892 961
892 1157
892 1759
892 1982
893 1246
893 1423
893 1661
893 1763
893 1869
894 1153
894 1207
894 1258
894 1901
894 1976
895 951
895 1383
895 1412
895 1652
895 1866
896 1658
896 1729
897 1045
897 1110
897 1151
897 1280
898 1067
898 1681
898 1934
899 1469
899 1574
899 1991
900 1226
900 1760
901 1108
901 1150
901 1489
901 1994
902 1197
902 1745
902 1816
903 937
903 1309
903 1796
903 1909
904 1253
904 1472
904 1671
905 971
905 1256
906 1130
906 1461
906 1951
907 1282
907 1343
907 1771
907 1774
908 963
908 1051
908 1074
908 1527
909 1202
909 1398
909 1573
909 1657
910 984
910 1089
910 1522
910 1804
911 1198
912 1294
912 1413
912 1538
912 1539
912 1683
912 1877
913 951
913 1125
913 1509
913 1850
914 1289
914 1504
915 977
915 978
915 1663
915 1881
916 939
917 1213
917 1285
917 1389
917 1532
918 1789
918 1863
919 955
919 1076
919 1569
919 1589
920 1152
920 1190
920 1772
920 1776
920 1989
921 1070
921 1526
922 1376
922 1881
922 1993
923 1453
923 1591
923 1937
924 989
924 1039
924 1085
925 1482
925 1863
926 1060
926 1137
926 1165
926 1286
926 1713
926 1730
926 1938
927 1006
927 1790
929 1084
929 1545
929 1894
930 1007
930 1963
931 1427
931 1481
931 1585
931 1806
931 1921
931 1951
932 1903
933 1001
933 1019
933 1168
933 1850
934 1397
934 1886
934 1901
935 1441
935 1544
935 1996
936 1206
936 1323
936 1410
936 1505
936 1878
937 1047
937 1100
937 1138
937 1522
937 1837
937 1862
938 1612
938 1723
938 1777
939 1120
939 1953
940 1204
940 1818
941 1588
941 1752
941 1963
942 1552
942 1818
943 961
943 1207
943 1757
943 1793
944 998
944 1200
944 1605
944 1885
944 1895
945 1098
945 1221
945 1238
945 1379
945 1424
945 1841
945 1847
946 1997
947 983
947 1322
947 1459
948 1413
948 1491
949 1272
949 1362
949 1592
949 1710
950 1014
950 1301
950 1393
950 1508
950 1886
951 1578
952 1590
952 1805
952 1887
953 1523
953 1894
954 1068
955 1166
955 1537
956 1115
956 1203
956 1204
956 1645
956 1710
956 1931
957 1004
957 1237
957 1738
958 1150
958 1223
958 1400
959 965
959 1465
960 1938
961 1140
961 1382
961 1881
961 1935
962 992
962 1054
962 1175
963 1015
963 1982
964 1281
965 1007
965 1041
965 1156
965 1223
965 1939
966 1366
966 1641
967 1018
967 1162
967 1305
968 1061
968 1527
968 1576
968 1812
968 1878
969 1467
969 1671
969 1768
970 1447
970 1726
970 1779
970 1817
970 1963
971 1056
971 1400
971 1961
971 1968
972 1373
972 1490
972 1563
972 1591
972 1599
973 1097
973 1480
973 1548
973 1968
974 987
974 1839
974 1884
974 1972
975 1316
975 1352
975 1772
976 1345
976 1520
976 1569
976 1864
977 1102
977 1333
977 1731
977 1873
978 1008
978 1205
979 1244
979 1394
979 1566
979 1649
979 1692
979 1959
980 1207
980 1243
980 1250
980 1338
980 1512
981 1620
981 1927
982 1624
982 1651
983 1288
983 1370
983 1438
983 1699
984 1172
984 1818
984 1849
984 1870
985 1560
986 1084
986 1122
986 1336
986 1754
986 1966
987 1106
987 1174
987 1256
987 1552
987 1709
987 1929
988 1439
988 1568
988 1625
989 1208
989 1292
989 1350
989 1493
989 1758
989 1979
990 1081
990 1758
990 1834
991 1167
991 1293
991 1320
991 1464
992 1431
992 1440
992 1630
993 1289
993 1488
993 1609
993 1942
994 1354
994 1411
994 1479
994 1580
995 1145
995 1264
995 1286
995 1827
995 1860
996 1216
996 1765
996 1870
997 1409
997 1448
997 1984
998 1130
998 1318
998 1744
998 1853
999 1213
999 1695
1000 1472
1000 1491
1001 1084
1001 1869
1001 1965
1002 1020
1002 1033
1002 1191
1002 1269
1002 1866
1003 1035
1003 1046
1003 1178
1003 1281
1003 1570
1004 1055
1004 1315
1005 1071
1005 1226
1005 1320
1006 1091
1006 1348
1007 1909
1008 1159
1008 1319
1009 1047
1009 1573
1009 1645
1009 1722
1009 1991
1010 1376
1011 1258
1011 1565
1011 1750
1012 1162
1013 1101
1013 1155
1013 1264
1013 1352
1014 1170
1014 1337
1014 1700
1014 1858
1014 1943
1014 1948
1015 1188
1016 1370
1016 1665
1016 1682
1017 1991
1018 1213
1018 1434
1018 1509
1018 1980
1019 1127
1019 1442
1019 1848
1019 1946
1019 1964
1020 1467
1020 1893
1021 1476
1021 1989
1022 1402
1022 1643
1022 1788
1023 1367
1023 1386
1023 1598
1023 1691
1024 1127
1024 1129
1024 1193
1024 1554
1024 1678
1024 1699
1025 1872
1026 1199
1026 1381
1026 1441
1026 1958
1027 1783
1028 1345
1028 1446
1028 1575
1028 1667
1029 1375
1029 1597
1029 1613
1029 1774
1030 1588
1031 1193
1031 1690
1031 1918
1032 1105
1032 1266
1033 1155
1033 1458
1033 1514
1034 1752
1034 1979
1035 1061
1035 1346
1035 1382
1035 1820
1036 1134
1036 1181
1036 1480
1037 1418
1037 1437
1037 1511
1037 1662
1037 1877
1037 1969
1038 1052
1038 1053
1038 1619
1038 1717
1039 1928
1040 1577
1040 1601
1041 1139
1041 1539
1041 1631
1042 1063
1042 1295
1042 1463
1042 1707
1042 1721
1042 1749
1042 1751
1042 1777
1043 1135
1043 1689
1044 1596
1044 1945
1046 1796
1047 1551
1047 1582
1048 1348
1048 1801
1048 1940
1049 1459
1049 1480
1050 1120
1050 1541
1050 1766
1051 1867
1052 1091
1052 1156
1052 1819
1053 1399
1053 1847
1054 1354
1054 1637
1055 1080
1055 1526
1055 1684
1056 1280
1056 1906
1057 1075
1057 1273
1057 1488
1057 1937
1058 1562
1058 1941
1059 1203
1059 1400
1059 1925
1060 1211
1060 1619
1060 1770
1061 1362
1062 1170
1062 1765
1062 1953
1063 1481
1063 1553
1063 1932
1064 1805
1065 1174
1066 1273
1067 1238
1067 1415
1067 1562
1067 1666
1067 1688
1067 1732
1068 1099
1068 1603
1069 1163
1069 1293
1069 1403
1069 1453
1069 1698
1069 1751
1069 1864
1070 1091
1070 1353
1070 1395
1070 1655
1070 1747
1070 1967
1071 1267
1071 1499
1071 1590
1071 1780
1071 1886
1072 1264
1072 1539
1072 1560
1073 1212
1073 1516
1074 1395
1074 1417
1074 1433
1074 1993
1075 1138
1075 1171
1075 1535
1075 1697
1075 1709
1076 1120
1076 1145
1076 1770
1077 1912
1077 1914
1078 1476
1078 1645
1078 1819
1078 1933
1079 1091
1079 1568
1079 1621
1080 1632
1080 1652
1080 1950
1081 1203
1081 1239
1081 1972
1082 1391
1082 1821
1082 1968
1083 1309
1083 1536
1083 1990
1084 1192
1084 1350
1084 1577
1084 1952
1085 1503
1086 1180
1086 1315
1086 1574
1086 1595
1087 1464
1087 1703
1087 1779
1087 1835
1088 1185
1088 1483
1089 1113
1089 1114
1089 1703
1090 1108
1090 1293
1090 1808
1091 1242
1091 1793
1091 1821
1092 1275
1092 1339
1092 1478
1092 1541
1092 1730
1093 1498
1093 1666
1094 1133
1094 1739
1095 1284
1095 1736
1095 1886
1096 1247
1096 1498
1096 1551
1097 1142
1097 1312
1097 1491
1097 1882
1098 1256
1098 1651
1098 1786
1098 1821
1099 1235
1099 1252
1099 1493
1100 1352
1100 1895
1101 1233
1101 1358
1101 1599
1101 1822
1101 1852
1102 1150
1102 1708
1102 1979
1102 1992
1103 1309
1104 1339
1104 1714
1105 1304
1105 1540
1105 1880
1105 1958
1106 1298
1107 1737
1108 1536
1108 1587
1109 1360
1109 1459
1109 1546
1111 1478
1111 1575
1111 1842
1111 1864
1112 1285
1112 1348
1112 1698
1113 1144
1113 1308
1113 1415
1113 1470
1114 1683
1115 1451
1115 1495
1115 1752
1115 1766
1116 1220
1116 1999
1117 1353
1117 1398
1117 1402
1117 1641
1117 1719
1117 1815
1117 1861
1118 1922
1119 1633
1119 1946
1120 1211
1120 1250
1120 1510
1120 1614
1121 1729
1122 1152
1122 1290
1122 1466
1123 1326
1123 1835
1123 1841
1123 1888
1124 1129
1124 1752
1124 1917
1125 1686
1125 1793
1126 1359
1127 1222
1127 1461
1128 1442
1128 1469
1128 1565
1128 1913
1129 1394
1129 1561
1129 1861
1129 1884
1131 1552
1131 1831
1131 1972
1132 1260
1132 1368
1133 1344
1133 1390
1134 1824
1134 1894
1135 1148
1135 1804
1135 1990
1136 1416
1136 1816
1136 1865
1137 1672
1137 1710
1137 1846
1138 1257
1138 1685
1138 1826
1139 1636
1140 1517
1141 1245
1142 1300
1142 1382
1142 1622
1142 1650
1142 1843
1143 1197
1143 1423
1143 1923
1144 1373
1144 1473
1145 1528
1145 1831
1145 1868
1146 1485
1146 1544
1147 1342
1147 1365
1147 1375
1148 1353
1148 1565
1148 1773
1148 1779
1148 1964
1149 1892
1150 1405
1150 1431
1151 1251
1151 1472
1151 1480
1151 1661
1151 1920
1152 1287
1153 1161
1154 1159
1154 1179
1154 1384
1154 1769
1155 1426
1155 1604
1156 1175
1156 1644
1156 1739
1158 1228
1158 1525
1158 1665
1158 1719
1159 1217
1161 1234
1161 1782
1162 1186
1162 1344
1162 1524
1162 1582
1162 1784
1162 1808
1163 1226
1163 1407
1163 1555
1163 1655
1163 1705
1164 1238
1164 1670
1164 1834
1164 1967
1165 1687
1165 1765
1165 1805
1166 1224
1166 1245
1167 1272
1167 1827
1169 1330
1170 1219
1170 1256
1170 1262
1170 1263
1170 1705
1171 1273
1171 1952
1172 1534
1173 1188
1173 1581
1174 1791
1176 1640
1177 1335
1177 1338
1177 1578
1178 1371
1178 1381
1179 1281
1180 1331
1180 1339
1181 1515
1182 1247
1182 1487
1182 1778
1182 1996
1183 1683
1184 1540
1184 1566
1184 1786
1185 1413
1185 1603
1185 1685
1185 1853
1186 1506
1186 1585
1186 1948
1187 1247
1187 1330
1187 1430
1187 1629
1187 1680
1188 1190
1188 1296
1188 1383
1188 1813
1189 1210
1189 1531
1189 1712
1189 1807
1190 1598
1190 1620
1190 1668
1191 1246
1191 1278
1191 1407
1191 1731
1192 1362
1192 1416
1192 1497
1192 1802
1192 1968
1193 1544
1193 1732
1194 1412
1194 1592
1194 1725
1194 1742
1194 1851
1195 1251
1195 1354
1195 1758
1196 1546
1196 1583
1196 1685
1197 1286
1197 1293
1197 1511
1197 1574
1198 1435
1198 1494
1198 1884
1199 1755
1200 1525
1200 1677
1200 1735
1201 1339
1201 1442
1201 1867
1202 1563
1202 1961
1202 1965
1203 1237
1203 1361
1204 1441
1204 1998
1205 1271
1205 1943
1206 1546
1206 1804
1207 1571
1207 1719
1209 1380
1209 1774
1209 1923
1210 1223
1210 1323
1210 1621
1211 1404
1211 1586
1211 1642
1211 1723
1211 1938
1212 1249
1212 1398
1212 1605
1212 1974
1214 1419
1214 1468
1214 1837
1214 1902
1215 1708
1215 1900
1216 1840
1217 1831
1217 1867
1217 1947
1219 1636
1219 1676
1219 1768
1220 1242
1221 1344
1221 1618
1221 1754
1221 1830
1221 1977
1222 1581
1222 1793
1222 1827
1222 1855
1223 1284
1224 1412
1224 1446
1225 1287
1225 1690
1226 1254
1227 1237
1227 1415
1227 1751
1228 1918
1230 1241
1230 1271
1230 1379
1231 1253
1231 1530
1231 1538
1233 1328
1233 1820
1234 1355
1236 1577
1237 1268
1237 1644
1238 1268
1238 1516
1239 1449
1239 1558
1240 1423
1240 1590
1240 1607
1240 1928
1241 1576
1241 1760
1242 1450
1242 1463
1242 1522
1242 1571
1242 1803
1243 1431
1243 1505
1243 1555
1245 1399
1245 1438
1246 1248
1246 1549
1246 1598
1246 1741
1246 1988
1246 1994
1247 1390
1247 1934
1248 1762
1249 1303
1250 1416
1250 1544
1250 1852
1251 1768
1251 1911
1251 1970
1252 1588
1253 1532
1253 1992
1254 1387
1254 1403
1254 1464
1254 1705
1254 1725
1254 1970
1255 1548
1255 1685
1255 1716
1256 1617
1256 1823
1257 1432
1257 1629
1258 1286
1258 1321
1258 1386
1258 1392
1258 1485
1258 1760
1259 1306
1259 1929
1259 1992
1260 1513
1260 1552
1260 1666
1261 1296
1261 1549
1261 1926
1261 1944
1262 1543
1262 1688
1262 1740
1263 1324
1263 1416
1263 1495
1263 1667
1264 1361
1264 1362
1264 1998
1266 1309
1266 1434
1266 1780
1267 1451
1267 1684
1267 1919
1268 1273
1269 1628
1269 1927
1270 1335
1272 1501
1272 1829
1273 1478
1274 1343
1274 1500
1274 1570
1274 1700
1275 1366
1275 1385
1276 1310
1277 1342
1277 1640
1278 1768
1278 1774
1278 1789
1279 1422
1279 1482
1279 1982
1280 1368
1280 1826
1280 1833
1281 1418
1281 1446
1282 1283
1283 1442
1283 1477
1283 1860
1284 1544
1284 1968
1285 1511
1285 1605
1285 1616
1285 1829
1286 1312
1286 1663
1286 1728
1286 1849
1286 1982
1287 1390
1288 1326
1288 1581
1288 1961
1290 1594
1290 1786
1291 1293
1291 1403
1291 1635
1291 1692
1292 1608
1294 1364
1294 1510
1294 1806
1295 1318
1295 1586
1295 1630
1296 1621
1297 1674
1297 1962
1298 1603
1298 1885
1299 1749
1299 1920
1300 1463
1300 1660
1300 1766
1301 1333
1301 1581
1301 1609
1301 1725
1301 1871
1302 1307
1302 1378
1303 1607
1303 1742
1304 1373
1304 1851
1305 1538
1305 1661
1305 1742
1305 1838
1306 1410
1306 1720
1306 1775
1306 1865
1307 1312
1307 1670
1307 1831
1308 1674
1309 1350
1310 1463
1310 1921
1312 1961
1313 1467
1313 1643
1314 1458
1315 1448
1316 1477
1316 1764
1316 1911
1316 1939
1318 1326
1318 1797
1318 1809
1318 1819
1319 1873
1320 1601
1321 1440
1321 1811
1322 1403
1322 1665
1322 1669
1323 1528
1323 1670
1324 1603
1325 1385
1325 1605
1325 1607
1325 1651
1325 1926
1326 1341
1327 1678
1328 1751
1329 1628
1329 1803
1329 1925
1330 1627
1332 1448
1332 1609
1333 1401
1333 1678
1333 1806
1335 1381
1335 1419
1335 1631
1337 1353
1337 1564
1337 1652
1337 1817
1338 1732
1339 1356
1339 1469
1339 1499
1339 1718
1339 1979
1340 1845
1341 1543
1341 1544
1341 1660
1341 1672
1342 1364
1342 1989
1343 1813
1344 1591
1344 1687
1344 1979
1345 1761
1345 1901
1346 1531
1347 1392
1347 1444
1347 1457
1348 1497
1349 1887
1350 1406
1350 1877
1350 1918
1351 1398
1351 1604
1351 1656
1351 1969
1352 1408
1352 1435
1352 1711
1352 1914
1354 1668
1354 1781
1354 1972
1355 1490
1355 1656
1355 1931
1356 1534
1357 1454
1358 1648
1358 1956
1359 1988
1361 1589
1362 1491
1362 1744
1362 1984
1363 1846
1363 1999
1364 1508
1364 1569
1364 1708
1364 1871
1364 1980
1366 1745
1366 1992
1367 1642
1367 1651
1369 1934
1371 1391
1371 1848
1371 1854
1372 1381
1372 1771
1372 1902
1374 1547
1374 1642
1374 1721
1374 1875
1374 1898
1375 1524
1375 1696
1375 1759
1375 1840
1375 1890
1376 1389
1376 1958
1377 1797
1377 1985
1378 1482
1378 1928
1379 1503
1379 1629
1379 1658
1380 1665
1380 1871
1380 1969
1382 1883
1383 1926
1384 1764
1385 1392
1386 1801
1386 1811
1387 1404
1387 1491
1387 1662
1388 1905
1391 1706
1391 1710
1391 1809
1393 1628
1393 1861
1394 1428
1394 1721
1394 1945
1395 1733
1395 1927
1396 1806
1397 1758
1398 1644
1399 1568
1400 1943
1402 1439
1402 1649
1403 1833
1403 1839
1404 1705
1404 1736
1405 1472
1405 1817
1405 1942
1406 1453
1406 1673
1407 1535
1407 1885
1408 1782
1408 1834
1409 1749
1409 1994
1410 1720
1411 1905
1412 1548
1412 1682
1413 1832
1413 1858
1414 1569
1414 1787
1414 1914
1415 1599
1418 1462
1419 1637
1420 1809
1420 1983
1421 1697
1421 1906
1422 1555
1423 1523
1423 1593
1425 1595
1425 1702
1425 1753
1426 1650
1426 1867
1429 1781
1429 1825
1429 1847
1430 1558
1430 1694
1431 1799
1432 1828
1432 1989
1433 1884
1435 1513
1435 1571
1436 1653
1436 1737
1436 1764
1436 1971
1437 1549
1437 1696
1437 1848
1438 1575
1438 1777
1440 1452
1440 1766
1442 1916
1443 1597
1444 1654
1444 1686
1444 1995
1445 1550
1445 1601
1445 1908
1446 1528
1447 1631
1447 1648
1448 1492
1448 1528
1448 1582
1448 1759
1448 1783
1449 1498
1449 1810
1449 1996
1450 1495
1450 1499
1450 1772
1450 1850
1451 1803
1452 1580
1452 1743
1453 1461
1453 1752
1453 1883
1454 1683
1454 1779
1454 1929
1455 1732
1455 1891
1456 1483
1456 1590
1456 1830
1458 1474
1458 1590
1458 1887
1458 1989
1458 1990
1459 1559
1459 1776
1459 1823
1461 1738
1462 1673
1462 1696
1463 1795
1464 1483
1465 1875
1466 1540
1466 1879
1468 1553
1468 1718
1471 1538
1471 1801
1473 1819
1473 1855
1475 1555
1477 1648
1477 1751
1479 1550
1479 1625
1479 1713
1480 1593
1480 1898
1481 1517
1481 1964
1482 1571
1482 1695
1482 1856
1484 1678
1485 1540
1485 1638
1485 1953
1486 1508
1486 1852
1488 1810
1489 1493
1490 1913
1491 1497
1492 1761
1492 1929
1492 1975
1493 1538
1493 1959
1494 1737
1494 1989
1495 1668
1496 1948
1497 1647
1497 1895
1498 1645
1500 1524
1502 1536
1502 1969
1504 1530
1505 1969
1506 1637
1510 1835
1510 1875
1511 1839
1513 1793
1514 1542
1514 1602
1514 1662
1514 1685
1514 1788
1515 1753
1516 1629
1516 1812
1516 1852
1517 1797
1518 1579
1519 1586
1519 1588
1519 1705
1519 1846
1519 1960
1520 1817
1520 1906
1521 1612
1522 1809
1523 1711
1525 1639
1526 1780
1527 1744
1527 1769
1527 1909
1527 1920
1528 1971
1530 1851
1530 1927
1531 1874
1532 1842
1532 1924
1533 1600
1533 1971
1534 1611
1535 1669
1535 1677
1537 1795
1537 1969
1538 1572
1538 1596
1540 1645
1543 1613
1543 1634
1545 1657
1545 1874
1547 1964
1548 1931
1549 1607
1549 1645
1550 1559
1550 1563
1553 1686
1553 1892
1555 1698
1556 1743
1557 1847
1558 1925
1559 1565
1559 1758
1560 1967
1563 1581
1563 1671
1567 1789
1567 1946
1571 1886
1572 1971
1572 1993
1575 1703
1575 1758
1578 1987
1580 1992
1581 1611
1581 1757
1581 1835
1582 1616
1582 1727
1586 1728
1587 1992
1588 1664
1589 1602
1589 1718
1591 1946
1592 1870
1593 1848
1593 1950
1594 1641
1595 1743
1596 1730
1597 1859
1597 1860
1599 1922
1600 1685
1600 1935
1601 1645
1601 1662
1601 1778
1601 1825
1602 1738
1602 1765
1605 1804
1605 1876
1605 1997
1606 1620
1606 1713
1606 1850
1606 1919
1606 1985
1607 1935
1609 1667
1609 1691
1609 1820
1611 1676
1612 1755
1612 1975
1613 1666
1613 1910
1614 1634
1615 1940
1615 1975
1617 1745
1617 1763
1617 1888
1618 1717
1619 1848
1621 1939
1622 1976
1622 1988
1623 1641
1623 1723
1623 1897
1624 1718
1624 1991
1625 1947
1625 1968
1626 1784
1627 1629
1627 1736
1627 1859
1629 1708
1630 1708
1630 1797
1630 1828
1630 1836
1631 1744
1632 1675
1633 1952
1635 1676
1635 1839
1635 1932
1636 1848
1636 1928
1637 1985
1638 1665
1638 1667
1638 1771
1639 1643
1639 1886
1641 1904
1642 1653
1642 1676
1644 1953
1646 1711
1646 1719
1647 1798
1649 1692
1649 1785
1649 1955
1650 1829
1652 1810
1653 1748
1654 1933
1657 1722
1657 1966
1657 1995
1658 1821
1659 1955
1660 1902
1661 1742
1662 1716
1662 1909
1664 1818
1664 1981
1665 1844
1666 1737
1666 1863
1666 1877
1667 1870
1668 1711
1669 1898
1671 1950
1672 1731
1672 1918
1675 1699
1676 1924
1677 1863
1677 1916
1679 1931
1679 1990
1680 1924
1681 1922
1682 1947
1683 1823
1684 1923
1687 1764
1687 1996
1688 1812
1691 1911
1691 1918
1691 1989
1693 1907
1693 1919
1694 1727
1695 1733
1695 1886
1696 1808
1697 1907
1700 1888
1701 1843
1704 1825
1709 1971
1710 1882
1710 1976
1711 1716
1712 1891
1713 1754
1713 1827
1713 1977
1714 1822
1714 1861
1715 1973
1716 1931
1720 1831
1720 1999
1721 1828
1722 1827
1722 1974
1723 1934
1725 1894
1727 1900
1727 1987
1728 1844
1730 1925
1733 1752
1734 1815
1734 1826
1734 1833
1736 1745
1736 1782
1736 1798
1737 1897
1737 1930
1738 1763
1738 1801
1738 1842
1738 1920
1741 1899
1741 1945
1745 1913
1745 1988
1746 1756
1747 1927
1748 1963
1749 1870
1750 1966
1751 1993
1752 1834
1752 1860
1753 1776
1754 1951
1756 1903
1756 1965
1757 1874
1757 1934
1760 1927
1762 1781
1762 1948
1763 1955
1768 1779
1768 1970
1769 1882
1771 1930
1773 1879
1773 1930
1775 1834
1776 1815
1778 1869
1780 1854
1781 1826
1784 1903
1784 1928
1786 1893
1786 1898
1788 1838
1788 1987
1792 1800
1792 1857
1792 1896
1794 1947
1795 1851
1795 1993
1796 1824
1796 1937
1798 1856
1804 1926
1807 1976
1810 1992
1813 1916
1815 1837
1815 1908
1816 1823
1817 1907
1817 1950
1819 1932
1823 1943
1824 1862
1827 1912
1829 1902
1830 1891
1832 1889
1832 1903
1832 1935
1838 1871
1839 1881
1839 1939
1839 1945
1844 1909
1846 1969
1853 1875
1853 1883
1854 1895
1857 1888
1861 1974
1863 1896
1863 1899
1863 1990
1863 1995
1868 1899
1869 1899
1871 1889
1871 1942
1873 1931
1873 1958
1875 1978
1876 1946
1876 1997
1878 1993
1880 1888
1883 1895
1884 1920
1884 1947
1884 1978
1888 1910
1892 1975
1893 1975
1894 1945
1897 1943
1899 1924
1900 1956
1901 1915
1903 1927
1907 1954
1908 1983
1908 1987
1927 1979
1930 1931
1932 1942
1932 1962
1934 1953
1934 1974
1938 1995
1939 1956
1940 1989
1949 1986
1952 1959
1956 1963
1958 1980
1961 1985
