300 9278
0 2
0 7
0 9
0 16
0 22
0 23
0 28
0 55
0 56
0 66
0 69
0 80
0 85
0 87
0 90
0 95
0 97
0 101
0 106
0 110
0 113
0 115
0 116
0 119
0 122
0 123
0 126
0 128
0 130
0 138
0 140
0 146
0 153
0 155
0 162
0 170
0 180
0 186
0 197
0 199
0 206
0 207
0 213
0 221
0 225
0 233
0 236
0 248
0 249
0 250
0 256
0 264
0 272
0 279
0 280
0 285
0 288
0 289
0 291
0 292
1 3
1 8
1 14
1 23
1 24
1 26
1 33
1 37
1 39
1 41
1 42
1 46
1 51
1 57
1 58
1 61
1 64
1 74
1 78
1 88
1 90
1 103
1 106
1 112
1 116
1 118
1 126
1 127
1 130
1 134
1 138
1 150
1 161
1 165
1 172
1 177
1 181
1 184
1 192
1 193
1 194
1 195
1 200
1 201
1 204
1 216
1 217
1 220
1 229
1 230
1 232
1 234
1 235
1 243
1 244
1 248
1 253
1 257
1 259
1 262
1 263
1 265
1 268
1 269
1 271
1 272
1 276
1 280
1 283
1 288
1 289
1 291
1 294
1 296
2 9
2 16
2 17
2 22
2 24
2 28
2 29
2 37
2 45
2 48
2 50
2 56
2 59
2 64
2 67
2 84
2 88
2 100
2 103
2 110
2 112
2 113
2 115
2 116
2 117
2 122
2 135
2 138
2 139
2 140
2 142
2 143
2 148
2 154
2 167
2 172
2 178
2 179
2 182
2 195
2 196
2 199
2 200
2 202
2 207
2 208
2 217
2 219
2 223
2 224
2 232
2 243
2 247
2 257
2 259
2 266
2 270
2 278
2 290
2 293
2 294
3 14
3 15
3 17
3 26
3 28
3 30
3 31
3 32
3 33
3 41
3 47
3 48
3 54
3 60
3 62
3 65
3 67
3 68
3 69
3 72
3 77
3 79
3 92
3 97
3 106
3 107
3 111
3 117
3 118
3 122
3 129
3 133
3 135
3 139
3 140
3 141
3 145
3 148
3 156
3 160
3 164
3 171
3 173
3 175
3 179
3 181
3 187
3 193
3 196
3 201
3 209
3 210
3 213
3 215
3 219
3 221
3 222
3 223
3 226
3 232
3 234
3 237
3 242
3 243
3 248
3 252
3 254
3 257
3 260
3 261
3 264
3 271
3 273
3 277
3 292
3 296
4 6
4 19
4 22
4 28
4 31
4 37
4 39
4 42
4 51
4 53
4 55
4 61
4 62
4 68
4 73
4 75
4 76
4 77
4 85
4 93
4 100
4 109
4 119
4 127
4 132
4 133
4 140
4 145
4 152
4 165
4 174
4 176
4 177
4 181
4 183
4 187
4 191
4 193
4 196
4 200
4 205
4 207
4 208
4 211
4 219
4 222
4 229
4 231
4 233
4 239
4 242
4 243
4 244
4 247
4 256
4 257
4 261
4 262
4 280
4 291
4 295
4 297
4 298
5 11
5 13
5 17
5 24
5 28
5 35
5 43
5 58
5 59
5 62
5 64
5 74
5 84
5 89
5 91
5 94
5 105
5 114
5 115
5 116
5 122
5 123
5 125
5 129
5 137
5 140
5 142
5 143
5 147
5 148
5 150
5 151
5 152
5 153
5 155
5 173
5 174
5 178
5 185
5 186
5 194
5 195
5 196
5 199
5 200
5 203
5 208
5 210
5 216
5 219
5 224
5 226
5 228
5 235
5 237
5 241
5 246
5 247
5 259
5 264
5 278
5 280
5 284
5 292
5 294
5 296
6 10
6 11
6 13
6 22
6 25
6 26
6 28
6 33
6 35
6 36
6 61
6 68
6 74
6 79
6 80
6 86
6 87
6 88
6 89
6 101
6 102
6 112
6 113
6 114
6 117
6 120
6 121
6 138
6 141
6 142
6 151
6 152
6 159
6 160
6 166
6 174
6 175
6 179
6 180
6 181
6 184
6 188
6 189
6 191
6 197
6 200
6 203
6 221
6 222
6 226
6 232
6 233
6 234
6 244
6 245
6 247
6 256
6 259
6 263
6 270
6 272
6 275
6 276
6 284
6 286
6 287
6 299
7 13
7 15
7 17
7 20
7 40
7 42
7 55
7 56
7 67
7 75
7 77
7 81
7 82
7 86
7 90
7 96
7 98
7 99
7 101
7 102
7 114
7 136
7 137
7 143
7 144
7 148
7 154
7 159
7 160
7 163
7 170
7 182
7 187
7 189
7 192
7 196
7 201
7 202
7 208
7 210
7 217
7 220
7 226
7 230
7 231
7 236
7 243
7 247
7 258
7 262
7 264
7 266
7 279
7 281
7 284
7 285
7 288
7 289
7 290
7 292
7 295
7 298
8 9
8 10
8 13
8 28
8 29
8 31
8 36
8 38
8 39
8 41
8 50
8 56
8 57
8 65
8 75
8 87
8 92
8 96
8 97
8 101
8 104
8 108
8 112
8 117
8 123
8 142
8 148
8 151
8 154
8 162
8 172
8 173
8 174
8 177
8 198
8 199
8 207
8 211
8 220
8 223
8 226
8 230
8 242
8 249
8 256
8 263
8 268
8 269
8 275
8 276
8 280
8 281
8 286
8 288
8 294
8 298
9 14
9 20
9 21
9 23
9 35
9 37
9 38
9 42
9 50
9 51
9 56
9 58
9 62
9 68
9 71
9 79
9 81
9 84
9 87
9 92
9 94
9 107
9 110
9 114
9 116
9 124
9 129
9 131
9 135
9 139
9 143
9 147
9 150
9 151
9 152
9 157
9 160
9 164
9 165
9 174
9 175
9 182
9 185
9 187
9 194
9 204
9 210
9 212
9 219
9 222
9 227
9 228
9 240
9 246
9 248
9 251
9 255
9 262
9 267
9 269
9 272
9 277
9 283
9 286
9 288
9 289
9 292
10 13
10 18
10 23
10 32
10 39
10 59
10 61
10 66
10 67
10 68
10 69
10 73
10 76
10 77
10 80
10 87
10 90
10 93
10 97
10 100
10 106
10 112
10 113
10 115
10 125
10 126
10 130
10 134
10 140
10 146
10 147
10 149
10 154
10 161
10 166
10 177
10 179
10 180
10 183
10 187
10 195
10 197
10 198
10 201
10 202
10 212
10 215
10 224
10 230
10 233
10 235
10 242
10 243
10 245
10 248
10 251
10 252
10 256
10 263
10 268
10 269
10 270
10 271
10 274
10 277
10 285
10 292
10 296
11 20
11 30
11 33
11 37
11 38
11 40
11 41
11 44
11 57
11 58
11 62
11 63
11 65
11 70
11 72
11 81
11 83
11 93
11 106
11 117
11 124
11 127
11 129
11 137
11 140
11 168
11 179
11 181
11 191
11 192
11 198
11 203
11 207
11 208
11 210
11 211
11 212
11 215
11 228
11 231
11 239
11 242
11 252
11 263
11 270
11 274
11 276
11 277
11 285
11 288
11 291
12 14
12 26
12 36
12 39
12 43
12 46
12 50
12 57
12 59
12 60
12 62
12 64
12 81
12 84
12 87
12 95
12 99
12 107
12 111
12 115
12 127
12 130
12 138
12 152
12 154
12 164
12 168
12 169
12 170
12 171
12 172
12 173
12 175
12 176
12 181
12 183
12 185
12 188
12 190
12 195
12 198
12 201
12 207
12 209
12 217
12 220
12 225
12 226
12 227
12 228
12 235
12 238
12 239
12 243
12 244
12 246
12 250
12 251
12 255
12 256
12 258
12 259
12 262
12 265
12 270
12 279
12 286
12 287
12 294
13 17
13 19
13 22
13 24
13 28
13 35
13 47
13 50
13 55
13 60
13 68
13 71
13 72
13 76
13 79
13 82
13 83
13 93
13 98
13 103
13 117
13 118
13 120
13 122
13 124
13 127
13 128
13 132
13 133
13 138
13 144
13 145
13 149
13 152
13 163
13 167
13 171
13 174
13 181
13 184
13 185
13 193
13 203
13 207
13 211
13 212
13 214
13 215
13 218
13 219
13 222
13 228
13 238
13 247
13 249
13 260
13 274
13 280
13 283
13 284
13 287
13 289
13 292
13 295
13 297
13 299
14 16
14 21
14 25
14 27
14 41
14 42
14 45
14 55
14 57
14 62
14 64
14 75
14 83
14 84
14 85
14 87
14 105
14 113
14 120
14 124
14 125
14 143
14 144
14 147
14 151
14 153
14 159
14 164
14 167
14 174
14 177
14 179
14 190
14 191
14 192
14 196
14 211
14 214
14 215
14 226
14 229
14 232
14 235
14 238
14 240
14 241
14 253
14 260
14 262
14 264
14 266
14 287
14 288
14 291
14 292
14 298
14 299
15 32
15 40
15 44
15 46
15 50
15 51
15 53
15 59
15 69
15 77
15 78
15 84
15 89
15 90
15 95
15 96
15 99
15 100
15 108
15 114
15 115
15 122
15 126
15 128
15 129
15 137
15 143
15 147
15 155
15 160
15 167
15 169
15 170
15 173
15 179
15 192
15 193
15 198
15 210
15 213
15 219
15 222
15 225
15 233
15 240
15 246
15 253
15 259
15 263
15 277
16 17
16 18
16 19
16 32
16 34
16 40
16 43
16 51
16 52
16 53
16 54
16 59
16 60
16 62
16 78
16 81
16 95
16 96
16 100
16 105
16 115
16 117
16 123
16 129
16 130
16 135
16 151
16 158
16 162
16 166
16 178
16 179
16 182
16 195
16 196
16 198
16 209
16 210
16 211
16 222
16 224
16 225
16 230
16 234
16 253
16 254
16 259
16 265
16 268
16 274
16 282
16 283
16 288
16 290
17 23
17 24
17 30
17 41
17 47
17 50
17 57
17 63
17 68
17 78
17 82
17 103
17 115
17 119
17 123
17 132
17 143
17 150
17 162
17 166
17 167
17 173
17 175
17 177
17 184
17 186
17 187
17 190
17 192
17 194
17 196
17 215
17 218
17 219
17 225
17 227
17 228
17 233
17 234
17 238
17 239
17 247
17 248
17 258
17 261
17 266
17 274
17 277
17 279
17 283
17 287
17 292
17 299
18 23
18 24
18 25
18 33
18 47
18 53
18 57
18 66
18 68
18 72
18 76
18 80
18 81
18 95
18 96
18 101
18 115
18 130
18 136
18 137
18 140
18 142
18 145
18 148
18 153
18 154
18 155
18 156
18 157
18 165
18 166
18 174
18 177
18 178
18 182
18 195
18 197
18 205
18 207
18 210
18 214
18 215
18 217
18 219
18 224
18 231
18 232
18 233
18 238
18 240
18 241
18 247
18 249
18 251
18 254
18 256
18 259
18 264
18 268
18 270
18 271
18 281
18 289
18 292
18 295
19 21
19 28
19 33
19 37
19 42
19 51
19 54
19 70
19 74
19 76
19 77
19 81
19 82
19 84
19 90
19 98
19 99
19 103
19 106
19 110
19 117
19 134
19 141
19 142
19 145
19 155
19 159
19 161
19 163
19 165
19 166
19 167
19 178
19 179
19 187
19 188
19 195
19 200
19 204
19 208
19 211
19 213
19 219
19 222
19 238
19 242
19 253
19 258
19 261
19 268
19 270
19 273
19 276
19 286
19 294
20 21
20 27
20 32
20 34
20 36
20 37
20 38
20 45
20 47
20 54
20 55
20 57
20 64
20 68
20 70
20 74
20 85
20 89
20 90
20 105
20 110
20 121
20 122
20 124
20 135
20 137
20 139
20 146
20 147
20 150
20 155
20 161
20 165
20 169
20 170
20 178
20 181
20 196
20 199
20 200
20 201
20 212
20 216
20 226
20 230
20 233
20 234
20 240
20 243
20 244
20 254
20 261
20 264
20 267
20 272
20 287
20 297
20 299
21 28
21 30
21 37
21 50
21 55
21 64
21 73
21 74
21 76
21 81
21 90
21 106
21 109
21 124
21 125
21 126
21 127
21 140
21 142
21 159
21 163
21 166
21 171
21 173
21 174
21 175
21 178
21 186
21 187
21 190
21 197
21 204
21 205
21 211
21 215
21 219
21 229
21 232
21 235
21 247
21 249
21 255
21 266
21 273
21 275
21 282
21 292
21 294
21 296
21 298
22 25
22 31
22 35
22 36
22 39
22 42
22 43
22 51
22 52
22 57
22 59
22 62
22 64
22 70
22 73
22 74
22 79
22 86
22 94
22 96
22 109
22 110
22 126
22 128
22 136
22 137
22 150
22 157
22 158
22 161
22 177
22 179
22 184
22 188
22 192
22 198
22 202
22 225
22 226
22 233
22 237
22 245
22 249
22 259
22 274
22 276
22 280
22 290
22 295
22 297
23 25
23 26
23 28
23 29
23 31
23 34
23 42
23 43
23 45
23 56
23 63
23 67
23 68
23 73
23 79
23 92
23 99
23 101
23 105
23 107
23 113
23 119
23 136
23 137
23 149
23 162
23 163
23 172
23 194
23 195
23 204
23 206
23 210
23 219
23 220
23 223
23 227
23 234
23 242
23 249
23 252
23 253
23 260
23 270
23 274
23 281
23 282
23 297
24 25
24 28
24 29
24 33
24 36
24 42
24 45
24 48
24 57
24 58
24 65
24 70
24 75
24 79
24 83
24 87
24 98
24 100
24 111
24 112
24 115
24 118
24 122
24 128
24 129
24 135
24 140
24 141
24 148
24 151
24 156
24 158
24 161
24 173
24 176
24 177
24 182
24 183
24 184
24 185
24 192
24 194
24 200
24 205
24 207
24 208
24 211
24 220
24 221
24 222
24 224
24 225
24 227
24 233
24 234
24 240
24 259
24 267
24 273
24 278
24 280
24 289
24 291
24 294
25 36
25 46
25 47
25 48
25 51
25 56
25 62
25 75
25 79
25 83
25 84
25 87
25 88
25 102
25 106
25 113
25 118
25 120
25 124
25 126
25 130
25 151
25 154
25 160
25 163
25 169
25 170
25 177
25 183
25 188
25 190
25 197
25 201
25 212
25 218
25 224
25 236
25 237
25 239
25 240
25 244
25 249
25 255
25 258
25 267
25 268
25 269
25 270
25 275
25 278
25 284
25 292
26 29
26 30
26 39
26 41
26 48
26 51
26 54
26 65
26 67
26 68
26 76
26 77
26 94
26 95
26 101
26 106
26 111
26 112
26 113
26 120
26 134
26 135
26 140
26 141
26 144
26 153
26 161
26 162
26 163
26 164
26 166
26 177
26 186
26 195
26 199
26 204
26 225
26 228
26 232
26 234
26 239
26 254
26 259
26 260
26 261
26 264
26 268
26 281
26 291
27 33
27 35
27 40
27 42
27 46
27 53
27 54
27 58
27 60
27 64
27 68
27 69
27 91
27 92
27 95
27 112
27 114
27 116
27 138
27 140
27 141
27 143
27 146
27 148
27 151
27 159
27 162
27 166
27 169
27 177
27 184
27 185
27 186
27 200
27 202
27 204
27 208
27 214
27 217
27 223
27 233
27 236
27 237
27 240
27 248
27 263
27 268
27 269
27 272
27 275
27 277
27 291
28 29
28 33
28 56
28 61
28 66
28 68
28 72
28 74
28 91
28 92
28 93
28 104
28 106
28 108
28 111
28 118
28 121
28 122
28 132
28 134
28 135
28 136
28 143
28 152
28 153
28 160
28 161
28 169
28 177
28 178
28 181
28 182
28 195
28 198
28 204
28 212
28 224
28 231
28 235
28 236
28 241
28 245
28 251
28 272
28 275
28 284
28 290
28 291
28 293
29 30
29 32
29 33
29 47
29 53
29 57
29 64
29 71
29 80
29 81
29 84
29 85
29 92
29 93
29 97
29 107
29 115
29 126
29 135
29 136
29 144
29 146
29 149
29 151
29 152
29 157
29 158
29 169
29 172
29 173
29 175
29 184
29 188
29 191
29 192
29 194
29 197
29 199
29 205
29 208
29 213
29 218
29 223
29 225
29 226
29 229
29 231
29 236
29 242
29 253
29 256
29 259
29 263
29 280
29 281
29 290
29 291
29 293
29 295
29 298
30 37
30 38
30 40
30 48
30 53
30 57
30 59
30 63
30 72
30 79
30 80
30 81
30 82
30 83
30 95
30 108
30 116
30 117
30 118
30 121
30 123
30 124
30 132
30 133
30 153
30 159
30 160
30 165
30 167
30 168
30 172
30 173
30 175
30 177
30 180
30 189
30 198
30 199
30 200
30 204
30 208
30 210
30 212
30 213
30 222
30 227
30 240
30 241
30 249
30 255
30 272
30 277
30 279
30 285
30 289
31 32
31 42
31 47
31 53
31 54
31 74
31 75
31 76
31 78
31 80
31 83
31 85
31 87
31 88
31 91
31 94
31 97
31 98
31 105
31 107
31 111
31 119
31 121
31 122
31 126
31 127
31 128
31 138
31 140
31 141
31 143
31 144
31 145
31 146
31 148
31 152
31 153
31 159
31 172
31 179
31 180
31 181
31 183
31 185
31 187
31 188
31 192
31 197
31 199
31 205
31 210
31 211
31 213
31 220
31 225
31 233
31 234
31 236
31 238
31 246
31 248
31 249
31 252
31 254
31 262
31 270
31 281
31 282
31 288
31 294
31 295
32 38
32 46
32 52
32 67
32 70
32 72
32 75
32 79
32 97
32 100
32 107
32 109
32 112
32 120
32 129
32 133
32 140
32 156
32 163
32 164
32 166
32 167
32 168
32 183
32 185
32 186
32 195
32 199
32 203
32 205
32 208
32 209
32 211
32 212
32 213
32 215
32 216
32 217
32 219
32 234
32 239
32 240
32 245
32 276
32 277
32 282
32 286
32 289
32 298
33 43
33 44
33 47
33 50
33 51
33 52
33 54
33 59
33 62
33 63
33 82
33 83
33 99
33 108
33 113
33 117
33 121
33 126
33 127
33 129
33 135
33 137
33 143
33 144
33 147
33 150
33 152
33 156
33 160
33 171
33 173
33 180
33 181
33 191
33 199
33 204
33 207
33 210
33 217
33 223
33 225
33 228
33 233
33 240
33 247
33 251
33 254
33 255
33 258
33 266
33 270
33 285
33 287
33 291
33 296
34 35
34 40
34 57
34 61
34 63
34 67
34 71
34 75
34 76
34 78
34 82
34 85
34 91
34 104
34 105
34 111
34 113
34 114
34 115
34 124
34 130
34 143
34 146
34 153
34 157
34 163
34 172
34 173
34 175
34 184
34 191
34 201
34 203
34 205
34 209
34 211
34 215
34 225
34 234
34 235
34 241
34 251
34 255
34 287
34 292
34 293
35 39
35 42
35 45
35 46
35 52
35 59
35 66
35 69
35 76
35 81
35 85
35 87
35 101
35 113
35 119
35 132
35 144
35 146
35 156
35 158
35 159
35 167
35 169
35 177
35 182
35 183
35 185
35 195
35 196
35 201
35 217
35 219
35 221
35 228
35 229
35 232
35 241
35 245
35 246
35 249
35 254
35 255
35 259
35 268
35 292
35 294
36 39
36 40
36 41
36 43
36 48
36 51
36 55
36 57
36 66
36 70
36 71
36 74
36 76
36 80
36 82
36 95
36 124
36 125
36 127
36 129
36 136
36 137
36 140
36 141
36 143
36 146
36 148
36 150
36 151
36 152
36 165
36 166
36 171
36 173
36 179
36 188
36 195
36 205
36 213
36 218
36 222
36 227
36 234
36 235
36 244
36 247
36 250
36 256
36 259
36 265
36 268
36 278
36 279
36 288
36 296
36 299
37 45
37 49
37 58
37 67
37 70
37 73
37 77
37 78
37 88
37 92
37 99
37 105
37 111
37 113
37 118
37 120
37 131
37 132
37 135
37 138
37 143
37 145
37 155
37 159
37 160
37 164
37 166
37 169
37 172
37 177
37 179
37 186
37 188
37 198
37 199
37 200
37 202
37 203
37 211
37 213
37 221
37 223
37 230
37 232
37 244
37 249
37 252
37 253
37 256
37 257
37 258
37 259
37 261
37 266
37 268
37 269
37 276
37 278
37 282
37 284
37 286
37 288
38 39
38 47
38 49
38 50
38 64
38 70
38 72
38 76
38 84
38 93
38 100
38 115
38 116
38 117
38 124
38 125
38 128
38 134
38 139
38 141
38 148
38 153
38 154
38 157
38 169
38 175
38 182
38 186
38 189
38 191
38 197
38 213
38 216
38 218
38 220
38 222
38 232
38 240
38 243
38 245
38 247
38 259
38 261
38 273
38 281
38 283
38 286
38 292
38 295
38 296
39 47
39 51
39 57
39 65
39 68
39 69
39 71
39 72
39 78
39 79
39 89
39 99
39 103
39 107
39 108
39 110
39 112
39 114
39 115
39 117
39 123
39 133
39 148
39 149
39 156
39 158
39 161
39 162
39 163
39 167
39 176
39 188
39 193
39 194
39 196
39 200
39 206
39 216
39 236
39 241
39 243
39 246
39 250
39 252
39 255
39 257
39 260
39 267
39 274
39 275
39 277
39 278
39 282
39 298
39 299
40 45
40 48
40 50
40 55
40 58
40 61
40 64
40 67
40 71
40 77
40 84
40 85
40 86
40 89
40 93
40 102
40 108
40 110
40 118
40 123
40 130
40 135
40 142
40 143
40 147
40 152
40 153
40 156
40 165
40 168
40 173
40 176
40 179
40 180
40 182
40 184
40 194
40 203
40 205
40 212
40 217
40 238
40 240
40 243
40 246
40 248
40 259
40 265
40 284
40 287
40 288
40 298
40 299
41 43
41 45
41 47
41 48
41 52
41 56
41 61
41 63
41 65
41 69
41 74
41 75
41 76
41 95
41 104
41 106
41 109
41 113
41 127
41 129
41 131
41 135
41 140
41 142
41 145
41 147
41 152
41 158
41 161
41 162
41 173
41 188
41 202
41 204
41 210
41 220
41 223
41 226
41 228
41 230
41 233
41 253
41 258
41 266
41 281
41 286
41 291
41 294
41 299
42 47
42 61
42 64
42 67
42 69
42 70
42 74
42 78
42 91
42 96
42 100
42 102
42 104
42 109
42 114
42 116
42 120
42 124
42 132
42 135
42 136
42 140
42 145
42 150
42 156
42 158
42 172
42 176
42 177
42 187
42 196
42 201
42 204
42 205
42 206
42 228
42 242
42 243
42 245
42 247
42 248
42 251
42 262
42 271
42 278
42 283
42 287
42 295
42 296
42 299
43 49
43 50
43 51
43 52
43 63
43 70
43 74
43 79
43 88
43 106
43 107
43 115
43 116
43 117
43 118
43 120
43 123
43 133
43 134
43 135
43 137
43 142
43 145
43 146
43 149
43 155
43 157
43 162
43 182
43 190
43 198
43 199
43 201
43 231
43 235
43 239
43 247
43 254
43 261
43 269
43 273
43 281
43 282
43 290
44 49
44 51
44 54
44 59
44 63
44 67
44 68
44 74
44 83
44 88
44 89
44 90
44 96
44 101
44 104
44 107
44 108
44 120
44 121
44 125
44 126
44 134
44 142
44 144
44 148
44 175
44 181
44 184
44 185
44 188
44 191
44 192
44 194
44 200
44 201
44 202
44 208
44 211
44 214
44 218
44 221
44 222
44 224
44 226
44 232
44 233
44 245
44 250
44 251
44 254
44 261
44 262
44 264
44 265
44 274
44 279
44 281
44 283
44 294
45 58
45 59
45 60
45 66
45 70
45 77
45 84
45 97
45 103
45 120
45 128
45 129
45 131
45 134
45 136
45 144
45 145
45 152
45 158
45 165
45 179
45 185
45 191
45 193
45 195
45 197
45 213
45 217
45 228
45 230
45 232
45 239
45 240
45 243
45 261
45 263
45 264
45 265
45 270
45 272
46 47
46 53
46 54
46 58
46 68
46 69
46 71
46 72
46 73
46 90
46 96
46 97
46 101
46 121
46 124
46 133
46 135
46 136
46 142
46 147
46 151
46 152
46 157
46 159
46 160
46 167
46 169
46 183
46 198
46 200
46 207
46 211
46 220
46 224
46 226
46 231
46 232
46 234
46 235
46 241
46 250
46 252
46 260
46 261
46 265
46 274
46 278
46 279
46 288
46 291
46 292
46 294
46 295
46 296
46 299
47 51
47 54
47 58
47 65
47 71
47 83
47 85
47 87
47 88
47 90
47 94
47 104
47 107
47 112
47 118
47 127
47 131
47 139
47 144
47 154
47 165
47 185
47 191
47 192
47 193
47 195
47 199
47 200
47 207
47 211
47 212
47 226
47 230
47 235
47 247
47 249
47 250
47 251
47 252
47 255
47 256
47 257
47 259
47 260
47 270
47 272
47 275
47 277
47 288
47 291
47 293
47 296
48 51
48 52
48 58
48 59
48 66
48 71
48 90
48 91
48 96
48 112
48 117
48 133
48 143
48 144
48 149
48 152
48 155
48 158
48 162
48 165
48 168
48 171
48 179
48 184
48 191
48 203
48 208
48 212
48 216
48 221
48 232
48 241
48 246
48 250
48 254
48 255
48 263
48 269
48 273
48 274
48 278
48 279
48 281
48 286
48 290
48 295
48 296
49 50
49 55
49 65
49 68
49 76
49 77
49 78
49 85
49 88
49 97
49 104
49 112
49 119
49 128
49 134
49 139
49 144
49 155
49 159
49 161
49 171
49 177
49 180
49 181
49 199
49 200
49 201
49 207
49 211
49 221
49 228
49 230
49 242
49 249
49 251
49 255
49 265
49 270
49 272
49 274
49 277
49 280
49 281
49 286
49 288
49 298
50 53
50 57
50 60
50 64
50 69
50 80
50 81
50 82
50 87
50 88
50 89
50 98
50 109
50 116
50 120
50 123
50 125
50 128
50 130
50 132
50 135
50 142
50 147
50 150
50 161
50 168
50 170
50 176
50 182
50 183
50 209
50 210
50 215
50 218
50 223
50 233
50 237
50 238
50 251
50 254
50 257
50 262
50 265
50 269
50 270
50 274
50 276
50 278
50 289
50 295
50 296
51 55
51 57
51 59
51 64
51 65
51 66
51 67
51 68
51 79
51 81
51 82
51 85
51 89
51 99
51 103
51 116
51 124
51 125
51 133
51 141
51 145
51 146
51 147
51 161
51 162
51 166
51 173
51 174
51 182
51 191
51 196
51 199
51 203
51 207
51 208
51 209
51 217
51 219
51 231
51 232
51 246
51 257
51 258
51 264
51 265
51 282
51 287
51 289
51 297
52 57
52 62
52 64
52 72
52 73
52 76
52 77
52 79
52 85
52 86
52 88
52 93
52 95
52 97
52 98
52 101
52 103
52 111
52 122
52 137
52 150
52 152
52 153
52 157
52 173
52 177
52 184
52 187
52 194
52 197
52 202
52 205
52 210
52 214
52 229
52 235
52 236
52 242
52 248
52 249
52 251
52 253
52 256
52 259
52 266
52 271
52 276
52 280
52 285
52 289
52 295
53 56
53 63
53 66
53 68
53 70
53 77
53 87
53 90
53 96
53 99
53 101
53 105
53 113
53 115
53 120
53 123
53 125
53 127
53 128
53 139
53 148
53 149
53 150
53 155
53 157
53 162
53 164
53 176
53 191
53 192
53 208
53 220
53 221
53 223
53 224
53 226
53 229
53 237
53 242
53 244
53 253
53 261
53 267
53 268
53 286
53 295
53 299
54 57
54 58
54 69
54 70
54 72
54 76
54 77
54 80
54 82
54 87
54 95
54 97
54 99
54 101
54 103
54 106
54 114
54 128
54 142
54 143
54 148
54 155
54 158
54 161
54 163
54 166
54 168
54 172
54 174
54 178
54 187
54 188
54 192
54 196
54 216
54 217
54 225
54 227
54 231
54 234
54 237
54 244
54 261
54 278
54 279
54 289
54 290
54 293
55 71
55 75
55 76
55 85
55 87
55 97
55 103
55 104
55 108
55 112
55 114
55 115
55 119
55 121
55 124
55 128
55 133
55 136
55 141
55 144
55 145
55 146
55 147
55 151
55 169
55 171
55 172
55 173
55 181
55 182
55 186
55 187
55 193
55 194
55 195
55 199
55 201
55 203
55 212
55 213
55 215
55 217
55 219
55 220
55 234
55 242
55 244
55 249
55 251
55 253
55 259
55 269
55 282
55 284
55 292
55 294
55 297
56 60
56 66
56 74
56 76
56 79
56 81
56 84
56 86
56 89
56 94
56 122
56 132
56 142
56 146
56 147
56 151
56 155
56 157
56 158
56 162
56 165
56 167
56 174
56 181
56 182
56 186
56 192
56 196
56 199
56 201
56 205
56 217
56 229
56 234
56 252
56 255
56 259
56 270
56 271
56 279
56 286
56 290
56 295
56 299
57 65
57 69
57 75
57 76
57 85
57 93
57 94
57 96
57 97
57 102
57 105
57 107
57 108
57 109
57 113
57 120
57 123
57 128
57 132
57 136
57 137
57 139
57 140
57 155
57 159
57 161
57 168
57 171
57 178
57 181
57 192
57 193
57 196
57 198
57 200
57 204
57 212
57 214
57 215
57 217
57 225
57 226
57 243
57 251
57 253
57 261
57 269
57 271
57 276
57 279
57 291
57 297
58 63
58 67
58 70
58 78
58 79
58 102
58 106
58 107
58 108
58 111
58 119
58 123
58 131
58 142
58 145
58 148
58 157
58 166
58 167
58 168
58 169
58 173
58 174
58 175
58 181
58 182
58 185
58 188
58 190
58 199
58 202
58 220
58 222
58 225
58 239
58 245
58 250
58 253
58 254
58 255
58 259
58 269
58 271
58 281
58 295
59 62
59 70
59 73
59 75
59 79
59 80
59 84
59 85
59 86
59 92
59 93
59 95
59 96
59 98
59 102
59 125
59 127
59 128
59 137
59 139
59 142
59 145
59 150
59 159
59 160
59 161
59 163
59 173
59 180
59 183
59 184
59 185
59 188
59 195
59 199
59 205
59 210
59 221
59 226
59 235
59 241
59 245
59 246
59 248
59 259
59 263
59 266
59 271
59 273
59 282
59 284
59 289
59 299
60 61
60 73
60 77
60 78
60 80
60 83
60 85
60 100
60 102
60 106
60 120
60 121
60 124
60 132
60 138
60 139
60 143
60 145
60 146
60 153
60 154
60 160
60 161
60 164
60 172
60 174
60 175
60 185
60 186
60 190
60 197
60 207
60 209
60 218
60 227
60 228
60 230
60 239
60 242
60 243
60 246
60 254
60 258
60 263
60 281
60 283
60 287
61 63
61 72
61 75
61 77
61 79
61 82
61 91
61 92
61 94
61 104
61 106
61 110
61 114
61 117
61 134
61 138
61 143
61 149
61 161
61 163
61 170
61 172
61 178
61 189
61 194
61 202
61 210
61 211
61 216
61 222
61 224
61 234
61 236
61 239
61 248
61 249
61 250
61 255
61 262
61 264
61 270
61 271
61 272
61 273
61 274
61 278
61 283
61 284
61 288
61 295
62 68
62 69
62 80
62 87
62 89
62 91
62 93
62 94
62 95
62 98
62 99
62 100
62 111
62 112
62 115
62 131
62 134
62 142
62 154
62 155
62 161
62 162
62 169
62 173
62 174
62 175
62 176
62 178
62 183
62 184
62 189
62 200
62 203
62 210
62 212
62 216
62 218
62 220
62 235
62 237
62 240
62 241
62 250
62 257
62 258
62 260
62 263
62 265
62 267
62 270
62 271
62 274
62 280
62 284
62 291
62 293
62 295
63 64
63 67
63 71
63 90
63 94
63 95
63 96
63 100
63 109
63 116
63 117
63 125
63 132
63 133
63 135
63 137
63 144
63 150
63 156
63 159
63 161
63 172
63 175
63 180
63 181
63 186
63 188
63 194
63 199
63 206
63 210
63 218
63 219
63 225
63 226
63 229
63 230
63 236
63 241
63 243
63 248
63 249
63 250
63 259
63 260
63 261
63 264
63 268
63 273
63 276
63 280
63 283
63 291
63 296
64 67
64 68
64 73
64 77
64 84
64 86
64 91
64 98
64 102
64 110
64 113
64 114
64 118
64 121
64 131
64 133
64 137
64 141
64 145
64 147
64 148
64 152
64 153
64 165
64 169
64 177
64 186
64 189
64 191
64 193
64 195
64 200
64 205
64 208
64 215
64 216
64 217
64 225
64 227
64 230
64 234
64 237
64 240
64 242
64 246
64 251
64 253
64 254
64 257
64 262
64 266
64 272
64 276
64 279
64 285
64 290
64 291
64 292
64 297
65 72
65 74
65 75
65 79
65 83
65 91
65 93
65 94
65 96
65 106
65 111
65 119
65 120
65 121
65 122
65 127
65 132
65 134
65 138
65 142
65 144
65 147
65 149
65 161
65 168
65 169
65 171
65 178
65 180
65 185
65 190
65 191
65 193
65 223
65 239
65 241
65 244
65 253
65 254
65 266
65 272
65 273
65 277
65 287
65 291
65 297
66 73
66 75
66 78
66 79
66 80
66 82
66 89
66 91
66 94
66 109
66 110
66 111
66 113
66 115
66 116
66 124
66 131
66 132
66 134
66 136
66 137
66 140
66 142
66 143
66 150
66 167
66 178
66 179
66 181
66 182
66 185
66 196
66 197
66 199
66 203
66 204
66 205
66 216
66 221
66 222
66 234
66 236
66 238
66 241
66 244
66 245
66 252
66 253
66 254
66 269
66 281
66 284
66 288
66 289
66 290
67 68
67 76
67 78
67 79
67 80
67 84
67 88
67 107
67 109
67 110
67 111
67 114
67 134
67 137
67 138
67 142
67 149
67 151
67 154
67 155
67 156
67 162
67 163
67 166
67 184
67 186
67 189
67 191
67 193
67 195
67 206
67 216
67 221
67 224
67 225
67 231
67 233
67 239
67 241
67 250
67 255
67 257
67 258
67 259
67 266
67 273
67 275
67 276
67 278
67 289
68 73
68 84
68 85
68 86
68 99
68 104
68 111
68 112
68 113
68 119
68 121
68 125
68 126
68 127
68 130
68 131
68 137
68 140
68 147
68 153
68 160
68 161
68 172
68 173
68 175
68 176
68 178
68 187
68 188
68 193
68 196
68 197
68 205
68 209
68 216
68 217
68 224
68 225
68 227
68 231
68 239
68 246
68 253
68 254
68 260
68 263
68 266
68 271
68 275
68 278
68 280
68 283
68 284
68 285
68 290
68 294
69 81
69 83
69 85
69 86
69 95
69 97
69 100
69 112
69 114
69 121
69 131
69 135
69 140
69 144
69 159
69 164
69 165
69 172
69 175
69 176
69 178
69 183
69 202
69 205
69 216
69 222
69 230
69 232
69 234
69 237
69 241
69 247
69 248
69 252
69 253
69 258
69 265
69 267
69 268
69 270
69 273
69 281
69 284
69 285
69 286
69 288
69 289
69 295
70 72
70 74
70 76
70 79
70 80
70 82
70 83
70 86
70 87
70 90
70 95
70 97
70 99
70 102
70 111
70 112
70 121
70 122
70 138
70 140
70 148
70 150
70 155
70 158
70 160
70 174
70 177
70 180
70 182
70 192
70 193
70 195
70 198
70 203
70 204
70 214
70 220
70 226
70 227
70 235
70 241
70 243
70 245
70 251
70 252
70 258
70 259
70 260
70 265
70 266
70 271
70 273
70 276
70 281
70 282
70 286
70 289
70 292
70 295
70 296
70 299
71 88
71 90
71 101
71 104
71 109
71 111
71 113
71 118
71 120
71 141
71 148
71 152
71 158
71 160
71 165
71 166
71 169
71 170
71 175
71 180
71 188
71 197
71 198
71 203
71 206
71 208
71 215
71 223
71 224
71 227
71 228
71 230
71 238
71 244
71 258
71 262
71 268
71 271
71 279
71 292
72 80
72 89
72 94
72 103
72 107
72 112
72 124
72 132
72 133
72 134
72 136
72 143
72 155
72 161
72 169
72 170
72 178
72 180
72 183
72 186
72 196
72 198
72 199
72 200
72 204
72 214
72 215
72 221
72 225
72 234
72 237
72 240
72 243
72 254
72 273
72 277
72 282
72 284
72 285
72 290
72 293
72 297
73 76
73 89
73 96
73 98
73 101
73 102
73 105
73 111
73 121
73 133
73 156
73 160
73 162
73 166
73 170
73 174
73 175
73 178
73 179
73 182
73 198
73 199
73 207
73 210
73 213
73 218
73 219
73 224
73 226
73 228
73 229
73 236
73 239
73 249
73 261
73 265
73 266
73 272
73 277
73 281
73 282
73 285
73 288
73 297
73 298
74 79
74 83
74 85
74 90
74 94
74 98
74 102
74 106
74 120
74 125
74 133
74 134
74 149
74 154
74 157
74 164
74 165
74 173
74 175
74 186
74 193
74 202
74 204
74 218
74 221
74 222
74 223
74 224
74 229
74 230
74 232
74 235
74 239
74 242
74 251
74 258
74 260
74 263
74 270
74 273
74 275
74 286
74 289
74 293
74 297
74 299
75 84
75 87
75 88
75 90
75 93
75 94
75 98
75 100
75 101
75 102
75 110
75 111
75 118
75 123
75 134
75 137
75 138
75 139
75 140
75 147
75 151
75 153
75 155
75 157
75 160
75 161
75 163
75 166
75 173
75 181
75 185
75 192
75 200
75 203
75 204
75 210
75 216
75 217
75 223
75 225
75 234
75 246
75 251
75 252
75 257
75 261
75 263
75 275
75 276
75 291
75 292
75 293
75 295
76 77
76 79
76 90
76 105
76 106
76 119
76 130
76 133
76 140
76 142
76 145
76 159
76 164
76 168
76 171
76 185
76 187
76 194
76 195
76 211
76 215
76 226
76 234
76 235
76 237
76 244
76 251
76 252
76 255
76 271
76 278
76 282
76 288
76 289
76 294
76 297
77 81
77 86
77 87
77 90
77 104
77 106
77 107
77 112
77 115
77 116
77 123
77 136
77 140
77 146
77 148
77 150
77 153
77 158
77 163
77 169
77 178
77 179
77 181
77 184
77 188
77 189
77 194
77 202
77 203
77 205
77 211
77 214
77 216
77 217
77 224
77 237
77 244
77 245
77 246
77 248
77 256
77 261
77 272
77 276
77 277
77 279
77 283
77 286
77 289
77 290
77 292
77 293
78 82
78 87
78 88
78 107
78 116
78 120
78 126
78 128
78 135
78 136
78 138
78 143
78 150
78 154
78 155
78 157
78 160
78 162
78 163
78 176
78 177
78 180
78 185
78 193
78 199
78 203
78 211
78 219
78 224
78 226
78 229
78 235
78 237
78 243
78 247
78 249
78 251
78 253
78 256
78 272
78 275
78 277
78 278
78 280
78 294
78 295
79 80
79 93
79 98
79 100
79 102
79 103
79 106
79 111
79 112
79 113
79 114
79 116
79 119
79 121
79 124
79 125
79 128
79 129
79 131
79 147
79 148
79 150
79 156
79 157
79 160
79 162
79 167
79 172
79 173
79 175
79 177
79 184
79 185
79 188
79 191
79 192
79 193
79 197
79 198
79 210
79 217
79 221
79 224
79 225
79 233
79 234
79 254
79 266
79 267
79 269
79 279
79 283
79 288
79 293
79 295
79 299
80 85
80 90
80 100
80 103
80 107
80 115
80 121
80 124
80 127
80 129
80 130
80 132
80 136
80 143
80 147
80 156
80 162
80 166
80 174
80 178
80 186
80 190
80 193
80 207
80 210
80 218
80 223
80 229
80 231
80 236
80 241
80 244
80 245
80 247
80 250
80 252
80 259
80 260
80 278
80 295
80 299
81 90
81 93
81 106
81 108
81 112
81 122
81 132
81 140
81 145
81 147
81 150
81 154
81 156
81 170
81 182
81 183
81 188
81 189
81 191
81 192
81 194
81 195
81 196
81 204
81 206
81 212
81 215
81 223
81 237
81 241
81 247
81 259
81 267
81 271
81 272
81 274
81 278
81 279
81 287
81 299
82 89
82 92
82 95
82 99
82 110
82 112
82 115
82 120
82 122
82 125
82 126
82 132
82 133
82 136
82 145
82 146
82 151
82 160
82 167
82 169
82 172
82 176
82 177
82 181
82 183
82 188
82 203
82 206
82 207
82 213
82 216
82 221
82 222
82 224
82 233
82 236
82 239
82 253
82 256
82 257
82 261
82 265
82 266
82 268
82 271
82 272
82 278
82 279
82 280
82 286
82 291
82 296
83 85
83 94
83 96
83 100
83 104
83 105
83 106
83 110
83 115
83 125
83 126
83 129
83 140
83 141
83 147
83 151
83 152
83 154
83 155
83 156
83 167
83 183
83 185
83 195
83 203
83 204
83 207
83 211
83 212
83 216
83 233
83 237
83 238
83 243
83 244
83 249
83 251
83 254
83 255
83 256
83 257
83 258
83 262
83 265
83 267
83 270
83 271
83 278
83 294
83 295
84 88
84 90
84 96
84 97
84 103
84 104
84 105
84 106
84 119
84 120
84 128
84 137
84 146
84 147
84 149
84 150
84 152
84 155
84 171
84 173
84 176
84 177
84 180
84 181
84 190
84 193
84 197
84 210
84 220
84 222
84 231
84 234
84 235
84 236
84 262
84 266
84 271
84 282
84 289
84 297
84 298
85 86
85 87
85 89
85 108
85 111
85 118
85 120
85 123
85 124
85 130
85 131
85 137
85 140
85 142
85 143
85 145
85 154
85 158
85 161
85 165
85 168
85 178
85 181
85 205
85 209
85 213
85 225
85 228
85 229
85 236
85 239
85 242
85 243
85 247
85 249
85 250
85 252
85 253
85 254
85 264
85 269
85 277
85 282
85 296
85 299
86 87
86 90
86 98
86 99
86 100
86 105
86 108
86 110
86 114
86 116
86 117
86 118
86 120
86 133
86 135
86 136
86 146
86 159
86 161
86 165
86 166
86 168
86 170
86 179
86 191
86 204
86 206
86 208
86 211
86 213
86 215
86 218
86 219
86 230
86 231
86 240
86 241
86 245
86 250
86 254
86 256
86 258
86 262
86 268
86 272
86 278
86 280
86 284
86 288
86 292
86 294
87 92
87 101
87 102
87 106
87 108
87 112
87 117
87 122
87 128
87 132
87 135
87 138
87 153
87 154
87 155
87 156
87 158
87 159
87 162
87 171
87 182
87 184
87 191
87 197
87 202
87 209
87 214
87 223
87 225
87 231
87 235
87 239
87 245
87 253
87 256
87 259
87 264
87 266
87 283
87 288
87 295
87 296
88 89
88 95
88 104
88 108
88 116
88 118
88 120
88 123
88 125
88 128
88 130
88 132
88 134
88 136
88 142
88 159
88 169
88 178
88 179
88 181
88 183
88 202
88 205
88 206
88 209
88 213
88 215
88 218
88 219
88 220
88 221
88 226
88 230
88 235
88 241
88 252
88 253
88 255
88 259
88 262
88 269
88 281
88 286
88 295
88 298
88 299
89 93
89 100
89 107
89 113
89 118
89 122
89 127
89 133
89 135
89 159
89 161
89 166
89 169
89 173
89 174
89 181
89 188
89 192
89 193
89 197
89 199
89 206
89 210
89 218
89 227
89 232
89 237
89 239
89 250
89 257
89 258
89 260
89 263
89 279
89 295
90 95
90 108
90 111
90 114
90 132
90 142
90 144
90 154
90 155
90 157
90 169
90 171
90 173
90 181
90 187
90 188
90 190
90 194
90 202
90 208
90 213
90 214
90 216
90 224
90 235
90 236
90 239
90 240
90 244
90 272
90 286
90 288
90 289
90 291
90 293
90 294
90 296
91 95
91 102
91 105
91 114
91 118
91 119
91 120
91 121
91 129
91 135
91 140
91 141
91 157
91 160
91 165
91 168
91 170
91 173
91 179
91 180
91 182
91 184
91 185
91 193
91 208
91 211
91 212
91 213
91 215
91 217
91 226
91 230
91 231
91 239
91 242
91 244
91 252
91 256
91 262
91 272
91 273
91 276
91 290
91 295
91 296
91 298
91 299
92 96
92 97
92 102
92 108
92 117
92 118
92 119
92 120
92 145
92 150
92 153
92 156
92 158
92 160
92 161
92 162
92 165
92 168
92 170
92 176
92 186
92 188
92 194
92 195
92 197
92 201
92 204
92 213
92 215
92 219
92 223
92 229
92 237
92 240
92 243
92 248
92 249
92 252
92 253
92 260
92 264
92 265
92 266
92 269
92 276
92 277
92 281
92 282
92 285
92 286
92 289
93 100
93 101
93 102
93 109
93 120
93 124
93 128
93 129
93 140
93 142
93 155
93 159
93 161
93 167
93 185
93 187
93 188
93 196
93 200
93 202
93 203
93 217
93 218
93 221
93 224
93 227
93 233
93 235
93 238
93 241
93 245
93 247
93 250
93 255
93 258
93 259
93 261
93 262
93 264
93 265
93 266
93 276
93 277
93 294
93 296
94 96
94 101
94 109
94 116
94 118
94 136
94 149
94 155
94 172
94 174
94 177
94 186
94 187
94 189
94 191
94 194
94 200
94 203
94 209
94 220
94 221
94 228
94 233
94 235
94 236
94 237
94 239
94 247
94 248
94 265
94 272
94 273
94 277
94 286
94 289
94 296
95 125
95 130
95 132
95 140
95 145
95 149
95 155
95 159
95 169
95 171
95 178
95 184
95 185
95 188
95 190
95 196
95 202
95 212
95 214
95 217
95 220
95 221
95 231
95 233
95 239
95 244
95 250
95 257
95 266
95 269
95 272
95 276
95 282
95 284
95 285
95 292
95 296
95 297
96 97
96 107
96 111
96 112
96 113
96 115
96 123
96 136
96 146
96 147
96 148
96 150
96 151
96 155
96 159
96 164
96 166
96 169
96 170
96 171
96 173
96 175
96 179
96 181
96 188
96 189
96 193
96 201
96 203
96 204
96 215
96 225
96 233
96 235
96 236
96 237
96 243
96 249
96 250
96 252
96 253
96 255
96 256
96 258
96 268
96 270
96 272
96 273
96 281
96 283
96 285
97 100
97 102
97 110
97 136
97 140
97 149
97 150
97 151
97 154
97 159
97 162
97 169
97 181
97 183
97 184
97 186
97 187
97 191
97 194
97 197
97 198
97 200
97 207
97 226
97 227
97 232
97 234
97 235
97 241
97 242
97 246
97 264
97 267
97 268
97 272
97 274
97 285
97 286
97 287
97 290
98 109
98 114
98 115
98 120
98 131
98 135
98 139
98 144
98 157
98 159
98 164
98 167
98 170
98 174
98 182
98 186
98 191
98 193
98 202
98 218
98 221
98 222
98 230
98 235
98 236
98 238
98 240
98 241
98 249
98 265
98 274
98 280
98 285
98 288
98 291
98 292
99 102
99 105
99 106
99 107
99 113
99 120
99 129
99 130
99 133
99 140
99 141
99 142
99 143
99 145
99 147
99 163
99 164
99 169
99 175
99 183
99 185
99 186
99 189
99 196
99 197
99 199
99 200
99 201
99 202
99 208
99 212
99 220
99 227
99 233
99 240
99 241
99 244
99 247
99 252
99 255
99 259
99 260
99 264
99 270
99 273
99 276
99 281
99 282
99 283
99 286
99 295
99 297
100 102
100 104
100 109
100 110
100 126
100 129
100 143
100 149
100 152
100 165
100 169
100 182
100 193
100 194
100 195
100 199
100 200
100 204
100 209
100 215
100 223
100 227
100 231
100 235
100 239
100 246
100 257
100 260
100 261
100 267
100 273
100 274
100 276
100 278
100 282
100 283
100 288
100 298
100 299
101 102
101 108
101 115
101 131
101 135
101 140
101 147
101 148
101 152
101 158
101 160
101 166
101 168
101 173
101 176
101 177
101 178
101 191
101 192
101 197
101 201
101 207
101 212
101 221
101 223
101 226
101 228
101 231
101 236
101 240
101 242
101 243
101 245
101 248
101 251
101 254
101 255
101 260
101 267
101 272
101 274
101 275
101 276
101 279
101 281
101 287
101 295
101 296
101 297
101 298
102 103
102 104
102 106
102 109
102 110
102 120
102 124
102 127
102 132
102 140
102 151
102 152
102 157
102 158
102 166
102 169
102 177
102 184
102 187
102 203
102 205
102 206
102 207
102 210
102 214
102 217
102 222
102 225
102 226
102 228
102 229
102 234
102 238
102 243
102 248
102 253
102 254
102 255
102 256
102 257
102 264
102 266
102 269
102 270
102 273
102 276
102 278
102 283
102 286
102 295
102 296
102 299
103 113
103 130
103 133
103 139
103 143
103 164
103 165
103 168
103 171
103 178
103 184
103 196
103 198
103 199
103 202
103 210
103 221
103 224
103 228
103 229
103 238
103 246
103 251
103 258
103 260
103 266
103 267
103 268
103 269
103 272
103 275
103 277
103 279
103 281
103 282
103 283
103 290
103 292
103 293
103 299
104 109
104 119
104 136
104 137
104 148
104 156
104 162
104 165
104 171
104 174
104 177
104 178
104 182
104 186
104 187
104 188
104 201
104 214
104 215
104 219
104 222
104 231
104 234
104 236
104 238
104 240
104 255
104 259
104 264
104 269
104 271
104 284
104 285
104 291
104 293
105 109
105 113
105 116
105 118
105 120
105 122
105 142
105 144
105 145
105 147
105 148
105 152
105 155
105 157
105 160
105 164
105 167
105 182
105 183
105 188
105 190
105 194
105 196
105 199
105 221
105 230
105 232
105 240
105 247
105 257
105 258
105 262
105 272
105 274
105 282
105 285
105 290
105 296
106 108
106 109
106 117
106 129
106 132
106 135
106 146
106 148
106 152
106 155
106 161
106 164
106 165
106 167
106 171
106 174
106 189
106 195
106 197
106 208
106 216
106 223
106 225
106 232
106 234
106 235
106 240
106 260
106 262
106 265
106 274
106 277
106 289
106 290
106 293
106 297
106 299
107 117
107 124
107 125
107 126
107 128
107 132
107 136
107 142
107 145
107 146
107 147
107 153
107 158
107 169
107 172
107 173
107 178
107 179
107 184
107 187
107 188
107 191
107 198
107 206
107 214
107 218
107 228
107 232
107 233
107 237
107 241
107 243
107 244
107 247
107 248
107 249
107 252
107 266
107 267
107 272
107 278
107 288
107 294
108 109
108 110
108 112
108 113
108 114
108 115
108 116
108 127
108 132
108 137
108 143
108 144
108 145
108 147
108 154
108 161
108 165
108 167
108 174
108 192
108 196
108 200
108 212
108 233
108 234
108 239
108 247
108 251
108 264
108 273
108 279
108 287
108 298
109 111
109 116
109 118
109 120
109 123
109 125
109 126
109 130
109 132
109 134
109 137
109 138
109 145
109 159
109 163
109 165
109 171
109 173
109 174
109 175
109 188
109 198
109 203
109 206
109 210
109 211
109 212
109 217
109 224
109 228
109 230
109 232
109 236
109 237
109 244
109 247
109 250
109 256
109 257
109 261
109 263
109 270
109 273
109 275
109 276
109 282
109 284
109 292
110 114
110 120
110 125
110 127
110 128
110 129
110 131
110 134
110 137
110 141
110 143
110 146
110 148
110 153
110 171
110 174
110 175
110 194
110 195
110 197
110 205
110 206
110 208
110 212
110 213
110 220
110 224
110 235
110 237
110 239
110 248
110 250
110 255
110 259
110 261
110 263
110 269
110 275
110 278
110 291
111 112
111 117
111 119
111 123
111 126
111 127
111 130
111 135
111 145
111 152
111 154
111 161
111 164
111 167
111 179
111 185
111 194
111 201
111 209
111 211
111 215
111 216
111 219
111 225
111 228
111 229
111 231
111 236
111 238
111 242
111 248
111 249
111 255
111 256
111 261
111 263
111 269
111 272
111 273
111 277
111 278
111 280
111 283
111 286
111 289
111 294
111 298
112 119
112 122
112 125
112 126
112 131
112 136
112 139
112 155
112 157
112 174
112 178
112 189
112 201
112 220
112 222
112 225
112 232
112 237
112 238
112 242
112 244
112 245
112 259
112 264
112 266
112 267
112 277
112 289
112 293
112 297
113 125
113 128
113 129
113 130
113 134
113 139
113 142
113 155
113 157
113 174
113 175
113 176
113 177
113 201
113 202
113 204
113 207
113 218
113 222
113 223
113 224
113 231
113 237
113 242
113 245
113 246
113 247
113 249
113 252
113 264
113 265
113 274
113 282
113 290
113 291
113 295
113 298
114 119
114 120
114 124
114 135
114 147
114 164
114 174
114 181
114 184
114 196
114 200
114 201
114 214
114 216
114 227
114 233
114 244
114 245
114 247
114 252
114 253
114 263
114 265
114 267
114 268
114 280
114 281
114 296
114 297
115 122
115 123
115 126
115 127
115 132
115 137
115 140
115 145
115 158
115 160
115 162
115 164
115 177
115 183
115 185
115 194
115 196
115 198
115 207
115 208
115 212
115 213
115 214
115 218
115 229
115 230
115 233
115 236
115 240
115 242
115 255
115 258
115 263
115 271
115 282
115 283
115 284
115 289
115 291
115 299
116 118
116 121
116 122
116 125
116 136
116 140
116 142
116 143
116 154
116 157
116 158
116 166
116 167
116 174
116 183
116 186
116 190
116 192
116 202
116 204
116 211
116 214
116 215
116 223
116 230
116 231
116 234
116 244
116 248
116 254
116 256
116 288
116 298
117 120
117 122
117 130
117 137
117 140
117 142
117 147
117 150
117 156
117 164
117 166
117 167
117 174
117 179
117 181
117 187
117 189
117 196
117 200
117 201
117 203
117 209
117 211
117 215
117 217
117 219
117 222
117 226
117 230
117 234
117 243
117 253
117 254
117 256
117 257
117 267
117 272
117 276
117 279
117 280
117 288
117 294
117 297
118 123
118 125
118 127
118 128
118 130
118 139
118 141
118 145
118 150
118 151
118 153
118 157
118 163
118 168
118 180
118 181
118 188
118 189
118 193
118 198
118 200
118 202
118 210
118 219
118 241
118 242
118 244
118 247
118 252
118 253
118 262
118 264
118 266
118 269
118 270
118 271
118 272
118 274
118 278
118 280
118 287
118 289
118 293
118 296
118 298
119 120
119 122
119 133
119 134
119 140
119 141
119 147
119 167
119 170
119 173
119 174
119 180
119 190
119 193
119 195
119 219
119 221
119 222
119 225
119 226
119 231
119 239
119 240
119 249
119 250
119 254
119 256
119 260
119 270
119 272
119 275
119 282
119 292
119 293
120 121
120 123
120 124
120 131
120 140
120 147
120 149
120 156
120 159
120 171
120 172
120 174
120 176
120 192
120 194
120 195
120 196
120 197
120 201
120 209
120 210
120 211
120 212
120 221
120 222
120 223
120 230
120 234
120 239
120 247
120 249
120 259
120 261
120 264
120 274
120 276
120 296
120 299
121 122
121 124
121 132
121 133
121 134
121 139
121 143
121 146
121 151
121 157
121 158
121 159
121 160
121 173
121 185
121 197
121 198
121 201
121 211
121 213
121 222
121 242
121 248
121 251
121 252
121 254
121 260
121 263
121 266
121 267
121 269
121 270
121 271
121 280
121 284
121 285
121 288
121 291
121 298
121 299
122 131
122 135
122 139
122 145
122 148
122 149
122 153
122 159
122 163
122 165
122 167
122 168
122 176
122 187
122 198
122 201
122 202
122 214
122 215
122 222
122 226
122 227
122 229
122 237
122 239
122 241
122 249
122 251
122 253
122 256
122 263
122 264
122 265
122 268
122 273
122 279
122 289
123 130
123 133
123 134
123 136
123 138
123 139
123 146
123 156
123 157
123 158
123 159
123 160
123 161
123 166
123 168
123 185
123 187
123 188
123 189
123 201
123 205
123 208
123 210
123 219
123 227
123 230
123 233
123 237
123 246
123 253
123 254
123 255
123 258
123 278
123 284
123 285
123 286
123 288
124 132
124 133
124 142
124 149
124 151
124 161
124 166
124 167
124 170
124 181
124 193
124 194
124 197
124 207
124 213
124 215
124 218
124 225
124 236
124 244
124 249
124 252
124 254
124 257
124 259
124 260
124 268
124 269
124 272
124 273
124 276
124 286
124 291
124 292
124 295
124 297
125 130
125 131
125 133
125 137
125 138
125 153
125 154
125 155
125 162
125 164
125 169
125 171
125 183
125 186
125 193
125 197
125 208
125 210
125 213
125 215
125 216
125 218
125 225
125 235
125 237
125 238
125 242
125 243
125 248
125 257
125 261
125 262
125 265
125 266
125 269
125 271
125 273
125 282
125 287
125 292
125 293
126 132
126 133
126 145
126 148
126 150
126 157
126 166
126 172
126 175
126 177
126 181
126 182
126 187
126 199
126 200
126 204
126 205
126 231
126 232
126 238
126 244
126 246
126 251
126 254
126 256
126 264
126 267
126 271
126 272
126 275
126 279
126 280
126 283
126 284
126 297
126 298
127 128
127 136
127 143
127 145
127 180
127 182
127 184
127 187
127 205
127 207
127 212
127 214
127 215
127 220
127 229
127 237
127 246
127 252
127 255
127 257
127 258
127 269
127 270
127 272
127 273
127 275
127 276
127 280
127 289
127 290
127 297
128 130
128 140
128 141
128 143
128 145
128 169
128 170
128 172
128 182
128 188
128 191
128 203
128 210
128 214
128 215
128 217
128 230
128 238
128 240
128 244
128 253
128 266
128 268
128 273
128 285
129 132
129 136
129 139
129 147
129 154
129 159
129 167
129 174
129 181
129 189
129 192
129 199
129 204
129 208
129 209
129 214
129 215
129 234
129 235
129 236
129 257
129 258
129 263
129 265
129 266
129 280
129 281
129 290
129 292
130 131
130 143
130 144
130 146
130 149
130 152
130 153
130 154
130 155
130 157
130 159
130 160
130 164
130 168
130 176
130 184
130 204
130 205
130 207
130 209
130 215
130 224
130 225
130 228
130 236
130 243
130 248
130 253
130 260
130 267
130 271
130 280
130 289
130 293
131 133
131 137
131 144
131 148
131 151
131 152
131 169
131 171
131 176
131 178
131 184
131 191
131 192
131 200
131 206
131 209
131 211
131 215
131 229
131 231
131 247
131 251
131 253
131 255
131 262
131 263
131 268
131 269
131 271
131 272
131 282
131 288
132 135
132 142
132 145
132 150
132 151
132 152
132 154
132 157
132 167
132 195
132 205
132 213
132 214
132 216
132 217
132 222
132 226
132 230
132 235
132 240
132 242
132 248
132 252
132 255
132 256
132 263
132 264
132 265
132 271
132 275
132 276
132 280
132 284
132 285
132 286
132 289
132 296
133 134
133 135
133 138
133 146
133 148
133 150
133 153
133 156
133 157
133 159
133 160
133 161
133 165
133 175
133 180
133 194
133 196
133 199
133 200
133 209
133 212
133 216
133 218
133 219
133 223
133 224
133 231
133 246
133 255
133 257
133 264
133 270
133 271
133 277
133 284
133 285
133 286
133 287
133 294
134 150
134 151
134 158
134 162
134 164
134 172
134 180
134 188
134 190
134 204
134 205
134 207
134 209
134 211
134 213
134 217
134 224
134 238
134 241
134 245
134 251
134 252
134 264
134 266
134 268
134 275
134 277
134 278
134 286
134 287
134 288
134 297
135 140
135 141
135 145
135 153
135 155
135 157
135 161
135 166
135 176
135 177
135 179
135 182
135 187
135 188
135 191
135 192
135 193
135 194
135 198
135 199
135 202
135 205
135 206
135 208
135 223
135 227
135 231
135 232
135 237
135 251
135 264
135 265
135 266
135 267
135 270
135 273
135 278
135 283
135 287
135 288
135 290
135 291
135 292
135 293
135 294
135 299
136 137
136 139
136 150
136 152
136 156
136 159
136 161
136 162
136 169
136 174
136 177
136 182
136 188
136 190
136 193
136 194
136 205
136 210
136 212
136 213
136 215
136 216
136 221
136 225
136 231
136 232
136 234
136 242
136 244
136 247
136 248
136 251
136 258
136 259
136 260
136 261
136 268
136 273
136 275
136 280
136 282
136 286
137 140
137 141
137 146
137 147
137 158
137 166
137 175
137 176
137 178
137 180
137 182
137 187
137 192
137 201
137 205
137 215
137 221
137 227
137 237
137 238
137 248
137 251
137 258
137 264
137 265
137 274
137 275
137 283
137 289
137 291
137 299
138 139
138 146
138 149
138 154
138 155
138 166
138 168
138 172
138 177
138 181
138 183
138 196
138 203
138 206
138 207
138 210
138 217
138 229
138 238
138 246
138 252
138 258
138 263
138 274
138 282
139 147
139 149
139 152
139 154
139 156
139 157
139 162
139 182
139 185
139 189
139 198
139 199
139 209
139 212
139 223
139 239
139 243
139 255
139 259
139 275
139 279
139 281
139 286
139 292
139 295
140 142
140 146
140 147
140 149
140 152
140 153
140 158
140 164
140 168
140 171
140 178
140 179
140 182
140 187
140 193
140 208
140 210
140 212
140 222
140 223
140 232
140 260
140 266
140 271
140 283
140 285
140 286
140 288
140 289
141 146
141 149
141 151
141 157
141 167
141 168
141 171
141 183
141 185
141 186
141 191
141 199
141 201
141 203
141 210
141 220
141 223
141 228
141 233
141 251
141 255
141 259
141 263
141 264
141 271
141 272
141 285
141 286
141 287
141 291
141 293
141 298
142 153
142 154
142 161
142 166
142 189
142 197
142 212
142 217
142 218
142 221
142 223
142 234
142 237
142 238
142 242
142 247
142 248
142 252
142 253
142 255
142 259
142 262
142 286
142 291
142 295
142 299
143 149
143 152
143 154
143 158
143 163
143 164
143 168
143 176
143 187
143 192
143 193
143 199
143 218
143 219
143 220
143 233
143 237
143 247
143 254
143 255
143 260
143 267
143 268
143 271
143 273
143 278
143 280
143 285
143 286
143 292
144 146
144 149
144 155
144 157
144 170
144 171
144 174
144 186
144 189
144 192
144 200
144 204
144 207
144 227
144 230
144 241
144 248
144 256
144 258
144 260
144 265
144 272
144 273
144 279
144 287
144 298
145 153
145 156
145 160
145 161
145 164
145 165
145 166
145 170
145 171
145 205
145 212
145 216
145 217
145 220
145 226
145 236
145 250
145 252
145 253
145 258
145 273
145 279
145 283
145 287
145 291
146 147
146 148
146 149
146 151
146 155
146 159
146 160
146 164
146 178
146 180
146 181
146 184
146 185
146 186
146 189
146 190
146 191
146 196
146 197
146 204
146 213
146 218
146 224
146 228
146 229
146 235
146 246
146 250
146 265
146 267
146 272
146 277
146 279
146 283
146 284
146 294
147 150
147 154
147 157
147 158
147 159
147 168
147 176
147 180
147 186
147 193
147 195
147 197
147 198
147 207
147 209
147 212
147 224
147 225
147 238
147 244
147 245
147 253
147 262
147 266
147 269
147 280
147 281
147 283
147 284
147 286
147 289
147 294
148 151
148 152
148 165
148 170
148 171
148 172
148 173
148 175
148 180
148 184
148 186
148 187
148 192
148 199
148 208
148 216
148 218
148 219
148 221
148 223
148 238
148 242
148 258
148 263
148 271
148 278
148 281
148 285
148 287
148 292
148 295
148 297
148 299
149 150
149 156
149 158
149 161
149 163
149 166
149 179
149 183
149 186
149 187
149 191
149 193
149 195
149 199
149 206
149 207
149 208
149 209
149 216
149 223
149 231
149 233
149 235
149 237
149 240
149 244
149 252
149 253
149 260
149 262
149 266
149 267
149 269
149 277
149 292
150 152
150 161
150 163
150 164
150 165
150 184
150 191
150 194
150 201
150 203
150 205
150 208
150 211
150 226
150 242
150 246
150 253
150 256
150 260
150 263
150 264
150 268
150 271
150 285
150 290
151 156
151 159
151 160
151 169
151 171
151 185
151 186
151 189
151 190
151 191
151 196
151 208
151 210
151 224
151 225
151 234
151 241
151 244
151 246
151 262
151 263
151 264
151 270
151 278
151 288
151 293
151 298
152 167
152 169
152 170
152 171
152 174
152 182
152 185
152 188
152 191
152 194
152 196
152 197
152 210
152 212
152 214
152 218
152 230
152 235
152 243
152 245
152 248
152 257
152 268
152 285
152 286
152 292
152 293
152 297
153 162
153 164
153 167
153 171
153 173
153 174
153 179
153 180
153 181
153 183
153 185
153 187
153 191
153 192
153 196
153 206
153 209
153 210
153 220
153 228
153 230
153 231
153 233
153 235
153 246
153 259
153 266
153 268
153 270
153 272
153 273
153 275
153 281
153 290
153 296
154 158
154 162
154 166
154 168
154 169
154 178
154 180
154 183
154 184
154 191
154 196
154 201
154 210
154 213
154 218
154 227
154 231
154 234
154 241
154 248
154 257
154 262
154 266
154 269
154 276
154 284
155 164
155 171
155 174
155 176
155 177
155 181
155 183
155 188
155 189
155 191
155 192
155 217
155 222
155 234
155 237
155 244
155 245
155 246
155 248
155 265
155 268
155 269
155 271
155 279
155 289
155 293
156 157
156 161
156 162
156 164
156 166
156 186
156 189
156 200
156 203
156 217
156 218
156 220
156 232
156 235
156 239
156 246
156 257
156 262
156 265
156 269
156 271
156 275
156 286
156 287
156 290
156 292
157 159
157 176
157 177
157 186
157 189
157 193
157 196
157 211
157 212
157 216
157 218
157 221
157 224
157 233
157 235
157 240
157 243
157 248
157 251
157 257
157 263
157 264
157 268
157 274
157 275
157 278
157 280
157 282
157 287
157 289
157 294
157 297
157 298
158 163
158 181
158 189
158 195
158 196
158 197
158 199
158 209
158 212
158 220
158 221
158 234
158 235
158 238
158 250
158 251
158 253
158 261
158 263
158 267
158 270
158 275
158 281
158 288
158 290
158 293
159 162
159 165
159 169
159 185
159 189
159 190
159 215
159 219
159 223
159 227
159 228
159 238
159 245
159 269
159 273
159 275
159 279
159 290
160 161
160 166
160 172
160 178
160 189
160 194
160 195
160 205
160 209
160 210
160 211
160 220
160 222
160 230
160 232
160 236
160 242
160 245
160 250
160 257
160 262
160 265
160 266
160 268
160 280
160 281
160 285
161 171
161 175
161 187
161 191
161 192
161 207
161 210
161 217
161 218
161 219
161 222
161 229
161 242
161 248
161 252
161 258
161 261
161 262
161 270
161 275
161 278
161 279
161 280
161 281
161 290
162 164
162 171
162 172
162 173
162 174
162 176
162 179
162 180
162 184
162 186
162 188
162 192
162 193
162 194
162 202
162 208
162 216
162 220
162 225
162 231
162 232
162 238
162 240
162 245
162 253
162 258
162 260
162 266
162 274
162 281
162 284
162 291
162 299
163 169
163 170
163 181
163 182
163 183
163 185
163 189
163 191
163 194
163 195
163 200
163 209
163 216
163 222
163 228
163 235
163 238
163 240
163 242
163 243
163 246
163 248
163 250
163 251
163 265
163 266
163 267
163 284
163 287
163 288
163 289
163 298
164 167
164 177
164 179
164 183
164 192
164 193
164 202
164 205
164 206
164 212
164 214
164 218
164 220
164 230
164 231
164 236
164 243
164 244
164 246
164 254
164 261
164 263
164 270
164 274
164 285
164 289
164 292
164 297
165 168
165 179
165 184
165 187
165 188
165 190
165 193
165 194
165 200
165 206
165 207
165 212
165 213
165 214
165 216
165 220
165 228
165 242
165 243
165 248
165 257
165 263
165 271
165 276
165 277
165 279
165 283
165 284
165 285
165 293
165 297
166 168
166 173
166 174
166 178
166 182
166 184
166 185
166 186
166 196
166 198
166 199
166 207
166 208
166 213
166 215
166 220
166 229
166 246
166 254
166 258
166 263
166 266
166 271
166 282
166 285
166 288
166 290
167 168
167 171
167 174
167 178
167 183
167 184
167 189
167 191
167 195
167 196
167 199
167 206
167 210
167 212
167 215
167 216
167 223
167 224
167 228
167 229
167 241
167 249
167 253
167 257
167 258
167 261
167 270
167 274
167 275
167 278
167 285
167 288
167 290
167 291
168 178
168 183
168 184
168 188
168 189
168 190
168 206
168 213
168 226
168 227
168 230
168 236
168 238
168 244
168 257
168 263
168 271
168 275
168 277
168 278
168 282
168 283
168 288
168 292
169 172
169 177
169 178
169 184
169 188
169 191
169 199
169 205
169 210
169 213
169 215
169 218
169 224
169 235
169 242
169 247
169 282
169 288
169 295
169 299
170 173
170 176
170 177
170 191
170 194
170 197
170 205
170 210
170 213
170 216
170 217
170 226
170 231
170 232
170 233
170 235
170 247
170 254
170 256
170 259
170 272
170 280
170 285
170 291
170 297
170 298
171 174
171 175
171 181
171 185
171 190
171 191
171 200
171 205
171 217
171 218
171 236
171 238
171 241
171 251
171 253
171 254
171 255
171 257
171 262
171 268
171 270
171 275
171 276
171 289
171 293
171 294
171 295
171 297
171 298
171 299
172 173
172 176
172 178
172 194
172 195
172 197
172 201
172 207
172 217
172 219
172 221
172 225
172 230
172 231
172 233
172 241
172 249
172 254
172 256
172 257
172 261
172 265
172 269
172 272
172 279
172 289
172 291
172 293
173 175
173 179
173 189
173 204
173 206
173 219
173 221
173 228
173 229
173 237
173 238
173 249
173 252
173 253
173 255
173 256
173 260
173 263
173 265
173 279
173 281
173 291
173 298
174 190
174 202
174 210
174 216
174 217
174 219
174 224
174 229
174 231
174 236
174 237
174 241
174 243
174 260
174 266
174 272
174 274
174 277
174 285
174 297
175 182
175 183
175 184
175 188
175 190
175 193
175 196
175 198
175 200
175 207
175 213
175 214
175 218
175 219
175 223
175 246
175 256
175 264
175 289
175 295
176 188
176 189
176 193
176 195
176 199
176 206
176 229
176 240
176 248
176 253
176 256
176 257
176 260
176 262
176 266
176 278
176 282
176 283
176 286
176 291
176 292
176 297
177 178
177 181
177 184
177 192
177 193
177 197
177 202
177 204
177 208
177 213
177 221
177 227
177 231
177 235
177 239
177 240
177 244
177 253
177 263
177 268
177 269
177 272
177 274
177 279
177 280
177 286
177 289
177 290
177 291
177 297
178 180
178 191
178 192
178 193
178 196
178 220
178 221
178 227
178 242
178 250
178 262
178 268
178 279
178 280
178 283
178 289
179 190
179 194
179 198
179 206
179 210
179 211
179 218
179 223
179 228
179 237
179 238
179 241
179 243
179 244
179 246
179 247
179 251
179 256
179 257
179 272
179 276
179 281
179 283
179 284
179 291
179 295
179 297
179 299
180 184
180 194
180 196
180 203
180 211
180 215
180 219
180 231
180 235
180 240
180 243
180 247
180 248
180 258
180 261
180 264
180 273
180 274
180 280
180 290
180 294
180 297
181 182
181 183
181 196
181 199
181 200
181 202
181 205
181 206
181 207
181 210
181 215
181 217
181 218
181 220
181 226
181 227
181 240
181 248
181 265
181 267
181 277
181 285
181 286
181 290
181 291
181 294
182 191
182 192
182 195
182 197
182 202
182 204
182 213
182 216
182 222
182 223
182 227
182 230
182 233
182 237
182 242
182 247
182 264
182 267
182 270
182 272
182 275
182 281
182 295
182 297
183 187
183 191
183 199
183 216
183 223
183 224
183 239
183 241
183 245
183 247
183 248
183 254
183 255
183 261
183 262
183 264
183 267
183 270
183 291
184 191
184 200
184 209
184 210
184 216
184 235
184 237
184 238
184 248
184 253
184 254
184 260
184 262
184 264
184 267
184 276
184 277
184 281
184 283
184 294
185 195
185 196
185 202
185 203
185 204
185 211
185 222
185 226
185 228
185 232
185 233
185 247
185 248
185 251
185 261
185 263
185 265
185 271
185 272
185 273
185 274
185 277
185 283
185 284
185 288
185 289
185 290
186 193
186 198
186 201
186 205
186 223
186 225
186 227
186 232
186 238
186 241
186 244
186 247
186 260
186 265
186 267
186 268
186 270
186 273
186 277
186 294
186 296
187 188
187 190
187 191
187 202
187 204
187 212
187 216
187 222
187 230
187 233
187 234
187 247
187 248
187 250
187 256
187 258
187 263
187 266
187 269
187 271
187 277
187 278
187 281
187 290
187 298
188 199
188 201
188 210
188 211
188 214
188 224
188 225
188 228
188 233
188 239
188 248
188 250
188 260
188 266
188 282
188 287
189 199
189 201
189 210
189 215
189 219
189 233
189 234
189 243
189 252
189 261
189 262
189 263
189 264
189 266
189 268
189 269
189 270
189 277
189 281
189 283
189 284
189 288
189 294
189 297
189 298
189 299
190 192
190 193
190 194
190 196
190 198
190 199
190 202
190 219
190 220
190 221
190 226
190 228
190 231
190 232
190 233
190 236
190 237
190 239
190 256
190 258
190 266
190 269
190 272
190 273
190 280
190 284
190 285
190 286
190 290
190 296
190 297
191 193
191 194
191 197
191 206
191 208
191 209
191 214
191 219
191 223
191 226
191 228
191 229
191 231
191 234
191 235
191 236
191 244
191 247
191 249
191 250
191 257
191 260
191 261
191 271
191 275
191 278
191 279
191 291
192 205
192 209
192 217
192 222
192 232
192 234
192 237
192 239
192 244
192 245
192 256
192 274
192 276
192 279
192 280
192 285
192 288
192 289
192 290
192 293
192 299
193 194
193 195
193 197
193 200
193 204
193 206
193 209
193 211
193 213
193 219
193 224
193 225
193 227
193 239
193 243
193 244
193 245
193 249
193 251
193 259
193 263
193 264
193 270
193 274
193 278
193 283
193 286
193 295
193 298
193 299
194 196
194 202
194 203
194 210
194 211
194 221
194 222
194 223
194 224
194 229
194 231
194 232
194 234
194 236
194 237
194 239
194 242
194 243
194 244
194 251
194 252
194 253
194 256
194 261
194 266
194 269
194 272
194 273
194 274
194 277
194 278
194 281
194 291
194 298
195 197
195 220
195 225
195 232
195 233
195 241
195 244
195 253
195 259
195 262
195 266
195 269
195 272
195 275
195 278
195 279
195 292
195 294
195 296
196 199
196 219
196 220
196 223
196 225
196 229
196 231
196 232
196 238
196 245
196 249
196 255
196 257
196 263
196 277
196 284
196 291
196 296
197 204
197 208
197 213
197 214
197 215
197 216
197 220
197 223
197 224
197 227
197 228
197 235
197 240
197 241
197 245
197 248
197 249
197 258
197 264
197 273
197 285
197 291
197 298
198 217
198 219
198 222
198 227
198 234
198 248
198 257
198 258
198 263
198 265
198 268
198 273
198 283
198 285
198 291
198 292
198 299
199 203
199 210
199 213
199 214
199 216
199 218
199 219
199 220
199 222
199 225
199 226
199 229
199 232
199 240
199 241
199 247
199 252
199 253
199 259
199 264
199 265
199 267
199 286
199 289
199 291
199 293
199 297
200 206
200 208
200 212
200 216
200 217
200 220
200 239
200 242
200 246
200 252
200 254
200 257
200 262
200 269
200 277
200 282
200 284
200 286
200 289
200 295
200 296
200 297
201 211
201 214
201 226
201 227
201 228
201 231
201 234
201 238
201 249
201 250
201 251
201 260
201 265
201 266
201 268
201 280
201 295
201 298
202 205
202 210
202 213
202 216
202 218
202 221
202 228
202 233
202 238
202 247
202 251
202 254
202 257
202 260
202 262
202 264
202 267
202 270
202 272
202 277
202 280
202 293
202 294
203 205
203 213
203 215
203 224
203 237
203 241
203 242
203 246
203 248
203 261
203 275
203 289
203 295
203 297
204 207
204 209
204 210
204 217
204 218
204 222
204 223
204 225
204 242
204 246
204 248
204 252
204 260
204 269
204 273
204 277
204 280
204 283
204 292
204 296
204 299
205 206
205 212
205 226
205 242
205 243
205 247
205 250
205 251
205 260
205 263
205 265
205 269
205 272
205 277
205 284
205 289
205 297
206 207
206 215
206 225
206 228
206 232
206 234
206 241
206 242
206 256
206 261
206 265
206 268
206 272
206 276
206 279
206 289
206 292
207 211
207 213
207 217
207 223
207 228
207 229
207 235
207 244
207 249
207 253
207 255
207 258
207 269
207 270
207 271
207 282
207 288
208 209
208 214
208 220
208 222
208 226
208 231
208 241
208 242
208 244
208 246
208 247
208 249
208 252
208 270
208 274
208 275
208 278
208 281
208 284
208 285
208 296
208 297
208 298
209 219
209 231
209 232
209 233
209 241
209 243
209 249
209 250
209 251
209 252
209 256
209 260
209 266
209 271
209 277
209 287
209 291
209 292
209 299
210 218
210 224
210 228
210 229
210 233
210 246
210 250
210 252
210 266
210 271
210 273
210 274
210 275
210 280
210 281
210 283
210 294
210 298
211 213
211 215
211 217
211 225
211 230
211 237
211 239
211 242
211 247
211 248
211 263
211 264
211 268
211 270
211 272
211 273
211 289
211 290
211 292
211 293
211 298
212 224
212 227
212 229
212 230
212 233
212 240
212 241
212 243
212 248
212 250
212 254
212 259
212 263
212 265
212 268
212 273
212 275
212 281
212 282
212 289
212 293
212 295
212 299
213 216
213 225
213 227
213 235
213 238
213 242
213 246
213 247
213 256
213 259
213 260
213 262
213 263
213 266
213 267
213 268
213 271
213 276
213 285
213 288
214 215
214 218
214 225
214 230
214 231
214 235
214 238
214 247
214 251
214 256
214 257
214 260
214 261
214 267
214 268
214 269
214 273
214 276
214 277
214 281
214 293
214 295
214 297
215 220
215 226
215 240
215 246
215 250
215 251
215 257
215 269
215 271
215 272
215 273
215 274
215 282
216 222
216 223
216 224
216 227
216 238
216 240
216 245
216 246
216 258
216 260
216 261
216 265
216 276
216 287
216 292
216 293
216 295
217 225
217 226
217 227
217 235
217 236
217 239
217 240
217 246
217 249
217 252
217 257
217 264
217 270
217 271
217 273
217 285
218 222
218 224
218 253
218 254
218 256
218 257
218 260
218 262
218 263
218 269
218 273
218 274
218 275
218 276
218 283
218 284
218 286
218 299
219 222
219 224
219 225
219 226
219 228
219 235
219 241
219 242
219 244
219 260
219 261
219 268
219 270
219 274
219 277
219 278
219 287
219 292
219 295
220 221
220 225
220 229
220 235
220 244
220 249
220 253
220 255
220 261
220 265
220 270
220 276
220 277
220 279
220 281
220 283
220 285
220 289
221 222
221 223
221 231
221 232
221 237
221 243
221 246
221 247
221 253
221 261
221 263
221 265
221 268
221 272
221 283
221 285
221 290
221 297
221 298
222 228
222 229
222 231
222 243
222 245
222 249
222 262
222 266
222 268
222 279
222 284
222 286
222 287
222 288
222 297
223 228
223 267
223 277
223 284
223 288
223 291
223 295
224 227
224 229
224 230
224 242
224 244
224 246
224 279
224 290
224 291
224 292
225 228
225 232
225 233
225 246
225 252
225 253
225 259
225 261
225 262
225 266
225 279
225 288
225 292
225 294
225 296
225 298
226 227
226 229
226 232
226 233
226 235
226 244
226 246
226 247
226 253
226 254
226 257
226 266
226 278
226 283
226 290
226 299
227 230
227 231
227 232
227 240
227 245
227 256
227 257
227 258
227 262
227 263
227 267
227 273
227 277
227 287
227 290
227 292
227 298
227 299
228 232
228 237
228 240
228 263
228 264
228 265
228 268
228 271
228 273
228 277
228 281
228 283
228 284
228 288
228 296
229 232
229 233
229 240
229 244
229 252
229 254
229 258
229 260
229 264
229 265
229 280
229 290
229 297
230 234
230 240
230 241
230 242
230 249
230 253
230 254
230 257
230 265
230 273
230 280
230 281
230 295
230 299
231 238
231 241
231 244
231 252
231 253
231 260
231 261
231 268
231 272
231 278
231 279
231 281
231 285
232 247
232 254
232 262
232 264
232 267
232 269
232 279
232 297
232 299
233 244
233 249
233 254
233 263
233 266
233 267
233 270
233 274
233 275
233 278
233 282
233 285
233 286
233 289
233 297
233 299
234 235
234 236
234 238
234 241
234 243
234 249
234 266
234 279
234 282
234 285
234 296
235 238
235 247
235 249
235 254
235 258
235 265
235 266
235 272
235 279
235 280
235 286
235 287
235 293
236 241
236 247
236 256
236 259
236 265
236 266
236 272
236 288
236 293
236 298
237 241
237 243
237 246
237 249
237 251
237 263
237 290
237 293
238 243
238 245
238 246
238 248
238 253
238 259
238 261
238 267
238 268
238 270
238 272
238 273
238 281
238 291
238 292
239 242
239 243
239 246
239 259
239 270
239 274
239 280
239 281
239 285
239 289
239 292
240 241
240 242
240 245
240 246
240 249
240 251
240 264
240 266
240 267
240 272
240 279
240 284
240 288
240 291
240 295
241 246
241 248
241 257
241 264
241 265
241 277
241 278
241 281
241 282
241 285
241 287
241 288
241 291
241 295
241 296
241 298
242 249
242 250
242 251
242 252
242 257
242 259
242 260
242 264
242 266
242 268
242 272
242 273
242 286
242 287
242 288
242 289
242 294
242 296
242 297
242 298
243 246
243 250
243 253
243 254
243 255
243 256
243 257
243 264
243 271
243 273
243 283
243 284
243 285
243 297
244 247
244 250
244 252
244 255
244 262
244 263
244 264
244 268
244 270
244 273
244 278
244 281
245 247
245 248
245 251
245 255
245 258
245 269
245 270
245 278
245 280
245 288
245 291
245 294
245 295
245 296
245 298
245 299
246 255
246 257
246 271
246 274
246 279
246 281
246 289
246 297
247 255
247 258
247 261
247 271
247 273
247 276
247 277
247 287
247 298
248 249
248 257
248 259
248 262
248 265
248 277
248 282
248 287
248 293
248 294
249 252
249 256
249 259
249 262
249 263
249 264
249 267
249 271
249 275
249 277
249 289
249 297
250 253
250 258
250 263
250 267
250 268
250 278
250 279
250 280
250 282
250 289
250 292
250 293
250 296
251 262
251 264
251 265
251 273
251 278
251 287
251 296
251 298
252 253
252 261
252 269
252 277
252 280
252 287
252 297
252 299
253 260
253 262
253 268
253 277
253 280
253 289
253 292
253 296
253 297
253 299
254 255
254 260
254 262
254 265
254 266
254 269
254 274
254 279
254 281
254 282
254 284
254 285
254 287
254 289
254 294
254 299
255 256
255 258
255 259
255 266
255 268
255 271
255 272
255 274
255 275
255 280
255 299
256 259
256 260
256 263
256 271
256 285
256 292
256 298
257 260
257 266
257 270
257 279
257 281
257 284
257 287
257 294
258 271
258 272
258 284
258 293
259 261
259 263
259 264
259 265
259 267
259 272
259 279
259 282
259 287
259 288
259 289
259 292
260 262
260 264
260 267
260 269
260 273
260 282
260 283
260 288
260 289
260 290
260 299
261 266
261 292
261 296
261 297
262 265
262 267
262 269
262 273
262 286
262 289
262 291
262 292
262 293
262 297
262 299
263 271
263 273
263 275
263 276
263 282
263 283
263 296
263 297
264 267
264 277
264 286
264 298
265 274
265 278
265 279
265 281
265 287
265 288
265 291
265 292
265 293
265 295
265 297
266 267
266 273
266 281
266 284
266 289
266 295
267 281
267 283
267 291
267 292
267 296
268 269
268 274
268 281
268 282
268 284
268 289
268 291
268 297
269 271
269 273
269 277
269 278
269 279
269 294
269 295
270 271
270 285
270 295
271 273
271 283
271 284
271 287
271 293
271 296
271 299
272 273
272 275
272 277
272 285
272 296
273 277
273 278
273 288
273 298
273 299
274 275
274 280
274 284
274 287
274 293
274 295
275 279
275 280
275 282
275 285
275 286
275 288
275 289
275 298
275 299
276 289
276 293
276 295
276 298
277 279
277 294
277 297
278 280
278 281
278 283
279 280
279 283
279 291
280 282
280 283
280 290
280 292
280 293
281 284
281 288
281 289
281 294
281 296
282 284
282 287
282 292
284 286
285 296
286 288
286 298
286 299
287 288
287 295
288 295
289 294
289 297
289 298
289 299
290 293
290 296
291 293
291 294
291 296
293 294
293 298
293 299
295 296
295 297
296 297
298 299
