300 778
0 33
0 141
0 165
0 208
0 255
0 290
1 33
1 127
1 136
1 277
2 21
2 42
2 50
2 99
2 277
3 13
3 59
3 71
3 151
3 217
4 14
4 160
4 206
4 217
5 132
5 233
5 261
5 263
6 71
6 171
6 185
6 210
6 230
6 269
7 55
7 65
7 73
7 120
7 162
7 181
7 264
7 284
7 294
8 17
8 51
8 65
8 103
8 110
8 153
8 166
8 178
8 179
8 217
9 69
9 115
9 150
9 171
9 223
9 238
10 63
10 78
10 102
10 145
10 153
11 59
11 67
11 117
12 32
12 45
12 61
12 82
12 134
12 154
12 164
12 213
13 30
13 62
13 92
13 103
13 157
13 254
13 282
13 296
14 63
14 115
14 231
14 298
15 161
15 198
15 256
15 284
16 34
16 52
16 148
16 171
16 213
16 244
16 253
17 94
17 98
17 106
17 124
17 286
18 114
18 245
18 281
18 285
19 32
19 90
19 131
19 135
19 277
20 43
20 116
20 122
20 238
21 37
21 139
21 221
21 258
21 284
22 67
22 103
22 115
22 253
23 79
23 180
24 261
24 299
25 46
25 155
25 249
25 290
26 40
26 60
26 66
26 80
26 147
26 175
26 203
26 227
26 276
27 104
27 114
27 124
27 127
27 278
28 52
28 165
28 253
28 284
28 294
29 55
29 154
29 156
29 216
30 59
30 61
30 70
30 103
30 203
30 239
30 278
31 43
31 62
31 198
31 210
32 84
32 146
32 194
33 95
33 183
33 228
34 56
34 156
35 73
35 97
35 232
35 289
36 47
36 77
36 100
36 130
36 213
36 230
37 131
37 137
37 274
38 88
38 169
38 196
38 209
38 264
39 97
39 255
39 258
39 261
39 292
39 293
40 58
40 182
40 223
40 250
41 43
41 53
41 105
41 113
41 137
42 54
42 166
42 194
42 207
42 259
42 285
43 290
44 105
44 173
45 147
45 179
45 226
46 89
46 107
46 202
46 204
47 130
47 190
47 230
47 271
48 65
48 158
48 165
48 271
48 288
49 52
49 176
49 216
49 217
49 234
49 261
50 51
50 169
50 255
51 102
51 111
51 117
51 149
51 159
51 174
51 225
51 240
51 263
52 64
52 100
52 125
52 140
52 206
52 220
52 282
52 285
53 63
53 69
53 174
53 244
53 253
53 261
54 60
54 125
54 141
54 150
54 172
54 264
55 73
55 260
55 272
56 111
56 276
57 77
57 186
57 220
57 228
57 298
58 73
58 90
58 118
58 143
58 165
58 189
58 249
59 167
59 237
59 272
60 264
60 266
60 283
60 285
61 147
61 175
62 126
62 225
62 273
64 211
64 248
65 103
65 218
65 224
66 95
66 112
66 186
66 207
66 221
67 83
67 190
67 264
68 141
68 186
68 195
68 224
69 297
70 78
70 83
70 100
70 137
70 175
70 259
71 219
71 256
71 262
72 113
72 176
72 185
72 187
72 191
73 150
73 244
73 287
73 299
74 76
74 123
74 151
74 193
74 227
74 242
74 277
75 97
75 110
75 137
75 147
75 266
76 93
76 226
77 160
77 288
78 127
78 180
78 235
78 257
79 122
79 124
79 245
80 89
80 178
81 92
81 108
81 113
81 134
81 206
82 144
83 132
84 127
84 250
84 263
84 284
85 127
85 169
85 170
85 222
86 87
86 105
86 126
86 179
86 196
86 206
87 126
87 248
87 295
87 297
88 208
88 245
89 160
89 227
89 236
89 239
90 121
91 113
91 182
91 225
92 123
92 158
92 171
92 216
92 295
93 111
93 160
93 168
93 190
93 205
93 207
93 231
93 238
93 298
94 113
94 135
94 161
94 166
94 169
94 170
94 238
94 253
95 170
95 296
96 142
96 162
96 186
96 223
96 234
96 265
96 278
96 285
97 103
97 150
97 179
97 208
97 294
98 117
98 167
98 245
98 258
99 108
99 216
99 248
99 263
100 231
100 279
101 135
101 146
101 231
101 270
102 143
102 185
102 229
102 282
103 144
103 195
103 214
104 140
104 189
105 240
106 124
106 145
107 127
107 161
107 177
107 226
107 265
109 157
109 212
110 125
110 130
110 293
111 121
111 234
112 118
112 197
112 291
114 160
114 171
114 209
115 206
115 262
116 198
116 219
116 292
117 194
117 214
118 166
118 197
118 248
119 134
119 179
119 208
119 222
119 232
119 237
120 180
120 192
120 258
120 268
121 162
121 186
122 177
122 243
123 179
123 191
123 220
123 276
125 139
125 220
126 139
126 181
127 213
127 283
128 195
128 200
128 216
128 255
128 291
129 152
129 232
129 249
129 251
130 191
131 141
131 165
131 218
131 285
132 138
132 162
132 191
132 227
132 234
132 244
132 266
133 163
133 172
133 196
133 197
133 243
133 247
133 290
134 267
135 162
135 205
135 238
135 297
136 210
136 224
136 242
136 253
136 294
137 139
138 159
138 187
138 232
138 283
139 282
140 203
140 219
141 267
142 153
142 213
142 286
142 298
143 234
143 237
143 273
144 268
145 281
146 148
146 159
146 205
147 229
147 234
148 159
148 176
148 209
148 289
149 164
149 222
150 240
151 181
151 228
152 177
152 261
153 201
153 205
153 232
153 269
153 283
153 299
154 156
154 173
154 210
154 240
154 249
154 297
155 168
155 243
155 280
156 176
156 185
156 272
157 194
158 226
158 237
158 271
158 279
159 215
159 239
159 280
162 168
162 206
162 294
163 220
163 243
164 182
164 185
164 240
165 259
165 296
166 217
167 208
167 249
167 254
168 178
169 200
170 243
170 298
171 234
171 262
171 291
173 199
173 202
173 298
175 180
175 222
177 201
177 227
178 202
178 214
179 196
179 284
180 210
181 221
181 246
182 192
183 246
183 257
184 200
184 281
184 295
185 199
185 264
186 210
186 282
187 257
188 214
188 228
188 247
188 260
189 246
191 216
191 261
191 278
192 209
192 236
193 256
193 294
194 251
194 273
195 240
195 256
195 293
197 238
197 241
197 295
198 224
198 279
198 284
199 201
200 241
203 208
203 215
203 221
204 227
204 234
204 246
205 209
205 267
206 231
207 212
207 244
207 270
209 259
209 263
210 231
210 286
210 294
211 287
211 295
212 226
212 257
213 230
213 262
213 269
215 253
215 290
216 293
218 264
218 270
219 258
220 221
221 257
221 260
221 287
222 252
222 268
222 271
223 250
223 275
224 237
224 250
224 278
224 286
225 226
225 270
225 278
226 230
226 257
226 298
226 299
229 277
230 264
232 270
232 285
233 251
234 270
236 244
236 280
237 245
237 285
237 287
238 259
238 298
239 292
240 244
240 253
240 277
241 273
242 258
243 274
245 270
247 288
249 279
250 252
250 290
251 276
252 286
254 292
255 282
256 263
257 274
260 296
261 273
265 282
269 288
270 295
272 282
274 284
274 288
274 292
275 280
275 281
277 296
282 293
286 288
287 292
294 295
294 296
