300 9179
0 4
0 6
0 7
0 17
0 28
0 31
0 49
0 53
0 54
0 56
0 59
0 61
0 71
0 76
0 77
0 82
0 89
0 91
0 104
0 106
0 111
0 113
0 114
0 120
0 122
0 126
0 128
0 131
0 143
0 151
0 155
0 159
0 163
0 172
0 173
0 176
0 187
0 195
0 198
0 201
0 202
0 203
0 206
0 208
0 209
0 212
0 214
0 216
0 218
0 222
0 238
0 254
0 255
0 264
0 274
0 276
0 277
0 288
0 292
1 16
1 17
1 18
1 22
1 24
1 25
1 26
1 27
1 35
1 43
1 46
1 47
1 51
1 63
1 74
1 80
1 83
1 92
1 95
1 101
1 104
1 111
1 115
1 116
1 123
1 125
1 126
1 127
1 129
1 132
1 133
1 136
1 137
1 149
1 151
1 163
1 172
1 181
1 190
1 192
1 193
1 195
1 198
1 199
1 208
1 209
1 212
1 213
1 214
1 218
1 221
1 225
1 232
1 239
1 249
1 258
1 262
1 269
1 270
1 278
1 282
1 286
1 299
2 11
2 17
2 18
2 21
2 25
2 36
2 41
2 44
2 50
2 56
2 59
2 64
2 67
2 68
2 73
2 78
2 81
2 88
2 94
2 96
2 97
2 110
2 113
2 116
2 117
2 123
2 125
2 128
2 142
2 146
2 147
2 150
2 155
2 163
2 170
2 178
2 180
2 210
2 213
2 216
2 220
2 224
2 225
2 226
2 229
2 232
2 234
2 235
2 236
2 245
2 247
2 258
2 270
2 271
2 272
2 280
2 283
2 290
2 293
2 299
3 8
3 9
3 11
3 13
3 15
3 16
3 17
3 23
3 24
3 25
3 27
3 30
3 43
3 47
3 49
3 51
3 61
3 70
3 71
3 74
3 75
3 78
3 82
3 87
3 91
3 99
3 100
3 103
3 106
3 119
3 124
3 127
3 133
3 144
3 147
3 148
3 154
3 159
3 167
3 176
3 177
3 193
3 194
3 195
3 198
3 202
3 203
3 212
3 218
3 219
3 227
3 234
3 237
3 242
3 243
3 253
3 255
3 263
3 270
3 278
3 279
3 286
3 288
3 290
3 291
3 292
3 293
3 295
4 19
4 23
4 25
4 27
4 41
4 52
4 53
4 56
4 57
4 73
4 74
4 79
4 84
4 86
4 88
4 91
4 102
4 103
4 108
4 112
4 114
4 118
4 124
4 125
4 131
4 137
4 138
4 147
4 159
4 162
4 167
4 173
4 174
4 179
4 190
4 191
4 193
4 201
4 202
4 203
4 206
4 208
4 210
4 212
4 215
4 222
4 223
4 225
4 228
4 230
4 232
4 233
4 234
4 251
4 252
4 256
4 259
4 262
4 264
4 267
4 269
4 275
4 280
4 284
4 287
4 289
4 295
4 298
4 299
5 9
5 16
5 19
5 23
5 28
5 35
5 60
5 66
5 70
5 72
5 77
5 83
5 93
5 98
5 101
5 108
5 115
5 116
5 117
5 121
5 124
5 133
5 134
5 139
5 143
5 144
5 147
5 150
5 159
5 164
5 170
5 175
5 178
5 185
5 188
5 191
5 193
5 196
5 197
5 199
5 200
5 212
5 213
5 214
5 228
5 229
5 233
5 237
5 242
5 250
5 253
5 256
5 264
5 268
5 269
5 274
5 283
5 285
5 293
5 294
6 7
6 8
6 17
6 28
6 30
6 33
6 34
6 38
6 42
6 43
6 45
6 49
6 51
6 52
6 53
6 57
6 63
6 66
6 69
6 78
6 79
6 84
6 85
6 88
6 109
6 110
6 111
6 113
6 115
6 126
6 142
6 144
6 146
6 153
6 157
6 158
6 171
6 174
6 177
6 180
6 183
6 198
6 199
6 201
6 202
6 205
6 214
6 219
6 224
6 231
6 234
6 240
6 241
6 245
6 247
6 252
6 256
6 257
6 264
6 267
6 269
6 277
6 280
6 292
6 297
7 9
7 14
7 15
7 16
7 19
7 21
7 25
7 31
7 32
7 33
7 34
7 36
7 38
7 39
7 47
7 49
7 58
7 72
7 82
7 84
7 86
7 97
7 101
7 112
7 116
7 117
7 129
7 130
7 132
7 133
7 141
7 146
7 149
7 152
7 161
7 164
7 167
7 171
7 176
7 178
7 180
7 187
7 194
7 195
7 199
7 200
7 202
7 220
7 222
7 227
7 228
7 239
7 243
7 244
7 249
7 265
7 269
7 278
7 283
7 286
7 291
7 294
7 299
8 9
8 10
8 17
8 27
8 41
8 47
8 51
8 52
8 54
8 55
8 56
8 63
8 68
8 70
8 72
8 76
8 82
8 83
8 86
8 94
8 100
8 103
8 109
8 111
8 117
8 120
8 127
8 137
8 139
8 145
8 147
8 150
8 152
8 154
8 160
8 161
8 165
8 166
8 171
8 176
8 181
8 193
8 204
8 205
8 211
8 213
8 222
8 224
8 243
8 245
8 246
8 261
8 262
8 265
8 269
8 275
8 280
8 284
8 285
8 296
8 298
8 299
9 16
9 19
9 31
9 36
9 38
9 39
9 51
9 56
9 59
9 62
9 68
9 72
9 77
9 82
9 84
9 85
9 95
9 101
9 103
9 109
9 113
9 116
9 129
9 132
9 134
9 135
9 140
9 142
9 152
9 160
9 168
9 178
9 184
9 194
9 195
9 199
9 203
9 205
9 206
9 212
9 221
9 223
9 238
9 242
9 244
9 245
9 265
9 266
9 267
9 274
9 277
9 279
9 281
9 282
9 289
9 292
9 298
10 13
10 19
10 33
10 34
10 43
10 46
10 47
10 51
10 58
10 64
10 73
10 77
10 78
10 82
10 86
10 90
10 106
10 114
10 118
10 121
10 122
10 127
10 132
10 139
10 151
10 152
10 155
10 159
10 162
10 165
10 170
10 171
10 182
10 186
10 190
10 198
10 200
10 201
10 204
10 205
10 207
10 227
10 242
10 257
10 260
10 261
10 269
10 275
10 285
10 288
10 290
10 298
11 24
11 28
11 44
11 45
11 46
11 56
11 57
11 67
11 68
11 75
11 76
11 90
11 94
11 104
11 108
11 110
11 119
11 125
11 127
11 130
11 134
11 135
11 136
11 143
11 147
11 149
11 150
11 153
11 154
11 159
11 165
11 167
11 168
11 173
11 175
11 179
11 182
11 188
11 191
11 196
11 198
11 199
11 205
11 212
11 215
11 217
11 222
11 229
11 232
11 234
11 244
11 246
11 249
11 256
11 257
11 259
11 264
11 267
11 269
11 270
11 271
11 272
11 274
11 276
11 277
11 279
11 284
11 291
11 294
11 295
12 13
12 20
12 24
12 25
12 35
12 40
12 43
12 46
12 50
12 52
12 54
12 55
12 73
12 82
12 89
12 97
12 99
12 103
12 107
12 121
12 127
12 141
12 151
12 153
12 158
12 163
12 174
12 175
12 185
12 193
12 198
12 200
12 203
12 208
12 210
12 211
12 218
12 231
12 233
12 236
12 240
12 241
12 246
12 252
12 261
12 262
12 264
12 265
12 275
12 280
12 282
12 285
12 286
12 287
12 288
12 289
12 295
12 297
13 14
13 20
13 22
13 23
13 31
13 35
13 36
13 40
13 45
13 50
13 53
13 64
13 67
13 75
13 76
13 97
13 98
13 102
13 104
13 105
13 109
13 120
13 127
13 143
13 161
13 164
13 165
13 175
13 181
13 189
13 190
13 194
13 195
13 211
13 213
13 215
13 219
13 221
13 224
13 226
13 227
13 229
13 233
13 244
13 248
13 257
13 267
13 272
13 284
13 293
14 36
14 39
14 44
14 46
14 48
14 55
14 65
14 68
14 72
14 78
14 81
14 82
14 87
14 92
14 97
14 98
14 101
14 105
14 109
14 113
14 131
14 140
14 142
14 144
14 154
14 161
14 165
14 169
14 170
14 172
14 175
14 176
14 177
14 182
14 186
14 192
14 194
14 196
14 205
14 206
14 209
14 215
14 218
14 222
14 232
14 233
14 238
14 239
14 240
14 246
14 253
14 256
14 270
14 282
14 283
14 285
14 287
14 288
14 291
14 294
15 16
15 25
15 34
15 50
15 51
15 52
15 61
15 66
15 70
15 73
15 84
15 86
15 89
15 97
15 113
15 119
15 126
15 132
15 134
15 138
15 142
15 145
15 147
15 151
15 164
15 173
15 174
15 175
15 179
15 189
15 192
15 194
15 212
15 215
15 216
15 220
15 221
15 222
15 225
15 226
15 234
15 242
15 262
15 263
15 265
15 267
15 269
15 273
15 275
15 277
15 279
15 282
15 291
15 292
16 22
16 25
16 27
16 28
16 30
16 31
16 33
16 41
16 45
16 49
16 50
16 55
16 59
16 60
16 61
16 62
16 63
16 64
16 69
16 80
16 87
16 89
16 90
16 93
16 95
16 101
16 106
16 109
16 113
16 116
16 123
16 129
16 142
16 149
16 151
16 153
16 160
16 165
16 173
16 175
16 176
16 181
16 188
16 193
16 194
16 195
16 198
16 202
16 219
16 227
16 230
16 235
16 236
16 241
16 244
16 249
16 251
16 258
16 261
16 262
16 266
16 270
16 279
16 288
16 296
16 299
17 22
17 27
17 29
17 30
17 34
17 37
17 39
17 46
17 50
17 68
17 71
17 75
17 77
17 79
17 93
17 94
17 96
17 100
17 103
17 104
17 116
17 119
17 122
17 126
17 128
17 130
17 131
17 134
17 138
17 153
17 157
17 162
17 163
17 164
17 170
17 173
17 174
17 182
17 187
17 190
17 195
17 196
17 205
17 212
17 215
17 216
17 226
17 230
17 232
17 234
17 238
17 241
17 245
17 248
17 253
17 259
17 261
17 265
17 269
17 270
17 277
17 287
17 289
17 294
17 295
18 24
18 27
18 30
18 32
18 39
18 42
18 44
18 46
18 61
18 62
18 68
18 94
18 100
18 109
18 110
18 112
18 114
18 118
18 126
18 127
18 137
18 154
18 157
18 158
18 167
18 172
18 175
18 177
18 181
18 185
18 187
18 191
18 194
18 198
18 200
18 201
18 203
18 208
18 209
18 211
18 213
18 220
18 226
18 236
18 240
18 245
18 269
18 275
18 277
18 280
18 283
18 285
18 290
18 295
19 26
19 36
19 37
19 38
19 49
19 54
19 55
19 63
19 65
19 67
19 70
19 72
19 75
19 90
19 94
19 100
19 101
19 106
19 110
19 112
19 114
19 118
19 120
19 133
19 135
19 144
19 145
19 152
19 176
19 185
19 191
19 193
19 199
19 204
19 206
19 207
19 209
19 220
19 221
19 227
19 228
19 232
19 243
19 252
19 275
19 297
20 21
20 25
20 27
20 31
20 41
20 45
20 48
20 49
20 50
20 56
20 60
20 61
20 62
20 88
20 89
20 98
20 99
20 109
20 110
20 111
20 117
20 120
20 126
20 132
20 143
20 159
20 162
20 168
20 169
20 171
20 173
20 174
20 177
20 187
20 188
20 191
20 197
20 199
20 202
20 209
20 213
20 232
20 233
20 240
20 247
20 265
20 266
20 275
20 280
20 287
20 299
21 25
21 28
21 31
21 32
21 33
21 51
21 52
21 54
21 57
21 64
21 68
21 80
21 81
21 83
21 91
21 95
21 103
21 122
21 136
21 163
21 172
21 176
21 179
21 183
21 185
21 198
21 202
21 211
21 223
21 224
21 233
21 235
21 253
21 260
21 261
21 263
21 267
21 270
21 271
21 282
21 283
21 284
21 288
21 291
21 292
21 294
22 29
22 42
22 44
22 51
22 63
22 72
22 88
22 89
22 94
22 102
22 103
22 105
22 107
22 109
22 113
22 121
22 129
22 130
22 131
22 136
22 148
22 149
22 162
22 173
22 184
22 198
22 200
22 202
22 212
22 215
22 218
22 219
22 233
22 241
22 250
22 255
22 258
22 261
22 262
22 274
22 293
22 299
23 27
23 28
23 44
23 49
23 54
23 69
23 75
23 80
23 83
23 84
23 106
23 113
23 123
23 125
23 127
23 128
23 131
23 132
23 134
23 142
23 145
23 154
23 158
23 169
23 184
23 185
23 191
23 193
23 195
23 200
23 202
23 207
23 209
23 217
23 228
23 230
23 247
23 249
23 250
23 253
23 256
23 267
23 279
23 283
23 288
23 293
23 294
23 296
24 30
24 33
24 35
24 36
24 37
24 42
24 45
24 48
24 52
24 62
24 65
24 70
24 73
24 79
24 86
24 89
24 99
24 107
24 111
24 116
24 117
24 118
24 120
24 122
24 124
24 125
24 127
24 130
24 131
24 140
24 156
24 157
24 159
24 162
24 164
24 175
24 183
24 194
24 212
24 217
24 219
24 231
24 234
24 235
24 243
24 254
24 255
24 258
24 277
24 279
24 287
24 294
25 32
25 36
25 42
25 45
25 46
25 60
25 66
25 68
25 70
25 73
25 75
25 79
25 82
25 84
25 86
25 92
25 93
25 111
25 113
25 118
25 126
25 131
25 133
25 139
25 141
25 145
25 146
25 149
25 161
25 162
25 165
25 172
25 173
25 175
25 176
25 178
25 184
25 191
25 193
25 207
25 212
25 213
25 221
25 230
25 232
25 236
25 237
25 240
25 241
25 244
25 263
25 268
25 285
25 297
26 28
26 29
26 38
26 44
26 52
26 71
26 74
26 78
26 79
26 82
26 88
26 90
26 97
26 98
26 100
26 102
26 103
26 105
26 107
26 109
26 119
26 124
26 135
26 142
26 143
26 144
26 148
26 153
26 154
26 155
26 159
26 169
26 170
26 177
26 180
26 181
26 182
26 183
26 188
26 190
26 201
26 204
26 206
26 242
26 245
26 249
26 256
26 257
26 261
26 267
26 290
26 299
27 41
27 48
27 62
27 77
27 82
27 88
27 89
27 98
27 102
27 113
27 117
27 120
27 129
27 132
27 135
27 139
27 140
27 144
27 145
27 146
27 157
27 161
27 162
27 167
27 172
27 175
27 176
27 179
27 185
27 186
27 192
27 198
27 201
27 205
27 212
27 213
27 217
27 227
27 238
27 244
27 247
27 251
27 254
27 259
27 261
27 264
27 265
27 266
27 267
27 275
27 276
27 280
27 289
27 296
28 35
28 37
28 41
28 49
28 56
28 62
28 63
28 69
28 71
28 82
28 84
28 86
28 97
28 111
28 116
28 122
28 125
28 128
28 141
28 145
28 170
28 174
28 190
28 212
28 220
28 231
28 240
28 246
28 248
28 250
28 257
28 258
28 260
28 272
28 275
28 276
28 277
28 283
28 297
28 298
29 33
29 35
29 37
29 38
29 46
29 48
29 51
29 54
29 56
29 69
29 70
29 76
29 81
29 91
29 95
29 96
29 100
29 101
29 119
29 123
29 130
29 137
29 141
29 153
29 161
29 168
29 172
29 175
29 176
29 185
29 189
29 218
29 219
29 228
29 233
29 235
29 237
29 241
29 242
29 246
29 251
29 253
29 254
29 258
29 266
29 271
29 272
29 280
29 286
29 289
29 293
30 32
30 33
30 42
30 48
30 50
30 65
30 66
30 76
30 94
30 95
30 96
30 98
30 109
30 111
30 114
30 115
30 118
30 121
30 126
30 127
30 129
30 136
30 145
30 147
30 156
30 157
30 158
30 159
30 160
30 163
30 164
30 169
30 174
30 175
30 177
30 180
30 193
30 194
30 197
30 211
30 216
30 220
30 226
30 228
30 234
30 237
30 239
30 244
30 246
30 247
30 251
30 256
30 260
30 266
30 285
30 292
30 294
30 295
30 298
31 35
31 50
31 59
31 71
31 74
31 88
31 89
31 98
31 103
31 104
31 107
31 108
31 111
31 113
31 120
31 131
31 141
31 142
31 149
31 154
31 186
31 187
31 190
31 201
31 202
31 210
31 216
31 218
31 219
31 222
31 228
31 232
31 235
31 240
31 247
31 252
31 257
31 261
31 263
31 265
31 268
31 273
31 276
31 281
31 286
31 293
31 295
32 33
32 42
32 44
32 51
32 54
32 55
32 59
32 61
32 78
32 82
32 83
32 86
32 91
32 106
32 110
32 120
32 125
32 127
32 130
32 131
32 133
32 139
32 143
32 146
32 150
32 157
32 164
32 165
32 166
32 170
32 171
32 175
32 181
32 192
32 194
32 199
32 202
32 203
32 209
32 212
32 220
32 222
32 229
32 238
32 239
32 241
32 246
32 252
32 257
32 261
32 268
32 271
32 274
32 275
32 286
32 290
32 294
32 299
33 34
33 35
33 41
33 48
33 50
33 51
33 53
33 64
33 73
33 81
33 85
33 90
33 107
33 112
33 114
33 116
33 117
33 124
33 125
33 126
33 128
33 137
33 140
33 147
33 152
33 157
33 160
33 165
33 176
33 178
33 179
33 186
33 192
33 194
33 196
33 199
33 206
33 207
33 210
33 213
33 217
33 222
33 227
33 228
33 229
33 230
33 231
33 235
33 239
33 242
33 245
33 249
33 254
33 255
33 259
33 265
33 268
33 269
33 279
33 280
33 288
33 292
33 296
33 297
33 299
34 38
34 42
34 43
34 47
34 51
34 53
34 54
34 55
34 62
34 72
34 74
34 84
34 85
34 91
34 96
34 98
34 100
34 102
34 118
34 119
34 122
34 123
34 131
34 142
34 145
34 153
34 164
34 165
34 169
34 175
34 177
34 178
34 180
34 181
34 186
34 187
34 188
34 196
34 197
34 198
34 205
34 206
34 209
34 212
34 218
34 230
34 231
34 241
34 244
34 249
34 259
34 260
34 270
34 272
34 275
34 276
34 279
34 289
34 292
34 295
35 40
35 44
35 47
35 50
35 51
35 58
35 61
35 64
35 81
35 85
35 88
35 90
35 94
35 95
35 104
35 111
35 117
35 119
35 122
35 123
35 125
35 127
35 141
35 142
35 145
35 146
35 148
35 155
35 156
35 158
35 160
35 161
35 163
35 169
35 172
35 173
35 176
35 180
35 185
35 186
35 191
35 197
35 200
35 206
35 217
35 220
35 221
35 224
35 230
35 233
35 239
35 244
35 249
35 254
35 257
35 264
35 269
35 279
35 282
35 285
35 287
35 288
35 293
35 294
35 295
35 297
35 298
36 37
36 47
36 48
36 52
36 62
36 64
36 72
36 78
36 83
36 93
36 100
36 104
36 118
36 119
36 121
36 123
36 125
36 131
36 133
36 141
36 148
36 168
36 169
36 172
36 182
36 187
36 189
36 190
36 197
36 201
36 205
36 221
36 224
36 240
36 247
36 258
36 270
36 273
36 290
37 41
37 48
37 61
37 67
37 71
37 78
37 87
37 92
37 108
37 118
37 121
37 124
37 125
37 130
37 134
37 136
37 137
37 141
37 142
37 150
37 151
37 156
37 159
37 169
37 170
37 189
37 194
37 197
37 202
37 205
37 206
37 208
37 211
37 221
37 226
37 228
37 233
37 238
37 239
37 248
37 256
37 257
37 262
37 267
37 272
37 277
37 278
37 280
37 282
37 285
37 295
37 298
37 299
38 43
38 53
38 59
38 60
38 74
38 81
38 88
38 98
38 103
38 108
38 125
38 127
38 131
38 133
38 136
38 137
38 138
38 140
38 141
38 147
38 149
38 150
38 151
38 153
38 164
38 167
38 172
38 175
38 176
38 177
38 188
38 190
38 209
38 210
38 213
38 226
38 232
38 233
38 235
38 242
38 243
38 245
38 252
38 253
38 261
38 283
38 293
38 295
38 298
39 41
39 47
39 48
39 65
39 69
39 74
39 77
39 78
39 83
39 86
39 92
39 99
39 106
39 109
39 114
39 115
39 116
39 117
39 119
39 134
39 138
39 144
39 154
39 155
39 156
39 158
39 160
39 162
39 163
39 171
39 172
39 179
39 180
39 195
39 212
39 215
39 223
39 233
39 239
39 248
39 259
39 279
39 285
39 291
39 294
39 295
39 297
40 49
40 52
40 56
40 57
40 61
40 62
40 75
40 81
40 87
40 94
40 95
40 100
40 114
40 115
40 119
40 125
40 126
40 127
40 128
40 131
40 132
40 133
40 140
40 149
40 150
40 151
40 163
40 166
40 185
40 186
40 192
40 197
40 200
40 201
40 208
40 222
40 223
40 225
40 226
40 233
40 235
40 239
40 242
40 250
40 254
40 257
40 260
40 261
40 262
40 263
40 265
40 268
40 277
40 278
40 295
40 296
41 42
41 51
41 53
41 60
41 64
41 76
41 83
41 89
41 107
41 113
41 124
41 130
41 136
41 143
41 145
41 162
41 173
41 180
41 182
41 185
41 196
41 203
41 205
41 231
41 234
41 243
41 248
41 258
41 267
41 269
41 273
41 274
41 275
41 280
41 286
41 294
41 298
42 45
42 47
42 49
42 68
42 69
42 70
42 75
42 84
42 86
42 89
42 92
42 95
42 107
42 108
42 116
42 117
42 121
42 122
42 127
42 128
42 135
42 136
42 146
42 147
42 148
42 152
42 154
42 155
42 157
42 166
42 172
42 173
42 177
42 179
42 181
42 183
42 184
42 193
42 205
42 215
42 226
42 229
42 234
42 235
42 236
42 248
42 252
42 253
42 255
42 259
42 260
42 263
42 267
42 274
42 276
42 279
42 280
43 46
43 48
43 53
43 54
43 60
43 62
43 73
43 74
43 82
43 92
43 96
43 106
43 107
43 110
43 112
43 119
43 129
43 131
43 135
43 137
43 141
43 148
43 153
43 155
43 161
43 162
43 163
43 167
43 168
43 172
43 173
43 174
43 178
43 182
43 186
43 192
43 195
43 204
43 217
43 221
43 222
43 225
43 230
43 231
43 245
43 246
43 248
43 250
43 256
43 257
43 258
43 260
43 269
43 285
44 48
44 51
44 68
44 69
44 70
44 72
44 73
44 75
44 76
44 79
44 88
44 89
44 93
44 103
44 106
44 108
44 115
44 116
44 118
44 122
44 128
44 134
44 135
44 137
44 143
44 147
44 152
44 167
44 170
44 171
44 172
44 173
44 177
44 180
44 184
44 185
44 202
44 205
44 221
44 222
44 234
44 249
44 253
44 254
44 255
44 263
44 267
44 270
44 280
44 288
44 289
44 293
44 294
45 48
45 51
45 54
45 70
45 74
45 79
45 87
45 92
45 99
45 101
45 104
45 105
45 119
45 123
45 129
45 134
45 135
45 147
45 153
45 156
45 157
45 159
45 160
45 178
45 180
45 183
45 193
45 195
45 198
45 208
45 216
45 220
45 221
45 233
45 241
45 242
45 243
45 251
45 253
45 256
45 259
45 266
45 270
45 272
45 276
45 282
45 285
45 295
45 296
45 297
46 53
46 66
46 70
46 73
46 86
46 89
46 96
46 100
46 106
46 115
46 122
46 127
46 140
46 141
46 153
46 156
46 159
46 160
46 178
46 179
46 180
46 181
46 185
46 195
46 200
46 202
46 203
46 204
46 213
46 219
46 229
46 237
46 238
46 244
46 247
46 259
46 260
46 262
46 272
46 274
46 276
46 277
46 281
46 285
47 55
47 57
47 63
47 66
47 68
47 76
47 82
47 99
47 105
47 114
47 115
47 120
47 123
47 126
47 128
47 130
47 132
47 145
47 149
47 153
47 163
47 164
47 167
47 169
47 174
47 186
47 191
47 202
47 203
47 204
47 208
47 214
47 223
47 228
47 229
47 232
47 235
47 236
47 244
47 250
47 251
47 260
47 261
47 262
47 263
47 271
47 272
47 276
47 277
47 286
47 289
48 56
48 57
48 59
48 61
48 62
48 63
48 68
48 73
48 74
48 76
48 77
48 78
48 90
48 92
48 94
48 115
48 124
48 127
48 131
48 133
48 135
48 143
48 148
48 152
48 153
48 156
48 172
48 173
48 193
48 195
48 197
48 201
48 209
48 215
48 220
48 226
48 232
48 250
48 253
48 254
48 260
48 261
48 265
48 274
48 290
48 299
49 52
49 59
49 70
49 79
49 85
49 105
49 108
49 111
49 122
49 124
49 137
49 140
49 145
49 158
49 160
49 163
49 164
49 167
49 169
49 176
49 178
49 182
49 185
49 189
49 192
49 193
49 196
49 199
49 202
49 210
49 213
49 218
49 225
49 230
49 234
49 266
49 273
49 274
49 275
49 276
49 283
49 285
49 287
49 289
49 291
50 55
50 59
50 62
50 65
50 71
50 76
50 77
50 83
50 85
50 86
50 91
50 92
50 94
50 97
50 100
50 106
50 109
50 110
50 113
50 116
50 118
50 120
50 127
50 131
50 133
50 137
50 138
50 142
50 148
50 155
50 182
50 183
50 192
50 209
50 218
50 223
50 226
50 229
50 243
50 246
50 248
50 251
50 255
50 257
50 263
50 264
50 272
50 278
50 279
50 280
50 290
50 297
50 298
51 56
51 59
51 60
51 61
51 71
51 75
51 76
51 84
51 89
51 94
51 97
51 103
51 105
51 110
51 117
51 119
51 121
51 123
51 134
51 141
51 142
51 144
51 146
51 148
51 153
51 159
51 160
51 163
51 171
51 175
51 180
51 186
51 188
51 190
51 194
51 198
51 213
51 214
51 218
51 222
51 234
51 236
51 239
51 252
51 256
51 258
51 262
51 264
51 276
51 281
51 282
51 283
51 287
51 293
51 296
51 298
52 54
52 56
52 58
52 73
52 78
52 79
52 83
52 90
52 92
52 94
52 98
52 104
52 105
52 112
52 113
52 114
52 120
52 121
52 127
52 132
52 133
52 135
52 136
52 139
52 147
52 148
52 154
52 159
52 160
52 163
52 166
52 190
52 193
52 198
52 202
52 212
52 227
52 230
52 233
52 237
52 240
52 247
52 249
52 251
52 253
52 262
52 278
52 280
52 282
52 283
52 286
52 288
52 289
52 290
52 292
52 293
53 57
53 60
53 64
53 80
53 98
53 107
53 108
53 114
53 117
53 138
53 140
53 144
53 145
53 156
53 159
53 169
53 173
53 178
53 182
53 188
53 189
53 204
53 206
53 210
53 217
53 220
53 230
53 243
53 251
53 256
53 261
53 263
53 271
53 273
53 275
53 276
53 283
53 284
53 293
53 296
54 56
54 67
54 68
54 70
54 71
54 77
54 79
54 85
54 100
54 102
54 106
54 108
54 114
54 116
54 119
54 126
54 127
54 135
54 137
54 138
54 154
54 155
54 158
54 161
54 168
54 178
54 183
54 187
54 191
54 197
54 199
54 205
54 219
54 227
54 229
54 234
54 235
54 236
54 242
54 243
54 244
54 254
54 257
54 261
54 272
54 273
54 275
54 278
54 281
54 287
55 56
55 61
55 66
55 89
55 91
55 106
55 109
55 116
55 121
55 122
55 133
55 141
55 145
55 147
55 152
55 157
55 163
55 166
55 167
55 170
55 179
55 180
55 181
55 190
55 202
55 209
55 216
55 218
55 219
55 225
55 233
55 244
55 246
55 247
55 248
55 249
55 252
55 255
55 262
55 263
55 271
55 275
55 280
55 281
55 296
56 62
56 64
56 82
56 95
56 112
56 113
56 121
56 125
56 129
56 134
56 147
56 150
56 153
56 158
56 163
56 165
56 166
56 167
56 176
56 181
56 188
56 198
56 199
56 203
56 208
56 217
56 222
56 224
56 237
56 238
56 239
56 240
56 245
56 248
56 265
56 277
56 280
56 287
56 298
56 299
57 61
57 64
57 65
57 67
57 74
57 77
57 80
57 83
57 87
57 92
57 101
57 105
57 108
57 110
57 115
57 122
57 125
57 157
57 159
57 166
57 168
57 170
57 192
57 200
57 205
57 206
57 207
57 209
57 219
57 220
57 222
57 227
57 231
57 233
57 234
57 239
57 245
57 246
57 247
57 256
57 260
57 262
57 274
57 276
57 282
57 285
57 290
57 291
57 292
58 59
58 64
58 70
58 73
58 77
58 87
58 91
58 96
58 101
58 102
58 109
58 121
58 122
58 135
58 139
58 144
58 150
58 151
58 158
58 160
58 162
58 165
58 172
58 175
58 181
58 182
58 186
58 187
58 189
58 194
58 197
58 199
58 206
58 210
58 215
58 221
58 227
58 229
58 230
58 232
58 233
58 236
58 254
58 259
58 262
58 263
58 268
58 270
58 274
58 285
58 293
58 297
58 299
59 62
59 65
59 67
59 72
59 75
59 82
59 83
59 94
59 97
59 98
59 108
59 119
59 123
59 126
59 127
59 132
59 133
59 135
59 137
59 138
59 145
59 149
59 156
59 158
59 160
59 167
59 168
59 170
59 175
59 181
59 184
59 190
59 191
59 194
59 195
59 196
59 197
59 210
59 215
59 218
59 227
59 228
59 229
59 232
59 237
59 259
59 260
59 274
59 281
59 286
59 290
59 291
59 293
59 299
60 63
60 75
60 76
60 88
60 90
60 98
60 101
60 104
60 107
60 109
60 122
60 127
60 128
60 129
60 135
60 139
60 145
60 146
60 148
60 149
60 151
60 152
60 154
60 163
60 165
60 167
60 175
60 187
60 197
60 200
60 205
60 208
60 212
60 217
60 219
60 226
60 227
60 232
60 237
60 246
60 249
60 252
60 256
60 259
60 260
60 262
60 263
60 268
60 269
60 272
60 277
60 283
61 65
61 69
61 75
61 79
61 82
61 85
61 86
61 93
61 101
61 103
61 104
61 105
61 106
61 108
61 111
61 119
61 136
61 137
61 140
61 148
61 151
61 157
61 158
61 159
61 160
61 161
61 162
61 171
61 175
61 176
61 179
61 181
61 185
61 191
61 194
61 195
61 196
61 199
61 202
61 203
61 205
61 207
61 208
61 222
61 227
61 230
61 234
61 238
61 240
61 241
61 245
61 250
61 251
61 257
61 270
61 283
61 294
61 299
62 63
62 64
62 73
62 74
62 78
62 80
62 82
62 92
62 93
62 94
62 107
62 115
62 117
62 119
62 122
62 127
62 129
62 130
62 134
62 135
62 137
62 140
62 143
62 145
62 151
62 157
62 168
62 171
62 176
62 184
62 193
62 198
62 200
62 203
62 213
62 215
62 218
62 221
62 222
62 224
62 227
62 228
62 234
62 240
62 243
62 246
62 253
62 254
62 262
62 265
62 267
62 272
62 275
62 276
62 279
62 289
62 291
63 65
63 73
63 75
63 78
63 88
63 91
63 96
63 99
63 101
63 104
63 108
63 116
63 122
63 128
63 136
63 139
63 151
63 156
63 158
63 171
63 173
63 174
63 180
63 193
63 197
63 202
63 203
63 211
63 213
63 224
63 230
63 232
63 236
63 238
63 246
63 252
63 260
63 267
63 268
63 272
63 273
63 274
63 276
63 291
63 295
64 70
64 76
64 79
64 82
64 84
64 85
64 89
64 95
64 97
64 101
64 102
64 106
64 107
64 110
64 111
64 113
64 114
64 119
64 120
64 123
64 126
64 127
64 139
64 146
64 147
64 152
64 155
64 157
64 166
64 171
64 172
64 173
64 179
64 180
64 181
64 183
64 186
64 187
64 194
64 200
64 201
64 210
64 214
64 221
64 222
64 225
64 226
64 227
64 229
64 231
64 245
64 253
64 258
64 259
64 263
64 265
64 268
64 277
64 278
64 279
64 280
64 283
64 288
64 298
65 67
65 68
65 80
65 85
65 87
65 91
65 100
65 104
65 108
65 114
65 115
65 116
65 125
65 134
65 135
65 139
65 141
65 148
65 150
65 153
65 154
65 157
65 163
65 164
65 168
65 181
65 183
65 184
65 193
65 199
65 203
65 212
65 220
65 221
65 227
65 237
65 250
65 253
65 257
65 259
65 262
65 266
65 268
65 285
65 289
65 293
65 297
65 298
66 68
66 70
66 80
66 85
66 89
66 102
66 109
66 110
66 112
66 118
66 121
66 123
66 131
66 142
66 145
66 147
66 156
66 162
66 164
66 167
66 169
66 175
66 176
66 185
66 187
66 193
66 194
66 196
66 200
66 203
66 211
66 218
66 219
66 220
66 222
66 232
66 235
66 242
66 243
66 247
66 250
66 251
66 257
66 259
66 269
66 270
66 272
66 275
66 276
66 286
66 291
66 298
66 299
67 74
67 77
67 83
67 86
67 98
67 106
67 112
67 113
67 116
67 130
67 131
67 153
67 161
67 162
67 167
67 168
67 169
67 171
67 172
67 180
67 181
67 182
67 192
67 200
67 207
67 211
67 217
67 218
67 219
67 221
67 228
67 231
67 234
67 237
67 246
67 260
67 283
68 71
68 78
68 81
68 84
68 103
68 106
68 120
68 121
68 123
68 132
68 139
68 142
68 149
68 152
68 155
68 161
68 171
68 173
68 178
68 184
68 187
68 194
68 198
68 201
68 202
68 211
68 212
68 216
68 223
68 225
68 228
68 230
68 233
68 234
68 252
68 260
68 263
68 266
68 270
68 277
68 280
68 286
68 288
69 71
69 72
69 77
69 82
69 88
69 97
69 103
69 107
69 111
69 115
69 118
69 122
69 127
69 135
69 141
69 143
69 144
69 153
69 154
69 157
69 160
69 163
69 164
69 165
69 174
69 184
69 192
69 194
69 200
69 202
69 207
69 210
69 214
69 226
69 246
69 251
69 254
69 255
69 256
69 257
69 267
69 270
69 274
69 292
70 74
70 80
70 86
70 88
70 90
70 91
70 94
70 101
70 103
70 110
70 111
70 117
70 119
70 133
70 134
70 136
70 139
70 140
70 141
70 142
70 148
70 153
70 154
70 159
70 166
70 167
70 172
70 185
70 187
70 192
70 199
70 202
70 208
70 214
70 216
70 221
70 224
70 225
70 233
70 234
70 237
70 238
70 241
70 245
70 247
70 251
70 269
70 271
70 272
70 273
70 287
70 289
70 298
71 73
71 74
71 75
71 77
71 95
71 101
71 103
71 107
71 113
71 117
71 121
71 125
71 130
71 132
71 141
71 144
71 151
71 162
71 167
71 169
71 174
71 178
71 180
71 185
71 186
71 193
71 199
71 206
71 210
71 211
71 213
71 216
71 217
71 220
71 227
71 230
71 235
71 239
71 240
71 241
71 243
71 250
71 251
71 261
71 266
71 270
71 284
71 287
71 292
71 293
72 73
72 74
72 76
72 79
72 83
72 88
72 94
72 97
72 99
72 107
72 125
72 127
72 131
72 137
72 139
72 140
72 144
72 148
72 150
72 153
72 158
72 165
72 168
72 175
72 180
72 191
72 202
72 204
72 206
72 212
72 213
72 214
72 226
72 227
72 229
72 236
72 241
72 242
72 243
72 250
72 266
72 272
72 277
72 278
72 282
72 293
72 295
72 298
73 83
73 86
73 90
73 92
73 97
73 109
73 111
73 112
73 116
73 126
73 139
73 146
73 149
73 151
73 153
73 161
73 174
73 175
73 176
73 177
73 190
73 194
73 195
73 203
73 204
73 206
73 216
73 217
73 223
73 236
73 239
73 243
73 248
73 249
73 254
73 262
73 265
73 267
73 274
73 276
73 279
73 284
73 288
73 295
73 298
74 75
74 76
74 81
74 87
74 91
74 110
74 113
74 114
74 122
74 126
74 127
74 128
74 133
74 134
74 156
74 164
74 175
74 177
74 197
74 202
74 203
74 212
74 213
74 221
74 223
74 227
74 228
74 233
74 237
74 239
74 243
74 244
74 256
74 260
74 261
74 262
74 268
74 270
74 276
74 279
74 291
74 292
74 295
74 297
75 79
75 82
75 89
75 95
75 96
75 103
75 110
75 111
75 125
75 128
75 129
75 143
75 152
75 157
75 170
75 173
75 201
75 204
75 208
75 212
75 216
75 220
75 224
75 230
75 242
75 249
75 255
75 258
75 260
75 262
75 263
75 265
75 266
75 267
75 274
75 277
75 280
75 282
75 285
76 80
76 81
76 87
76 89
76 95
76 96
76 98
76 99
76 110
76 112
76 113
76 114
76 116
76 125
76 131
76 135
76 141
76 143
76 149
76 172
76 193
76 196
76 210
76 216
76 221
76 223
76 224
76 226
76 229
76 231
76 232
76 233
76 234
76 241
76 243
76 253
76 257
76 259
76 265
76 272
76 281
76 283
76 292
76 293
76 297
77 79
77 85
77 86
77 89
77 92
77 93
77 98
77 103
77 105
77 109
77 117
77 123
77 127
77 129
77 130
77 137
77 146
77 151
77 153
77 164
77 172
77 177
77 178
77 183
77 184
77 186
77 198
77 207
77 212
77 213
77 218
77 227
77 233
77 244
77 250
77 251
77 252
77 259
77 263
77 265
77 266
77 273
77 275
77 279
77 281
77 286
77 287
77 291
77 297
78 87
78 90
78 106
78 115
78 119
78 120
78 127
78 128
78 129
78 131
78 132
78 133
78 135
78 137
78 141
78 143
78 144
78 147
78 150
78 160
78 161
78 162
78 168
78 177
78 184
78 191
78 204
78 205
78 206
78 210
78 211
78 213
78 217
78 219
78 226
78 231
78 233
78 247
78 250
78 257
78 261
78 262
78 266
78 267
78 275
78 279
78 282
78 289
78 290
78 293
78 297
79 81
79 88
79 92
79 98
79 99
79 102
79 106
79 123
79 125
79 127
79 149
79 150
79 157
79 169
79 175
79 178
79 181
79 191
79 192
79 193
79 203
79 204
79 205
79 211
79 213
79 217
79 224
79 239
79 247
79 253
79 255
79 256
79 260
79 270
79 281
79 283
79 284
79 286
79 288
79 292
79 296
79 297
80 85
80 88
80 96
80 98
80 100
80 101
80 102
80 104
80 105
80 113
80 124
80 129
80 132
80 135
80 136
80 139
80 144
80 146
80 155
80 156
80 158
80 163
80 164
80 168
80 170
80 173
80 174
80 181
80 183
80 185
80 188
80 194
80 195
80 199
80 203
80 210
80 214
80 223
80 225
80 230
80 236
80 238
80 246
80 248
80 249
80 252
80 263
80 270
80 272
80 273
80 290
80 292
80 294
81 103
81 110
81 117
81 119
81 124
81 127
81 130
81 152
81 153
81 155
81 156
81 169
81 173
81 176
81 179
81 182
81 191
81 195
81 196
81 198
81 199
81 204
81 206
81 208
81 218
81 220
81 222
81 224
81 225
81 228
81 229
81 233
81 235
81 238
81 241
81 242
81 244
81 245
81 259
81 260
81 263
81 270
81 274
81 276
81 296
81 298
81 299
82 83
82 87
82 88
82 89
82 99
82 114
82 121
82 133
82 137
82 139
82 144
82 152
82 158
82 165
82 168
82 171
82 172
82 178
82 181
82 193
82 216
82 221
82 226
82 228
82 234
82 235
82 236
82 240
82 243
82 246
82 251
82 252
82 255
82 257
82 262
82 266
82 267
82 269
82 270
82 278
82 280
82 281
82 282
82 283
82 287
82 291
82 297
83 89
83 91
83 92
83 99
83 103
83 107
83 109
83 115
83 116
83 127
83 132
83 135
83 142
83 148
83 162
83 172
83 180
83 183
83 185
83 194
83 195
83 200
83 208
83 209
83 210
83 220
83 223
83 224
83 226
83 232
83 234
83 236
83 240
83 244
83 245
83 254
83 255
83 263
83 270
83 278
83 280
83 281
83 284
83 288
83 290
83 291
83 293
84 86
84 87
84 94
84 106
84 108
84 109
84 111
84 112
84 113
84 118
84 120
84 132
84 133
84 134
84 139
84 142
84 145
84 150
84 154
84 159
84 162
84 163
84 167
84 180
84 186
84 188
84 214
84 215
84 216
84 217
84 218
84 220
84 226
84 233
84 236
84 239
84 246
84 256
84 257
84 260
84 262
84 265
84 268
84 271
84 274
84 284
84 287
84 290
84 293
84 296
84 297
84 299
85 86
85 89
85 92
85 97
85 105
85 109
85 112
85 113
85 114
85 128
85 131
85 134
85 137
85 139
85 143
85 146
85 152
85 156
85 166
85 168
85 171
85 172
85 173
85 175
85 191
85 194
85 202
85 212
85 219
85 223
85 232
85 235
85 237
85 242
85 244
85 250
85 254
85 255
85 257
85 267
85 268
85 274
85 275
85 277
85 281
85 292
85 296
86 96
86 98
86 101
86 102
86 110
86 111
86 115
86 117
86 119
86 121
86 126
86 131
86 133
86 134
86 138
86 142
86 150
86 161
86 163
86 170
86 172
86 173
86 174
86 179
86 184
86 186
86 196
86 198
86 206
86 215
86 216
86 238
86 245
86 248
86 251
86 253
86 257
86 259
86 262
86 268
86 271
86 279
86 281
86 282
86 294
86 296
87 89
87 93
87 98
87 101
87 105
87 114
87 116
87 120
87 122
87 124
87 131
87 142
87 156
87 157
87 159
87 160
87 162
87 163
87 166
87 168
87 170
87 175
87 178
87 181
87 182
87 191
87 206
87 224
87 227
87 228
87 235
87 244
87 247
87 249
87 254
87 256
87 265
87 270
87 272
87 273
87 274
87 291
87 296
88 92
88 94
88 95
88 101
88 102
88 106
88 122
88 127
88 130
88 137
88 140
88 143
88 147
88 148
88 149
88 154
88 164
88 165
88 180
88 182
88 184
88 193
88 197
88 203
88 209
88 216
88 218
88 231
88 232
88 249
88 251
88 252
88 258
88 259
88 260
88 262
88 265
88 267
88 268
88 270
88 271
88 274
88 277
88 288
88 297
89 90
89 101
89 104
89 110
89 112
89 114
89 124
89 128
89 130
89 134
89 135
89 136
89 138
89 141
89 151
89 153
89 154
89 156
89 161
89 176
89 181
89 187
89 189
89 197
89 208
89 209
89 210
89 217
89 226
89 227
89 230
89 233
89 236
89 249
89 252
89 254
89 257
89 266
89 273
89 286
89 289
89 291
89 292
89 293
89 295
90 94
90 103
90 107
90 108
90 116
90 119
90 121
90 125
90 137
90 140
90 142
90 146
90 147
90 151
90 153
90 156
90 174
90 177
90 179
90 180
90 181
90 192
90 195
90 204
90 206
90 209
90 213
90 218
90 220
90 221
90 223
90 226
90 232
90 233
90 234
90 237
90 242
90 247
90 248
90 252
90 257
90 258
90 260
90 278
90 291
90 297
91 95
91 99
91 107
91 122
91 131
91 134
91 141
91 142
91 143
91 144
91 145
91 151
91 152
91 162
91 166
91 177
91 180
91 181
91 184
91 185
91 187
91 195
91 196
91 198
91 218
91 221
91 222
91 227
91 228
91 237
91 240
91 242
91 249
91 256
91 273
91 286
91 287
91 298
92 98
92 100
92 101
92 103
92 106
92 108
92 109
92 114
92 126
92 129
92 132
92 135
92 157
92 163
92 164
92 168
92 172
92 176
92 177
92 178
92 180
92 182
92 191
92 199
92 201
92 202
92 203
92 209
92 226
92 228
92 237
92 242
92 243
92 246
92 251
92 252
92 259
92 270
92 280
92 281
92 284
92 286
92 292
92 293
92 297
93 95
93 98
93 100
93 107
93 109
93 110
93 111
93 126
93 129
93 133
93 134
93 135
93 137
93 140
93 156
93 165
93 171
93 176
93 183
93 185
93 187
93 189
93 203
93 209
93 210
93 213
93 215
93 218
93 224
93 228
93 231
93 244
93 248
93 249
93 252
93 256
93 261
93 263
93 268
93 270
93 274
93 277
93 279
93 290
94 96
94 115
94 121
94 125
94 133
94 139
94 142
94 143
94 144
94 148
94 157
94 162
94 166
94 170
94 178
94 183
94 184
94 188
94 189
94 194
94 196
94 201
94 214
94 218
94 227
94 238
94 243
94 244
94 251
94 252
94 257
94 267
94 268
94 269
94 270
94 275
94 278
94 282
94 290
94 292
94 296
95 98
95 103
95 105
95 109
95 113
95 116
95 118
95 121
95 124
95 129
95 132
95 141
95 142
95 148
95 149
95 152
95 153
95 157
95 159
95 160
95 163
95 166
95 167
95 170
95 172
95 174
95 178
95 181
95 184
95 185
95 201
95 206
95 216
95 228
95 232
95 233
95 235
95 237
95 238
95 243
95 246
95 248
95 252
95 254
95 273
95 275
95 289
95 296
96 99
96 109
96 138
96 141
96 142
96 158
96 161
96 162
96 164
96 166
96 173
96 180
96 181
96 182
96 188
96 191
96 193
96 199
96 201
96 211
96 216
96 217
96 218
96 223
96 228
96 230
96 231
96 234
96 239
96 242
96 244
96 248
96 261
96 264
96 267
96 280
96 283
96 290
96 295
97 98
97 99
97 100
97 112
97 113
97 114
97 116
97 122
97 126
97 128
97 129
97 131
97 132
97 133
97 138
97 141
97 142
97 144
97 158
97 167
97 168
97 170
97 182
97 184
97 197
97 203
97 204
97 205
97 222
97 226
97 228
97 232
97 233
97 234
97 238
97 239
97 244
97 250
97 254
97 259
97 260
97 270
97 279
97 282
97 286
97 296
97 298
98 106
98 107
98 109
98 115
98 116
98 118
98 124
98 129
98 131
98 132
98 135
98 136
98 139
98 147
98 150
98 151
98 152
98 153
98 159
98 172
98 182
98 184
98 188
98 191
98 194
98 201
98 203
98 205
98 212
98 220
98 232
98 244
98 247
98 253
98 257
98 258
98 261
98 262
98 269
98 272
98 278
98 281
98 289
98 293
98 298
99 100
99 101
99 108
99 110
99 117
99 134
99 136
99 142
99 146
99 151
99 156
99 159
99 162
99 163
99 164
99 166
99 171
99 174
99 175
99 176
99 178
99 179
99 180
99 201
99 203
99 205
99 212
99 216
99 220
99 241
99 244
99 255
99 259
99 262
99 263
99 265
99 266
99 267
99 270
99 272
99 276
99 281
99 285
99 286
99 290
99 293
99 295
100 111
100 122
100 127
100 133
100 137
100 149
100 150
100 151
100 159
100 162
100 169
100 174
100 179
100 188
100 190
100 194
100 196
100 199
100 202
100 203
100 206
100 208
100 210
100 214
100 215
100 221
100 232
100 238
100 239
100 241
100 246
100 253
100 259
100 263
100 264
100 266
100 268
100 279
100 285
100 289
100 291
100 296
100 297
101 111
101 118
101 119
101 129
101 133
101 156
101 157
101 163
101 165
101 167
101 175
101 178
101 181
101 187
101 188
101 196
101 199
101 202
101 205
101 206
101 212
101 214
101 224
101 235
101 244
101 246
101 258
101 260
101 268
101 271
101 277
101 278
101 285
101 288
101 298
102 113
102 114
102 120
102 123
102 126
102 128
102 129
102 132
102 133
102 136
102 144
102 148
102 152
102 154
102 163
102 166
102 169
102 171
102 174
102 176
102 183
102 184
102 185
102 191
102 199
102 210
102 212
102 213
102 218
102 219
102 228
102 232
102 235
102 247
102 257
102 258
102 264
102 276
102 290
102 299
103 106
103 110
103 114
103 117
103 121
103 123
103 138
103 148
103 166
103 171
103 172
103 174
103 191
103 199
103 202
103 205
103 213
103 214
103 216
103 217
103 229
103 236
103 249
103 254
103 255
103 263
103 265
103 267
103 271
103 277
103 284
103 285
103 286
103 287
103 294
104 121
104 129
104 130
104 134
104 135
104 138
104 141
104 147
104 156
104 170
104 176
104 181
104 193
104 195
104 206
104 214
104 216
104 217
104 221
104 222
104 225
104 227
104 234
104 236
104 246
104 248
104 251
104 252
104 255
104 258
104 259
104 270
104 271
104 273
104 277
104 281
104 285
104 286
104 290
104 295
104 297
104 298
105 106
105 109
105 113
105 117
105 124
105 126
105 127
105 128
105 129
105 132
105 133
105 134
105 137
105 143
105 148
105 153
105 154
105 156
105 160
105 163
105 164
105 165
105 167
105 177
105 179
105 182
105 183
105 189
105 195
105 196
105 198
105 201
105 202
105 205
105 213
105 223
105 227
105 238
105 240
105 266
105 268
105 271
105 279
105 281
105 282
105 287
105 289
105 293
105 297
106 120
106 125
106 132
106 133
106 135
106 140
106 145
106 147
106 152
106 155
106 159
106 160
106 162
106 164
106 170
106 171
106 175
106 178
106 180
106 183
106 188
106 193
106 194
106 198
106 199
106 209
106 210
106 212
106 217
106 222
106 224
106 229
106 230
106 236
106 241
106 247
106 253
106 259
106 260
106 262
106 264
106 279
106 285
106 297
107 112
107 114
107 115
107 117
107 119
107 120
107 122
107 129
107 131
107 133
107 138
107 139
107 141
107 147
107 148
107 161
107 165
107 169
107 170
107 172
107 175
107 181
107 191
107 193
107 198
107 213
107 214
107 217
107 219
107 227
107 230
107 233
107 235
107 249
107 250
107 251
107 255
107 257
107 262
107 276
107 278
107 298
108 130
108 132
108 135
108 136
108 150
108 161
108 165
108 167
108 178
108 185
108 189
108 192
108 193
108 200
108 220
108 235
108 249
108 250
108 255
108 258
108 262
108 265
108 268
108 285
108 287
108 289
108 293
108 294
108 299
109 122
109 124
109 130
109 133
109 146
109 147
109 163
109 165
109 166
109 169
109 174
109 181
109 190
109 191
109 193
109 203
109 205
109 210
109 216
109 217
109 221
109 234
109 253
109 254
109 258
109 262
109 265
109 268
109 271
109 272
109 276
109 290
109 292
109 296
109 298
110 118
110 119
110 122
110 128
110 154
110 158
110 168
110 185
110 187
110 196
110 199
110 206
110 209
110 211
110 228
110 229
110 242
110 248
110 252
110 255
110 260
110 267
110 273
110 290
110 292
110 295
110 297
110 298
111 112
111 113
111 128
111 133
111 135
111 136
111 137
111 139
111 140
111 141
111 142
111 143
111 145
111 160
111 163
111 164
111 167
111 168
111 173
111 178
111 179
111 191
111 196
111 199
111 201
111 203
111 209
111 220
111 222
111 240
111 241
111 245
111 253
111 256
111 257
111 259
111 261
111 268
111 272
111 277
111 284
111 287
111 290
112 114
112 118
112 123
112 124
112 125
112 131
112 134
112 142
112 146
112 147
112 157
112 160
112 161
112 164
112 165
112 167
112 172
112 175
112 181
112 195
112 201
112 206
112 210
112 217
112 218
112 223
112 226
112 232
112 233
112 239
112 245
112 247
112 259
112 264
112 266
112 271
112 274
112 276
112 277
112 281
113 114
113 122
113 132
113 137
113 151
113 153
113 158
113 160
113 162
113 175
113 176
113 181
113 182
113 184
113 185
113 187
113 192
113 205
113 209
113 210
113 211
113 212
113 219
113 223
113 226
113 227
113 229
113 233
113 236
113 237
113 239
113 240
113 243
113 258
113 259
113 269
113 274
113 277
113 281
113 288
113 291
113 296
113 298
114 134
114 137
114 142
114 152
114 155
114 160
114 167
114 171
114 174
114 175
114 177
114 179
114 182
114 184
114 186
114 195
114 201
114 207
114 217
114 225
114 227
114 231
114 232
114 242
114 243
114 244
114 247
114 250
114 269
114 278
114 280
114 283
114 284
114 285
114 290
115 116
115 126
115 130
115 132
115 135
115 139
115 148
115 155
115 162
115 167
115 173
115 185
115 190
115 192
115 193
115 195
115 197
115 201
115 206
115 210
115 214
115 218
115 219
115 240
115 254
115 256
115 260
115 266
115 267
115 269
115 276
115 279
115 289
115 290
115 295
115 297
115 298
116 119
116 126
116 128
116 137
116 138
116 142
116 147
116 150
116 151
116 156
116 157
116 159
116 167
116 169
116 172
116 179
116 187
116 189
116 190
116 192
116 199
116 208
116 210
116 212
116 214
116 220
116 226
116 237
116 244
116 245
116 248
116 251
116 255
116 259
116 260
116 262
116 269
116 270
116 274
116 283
116 285
116 291
116 292
116 296
117 118
117 122
117 126
117 127
117 128
117 142
117 149
117 152
117 163
117 164
117 170
117 178
117 186
117 190
117 196
117 199
117 200
117 203
117 204
117 206
117 208
117 214
117 232
117 242
117 243
117 250
117 263
117 270
117 273
117 284
117 286
117 288
117 291
117 296
117 299
118 119
118 120
118 142
118 152
118 156
118 162
118 174
118 179
118 180
118 190
118 191
118 200
118 203
118 226
118 230
118 232
118 234
118 236
118 237
118 253
118 255
118 257
118 262
118 267
118 270
118 271
118 272
118 276
118 284
118 296
119 127
119 131
119 157
119 166
119 176
119 179
119 182
119 188
119 189
119 192
119 193
119 194
119 204
119 208
119 213
119 225
119 235
119 236
119 238
119 245
119 247
119 255
119 257
119 262
119 266
119 282
119 294
120 130
120 135
120 143
120 145
120 147
120 149
120 153
120 169
120 172
120 173
120 179
120 194
120 195
120 200
120 202
120 212
120 215
120 219
120 223
120 231
120 239
120 267
120 270
120 274
120 279
120 283
121 122
121 130
121 133
121 141
121 142
121 143
121 146
121 149
121 151
121 152
121 158
121 161
121 165
121 169
121 170
121 178
121 180
121 186
121 189
121 190
121 191
121 194
121 195
121 198
121 200
121 205
121 206
121 208
121 211
121 216
121 224
121 228
121 229
121 230
121 232
121 245
121 252
121 259
121 274
121 284
121 287
121 297
122 126
122 130
122 141
122 149
122 152
122 154
122 155
122 161
122 162
122 163
122 164
122 167
122 177
122 178
122 186
122 190
122 196
122 198
122 199
122 202
122 207
122 220
122 229
122 233
122 237
122 239
122 248
122 249
122 254
122 259
122 260
122 261
122 262
122 269
122 272
122 274
122 277
122 282
122 283
122 286
122 287
122 291
122 292
122 298
122 299
123 128
123 130
123 135
123 139
123 146
123 148
123 171
123 173
123 179
123 181
123 184
123 185
123 187
123 190
123 196
123 198
123 206
123 211
123 221
123 224
123 227
123 232
123 234
123 238
123 244
123 245
123 246
123 248
123 252
123 253
123 258
123 267
123 270
123 274
123 276
123 280
123 285
123 297
124 136
124 145
124 148
124 159
124 165
124 172
124 173
124 176
124 178
124 179
124 180
124 181
124 185
124 186
124 191
124 203
124 206
124 207
124 214
124 216
124 223
124 224
124 225
124 228
124 238
124 241
124 246
124 251
124 256
124 262
124 266
124 267
124 268
124 269
124 274
124 278
124 284
124 287
124 291
125 141
125 143
125 151
125 153
125 164
125 165
125 167
125 179
125 188
125 190
125 192
125 195
125 197
125 199
125 207
125 217
125 222
125 224
125 229
125 235
125 240
125 243
125 244
125 261
125 262
125 265
125 266
125 267
125 273
125 277
125 290
126 131
126 134
126 139
126 154
126 156
126 159
126 185
126 194
126 195
126 206
126 211
126 213
126 216
126 225
126 227
126 228
126 229
126 230
126 231
126 232
126 234
126 236
126 240
126 241
126 246
126 249
126 253
126 256
126 258
126 267
126 269
126 271
126 273
126 275
126 278
126 282
126 283
126 287
126 290
127 129
127 134
127 137
127 139
127 141
127 150
127 154
127 155
127 160
127 161
127 176
127 178
127 186
127 191
127 196
127 204
127 215
127 222
127 225
127 232
127 234
127 235
127 246
127 249
127 255
127 257
127 264
127 267
127 272
127 273
127 292
127 297
128 129
128 135
128 147
128 149
128 150
128 152
128 153
128 159
128 161
128 162
128 170
128 176
128 178
128 181
128 196
128 197
128 206
128 208
128 209
128 212
128 226
128 230
128 240
128 241
128 246
128 254
128 255
128 257
128 263
128 265
128 272
128 276
128 280
128 286
128 289
128 293
128 296
128 298
129 130
129 133
129 139
129 145
129 146
129 151
129 153
129 154
129 161
129 162
129 168
129 173
129 178
129 182
129 184
129 186
129 187
129 190
129 191
129 201
129 203
129 205
129 210
129 215
129 224
129 230
129 231
129 234
129 239
129 243
129 259
129 263
129 264
129 269
129 280
129 287
129 290
130 133
130 135
130 137
130 138
130 142
130 145
130 149
130 163
130 164
130 167
130 169
130 172
130 174
130 175
130 178
130 181
130 185
130 186
130 187
130 189
130 199
130 203
130 220
130 221
130 224
130 227
130 232
130 234
130 235
130 236
130 238
130 242
130 245
130 249
130 255
130 256
130 260
130 262
130 266
130 268
130 276
130 277
130 280
130 284
130 297
130 298
131 132
131 133
131 135
131 137
131 138
131 150
131 154
131 161
131 165
131 166
131 174
131 175
131 177
131 179
131 183
131 185
131 186
131 190
131 191
131 196
131 197
131 199
131 204
131 220
131 221
131 223
131 226
131 230
131 238
131 239
131 243
131 248
131 250
131 251
131 259
131 268
131 278
131 280
131 285
131 290
131 291
131 295
132 135
132 151
132 157
132 159
132 170
132 171
132 172
132 179
132 193
132 197
132 203
132 204
132 208
132 211
132 217
132 220
132 221
132 222
132 224
132 225
132 228
132 230
132 239
132 248
132 249
132 266
132 271
132 277
132 282
132 286
132 290
132 291
132 293
132 297
132 299
133 137
133 139
133 142
133 148
133 151
133 156
133 158
133 161
133 163
133 186
133 192
133 194
133 196
133 209
133 214
133 215
133 227
133 228
133 229
133 232
133 235
133 245
133 257
133 264
133 269
133 271
133 272
133 278
133 280
133 281
133 283
133 284
133 288
133 291
134 139
134 140
134 155
134 158
134 163
134 171
134 179
134 180
134 185
134 190
134 191
134 195
134 205
134 221
134 235
134 239
134 240
134 245
134 251
134 262
134 266
134 267
134 282
134 296
135 141
135 145
135 157
135 158
135 176
135 181
135 183
135 184
135 191
135 194
135 208
135 214
135 219
135 222
135 247
135 250
135 261
135 264
135 268
135 269
135 273
135 275
135 282
135 285
135 287
135 292
135 294
136 141
136 142
136 146
136 149
136 150
136 159
136 162
136 163
136 167
136 168
136 180
136 184
136 187
136 192
136 195
136 196
136 201
136 206
136 211
136 212
136 213
136 214
136 217
136 219
136 223
136 229
136 235
136 240
136 242
136 243
136 251
136 260
136 281
136 287
136 289
136 291
136 297
136 299
137 138
137 141
137 142
137 147
137 154
137 159
137 164
137 166
137 169
137 170
137 175
137 180
137 186
137 188
137 192
137 201
137 208
137 209
137 218
137 220
137 221
137 223
137 226
137 235
137 238
137 239
137 245
137 246
137 251
137 255
137 256
137 258
137 259
137 262
137 266
137 286
137 287
137 290
137 298
138 142
138 143
138 144
138 155
138 156
138 160
138 162
138 166
138 169
138 173
138 179
138 185
138 192
138 198
138 203
138 205
138 208
138 211
138 212
138 218
138 220
138 228
138 232
138 240
138 249
138 251
138 255
138 257
138 259
138 263
138 265
138 280
138 282
138 285
139 140
139 147
139 154
139 163
139 165
139 167
139 168
139 173
139 183
139 189
139 191
139 199
139 201
139 205
139 211
139 212
139 213
139 222
139 224
139 226
139 228
139 246
139 247
139 248
139 252
139 253
139 263
139 278
139 293
139 295
139 298
140 142
140 155
140 159
140 160
140 164
140 184
140 187
140 191
140 202
140 204
140 209
140 214
140 224
140 234
140 237
140 241
140 242
140 244
140 258
140 275
140 276
140 278
140 279
140 281
140 283
140 291
140 292
140 293
140 297
141 159
141 162
141 164
141 174
141 183
141 187
141 190
141 191
141 195
141 197
141 203
141 209
141 211
141 219
141 220
141 221
141 226
141 229
141 232
141 234
141 249
141 253
141 259
141 260
141 268
141 270
141 277
141 278
141 285
141 287
141 288
141 291
141 292
142 144
142 154
142 156
142 159
142 161
142 174
142 176
142 183
142 184
142 193
142 195
142 200
142 207
142 209
142 211
142 217
142 221
142 223
142 224
142 231
142 233
142 234
142 242
142 246
142 254
142 256
142 266
142 269
142 271
142 285
142 286
142 290
142 293
142 299
143 147
143 148
143 157
143 161
143 162
143 172
143 195
143 196
143 197
143 201
143 204
143 206
143 207
143 212
143 213
143 214
143 220
143 221
143 223
143 234
143 246
143 252
143 255
143 263
143 265
143 266
143 267
143 268
143 269
143 279
143 281
143 283
143 285
143 287
143 295
143 298
144 150
144 154
144 155
144 158
144 161
144 163
144 164
144 168
144 172
144 182
144 185
144 193
144 199
144 203
144 206
144 207
144 208
144 232
144 233
144 236
144 238
144 242
144 250
144 251
144 252
144 254
144 258
144 263
144 268
144 272
144 279
144 283
144 287
144 298
145 150
145 152
145 156
145 164
145 166
145 168
145 178
145 180
145 184
145 199
145 202
145 211
145 214
145 215
145 219
145 227
145 235
145 239
145 240
145 241
145 244
145 246
145 247
145 254
145 255
145 257
145 260
145 262
145 268
145 273
145 275
145 278
145 280
145 281
146 152
146 153
146 164
146 166
146 169
146 176
146 179
146 180
146 182
146 192
146 194
146 201
146 203
146 206
146 208
146 213
146 214
146 215
146 225
146 229
146 235
146 240
146 241
146 248
146 258
146 265
146 280
146 285
146 286
146 290
146 292
146 296
147 149
147 164
147 173
147 186
147 187
147 201
147 204
147 206
147 212
147 226
147 227
147 234
147 246
147 249
147 256
147 263
147 265
147 269
147 286
147 293
147 295
148 164
148 169
148 178
148 180
148 182
148 183
148 191
148 192
148 194
148 197
148 213
148 216
148 218
148 219
148 222
148 227
148 241
148 242
148 249
148 252
148 253
148 254
148 255
148 261
148 262
148 271
148 284
148 285
148 288
148 290
148 292
148 294
148 297
149 155
149 161
149 168
149 182
149 188
149 190
149 195
149 197
149 200
149 207
149 209
149 219
149 222
149 228
149 234
149 235
149 252
149 262
149 267
149 276
149 284
149 289
150 155
150 158
150 165
150 167
150 172
150 184
150 185
150 199
150 201
150 207
150 214
150 215
150 223
150 226
150 242
150 249
150 259
150 267
150 280
150 286
150 289
150 294
150 298
151 157
151 160
151 174
151 177
151 182
151 191
151 193
151 198
151 204
151 212
151 217
151 220
151 228
151 229
151 235
151 242
151 253
151 255
151 265
151 266
151 269
151 272
151 277
151 282
151 283
151 286
151 294
152 154
152 159
152 165
152 166
152 177
152 179
152 191
152 192
152 199
152 201
152 211
152 212
152 215
152 218
152 224
152 232
152 237
152 240
152 241
152 243
152 247
152 249
152 253
152 264
152 266
152 267
152 275
152 279
152 280
152 283
152 286
152 287
152 288
152 290
152 292
152 296
152 299
153 161
153 162
153 168
153 175
153 176
153 178
153 180
153 187
153 195
153 198
153 204
153 207
153 212
153 221
153 224
153 228
153 232
153 238
153 241
153 253
153 259
153 260
153 264
153 266
153 267
153 285
153 288
153 289
153 290
153 298
153 299
154 156
154 157
154 167
154 174
154 175
154 179
154 182
154 185
154 187
154 197
154 198
154 206
154 217
154 236
154 239
154 240
154 242
154 244
154 247
154 248
154 254
154 256
154 257
154 258
154 259
154 260
154 261
154 262
154 263
154 265
154 273
154 275
154 286
154 287
154 293
155 172
155 175
155 183
155 192
155 195
155 198
155 201
155 205
155 210
155 216
155 217
155 222
155 223
155 228
155 231
155 233
155 236
155 242
155 243
155 246
155 247
155 248
155 249
155 256
155 262
155 263
155 284
155 293
155 294
155 295
155 299
156 162
156 164
156 171
156 180
156 181
156 184
156 188
156 191
156 206
156 208
156 211
156 212
156 217
156 236
156 239
156 245
156 246
156 248
156 249
156 253
156 262
156 265
156 269
156 270
156 273
156 274
156 277
156 285
156 297
157 161
157 165
157 174
157 182
157 186
157 190
157 204
157 208
157 214
157 223
157 229
157 230
157 231
157 235
157 239
157 246
157 248
157 252
157 253
157 268
157 271
157 272
157 275
157 282
157 284
157 288
157 295
157 298
158 161
158 166
158 183
158 185
158 187
158 190
158 195
158 197
158 202
158 207
158 216
158 218
158 220
158 221
158 223
158 225
158 229
158 238
158 243
158 253
158 255
158 258
158 264
158 275
158 278
158 284
158 292
158 297
158 299
159 168
159 180
159 183
159 192
159 199
159 207
159 210
159 220
159 221
159 222
159 224
159 233
159 238
159 248
159 250
159 258
159 262
159 263
159 271
159 276
159 277
159 282
159 287
159 288
159 289
159 291
159 296
159 297
159 299
160 164
160 167
160 169
160 170
160 176
160 181
160 188
160 190
160 195
160 200
160 201
160 204
160 205
160 206
160 210
160 217
160 226
160 237
160 239
160 248
160 252
160 254
160 258
160 260
160 271
160 277
160 278
160 282
160 299
161 164
161 169
161 182
161 184
161 188
161 189
161 190
161 191
161 192
161 195
161 206
161 207
161 208
161 224
161 232
161 234
161 235
161 242
161 243
161 244
161 251
161 255
161 257
161 260
161 264
161 265
161 266
161 267
161 269
161 271
161 277
161 287
161 290
161 292
161 293
161 297
162 166
162 176
162 177
162 180
162 182
162 196
162 200
162 202
162 205
162 211
162 218
162 219
162 224
162 235
162 240
162 248
162 251
162 252
162 255
162 258
162 261
162 265
162 268
162 271
162 293
162 295
162 296
162 298
163 168
163 170
163 172
163 185
163 189
163 190
163 191
163 196
163 202
163 211
163 213
163 217
163 221
163 227
163 233
163 237
163 245
163 248
163 250
163 251
163 260
163 265
163 269
163 273
163 276
163 278
163 286
163 288
163 294
163 296
164 168
164 172
164 179
164 186
164 189
164 190
164 194
164 195
164 198
164 205
164 207
164 217
164 218
164 220
164 221
164 228
164 230
164 235
164 237
164 244
164 250
164 265
164 266
164 274
164 276
164 277
164 284
164 288
165 166
165 168
165 177
165 183
165 191
165 198
165 201
165 210
165 224
165 226
165 231
165 234
165 241
165 246
165 263
165 270
165 277
165 279
165 280
165 282
165 289
165 293
166 168
166 183
166 185
166 191
166 193
166 212
166 213
166 214
166 216
166 217
166 225
166 226
166 228
166 237
166 239
166 244
166 250
166 255
166 256
166 259
166 261
166 266
166 271
166 272
166 273
166 275
166 278
166 279
166 289
166 293
166 295
166 296
166 297
167 179
167 189
167 207
167 213
167 216
167 217
167 231
167 233
167 236
167 239
167 242
167 244
167 247
167 249
167 250
167 259
167 267
167 275
167 278
167 280
167 283
167 286
167 288
167 290
167 293
167 299
168 170
168 174
168 184
168 190
168 195
168 210
168 211
168 213
168 225
168 235
168 236
168 237
168 243
168 252
168 254
168 255
168 257
168 260
168 273
168 281
168 288
168 291
168 292
169 170
169 173
169 174
169 176
169 178
169 184
169 186
169 187
169 189
169 192
169 197
169 200
169 212
169 213
169 218
169 220
169 222
169 224
169 228
169 230
169 234
169 244
169 245
169 254
169 262
169 263
169 273
169 280
169 288
169 297
170 173
170 191
170 192
170 196
170 204
170 213
170 214
170 215
170 221
170 224
170 226
170 228
170 232
170 240
170 246
170 247
170 249
170 253
170 254
170 257
170 259
170 266
170 274
170 277
170 278
170 279
170 282
170 289
171 173
171 174
171 176
171 178
171 183
171 192
171 194
171 207
171 211
171 212
171 213
171 214
171 216
171 217
171 225
171 226
171 235
171 239
171 246
171 249
171 257
171 268
171 275
171 279
171 283
171 286
171 294
171 296
171 298
171 299
172 180
172 184
172 194
172 208
172 210
172 218
172 221
172 222
172 226
172 244
172 254
172 256
172 258
172 263
172 275
172 288
172 294
173 174
173 179
173 180
173 181
173 190
173 191
173 193
173 199
173 205
173 212
173 214
173 228
173 234
173 235
173 249
173 251
173 257
173 261
173 268
173 271
173 272
173 273
173 275
173 277
173 282
173 286
173 290
173 293
173 296
173 299
174 178
174 189
174 194
174 195
174 196
174 198
174 202
174 203
174 210
174 216
174 219
174 228
174 235
174 238
174 239
174 241
174 242
174 252
174 254
174 264
174 267
174 270
174 271
174 273
174 283
174 289
174 292
174 295
174 297
175 178
175 183
175 185
175 186
175 187
175 189
175 190
175 200
175 203
175 206
175 213
175 216
175 225
175 231
175 234
175 237
175 239
175 240
175 241
175 244
175 245
175 248
175 249
175 254
175 255
175 256
175 269
175 286
175 293
175 294
176 195
176 204
176 209
176 233
176 234
176 236
176 237
176 239
176 247
176 249
176 252
176 255
176 257
176 263
176 266
176 268
176 273
176 275
176 282
176 283
176 284
176 294
176 299
177 180
177 183
177 202
177 203
177 209
177 225
177 235
177 239
177 245
177 246
177 247
177 260
177 261
177 267
177 270
177 273
177 276
177 279
177 285
177 288
177 290
177 295
178 182
178 184
178 186
178 191
178 192
178 204
178 205
178 207
178 215
178 222
178 226
178 227
178 228
178 231
178 241
178 242
178 248
178 251
178 254
178 256
178 259
178 270
178 274
178 278
178 290
178 294
178 295
179 185
179 186
179 201
179 204
179 205
179 214
179 235
179 236
179 240
179 251
179 256
179 265
179 266
179 270
179 276
179 280
179 287
179 291
179 299
180 188
180 190
180 194
180 196
180 197
180 203
180 208
180 209
180 211
180 212
180 217
180 219
180 220
180 226
180 231
180 235
180 239
180 251
180 253
180 254
180 260
180 273
180 281
180 288
181 197
181 199
181 205
181 212
181 228
181 235
181 242
181 248
181 255
181 261
181 267
181 270
181 271
181 282
181 296
182 184
182 194
182 196
182 200
182 210
182 211
182 215
182 218
182 232
182 242
182 250
182 258
182 264
182 273
182 278
182 279
182 281
182 289
182 292
182 293
183 184
183 192
183 202
183 209
183 211
183 212
183 214
183 217
183 219
183 222
183 224
183 225
183 230
183 238
183 245
183 253
183 263
183 266
183 271
183 272
183 273
183 274
183 276
183 284
183 285
184 185
184 188
184 195
184 201
184 204
184 205
184 208
184 213
184 214
184 228
184 232
184 233
184 234
184 241
184 242
184 245
184 255
184 259
184 272
184 275
184 280
184 281
184 286
184 289
184 290
184 296
184 299
185 189
185 200
185 206
185 215
185 217
185 219
185 226
185 230
185 232
185 233
185 242
185 246
185 252
185 255
185 264
185 273
185 274
185 276
185 280
185 282
185 284
185 288
185 294
186 188
186 194
186 207
186 210
186 218
186 219
186 229
186 230
186 240
186 246
186 250
186 268
186 274
186 277
186 280
186 281
186 287
186 293
186 294
186 296
187 195
187 198
187 204
187 218
187 219
187 228
187 236
187 243
187 244
187 245
187 246
187 248
187 249
187 254
187 261
187 266
187 273
187 275
187 279
187 290
187 296
188 190
188 194
188 203
188 232
188 234
188 235
188 240
188 255
188 259
188 266
188 276
188 281
188 291
188 293
188 294
188 298
189 190
189 193
189 194
189 196
189 200
189 204
189 209
189 215
189 224
189 235
189 237
189 238
189 241
189 246
189 251
189 259
189 264
189 270
189 271
189 278
189 281
189 282
189 285
189 295
189 296
189 299
190 191
190 220
190 221
190 225
190 228
190 236
190 247
190 258
190 261
190 274
190 275
190 276
190 282
190 283
190 284
190 287
190 289
190 291
190 297
191 195
191 215
191 216
191 219
191 221
191 229
191 234
191 237
191 250
191 254
191 257
191 265
191 269
191 270
191 271
191 282
191 292
192 197
192 198
192 202
192 204
192 206
192 211
192 212
192 213
192 217
192 222
192 225
192 228
192 236
192 238
192 242
192 244
192 248
192 259
192 263
192 267
192 269
192 270
192 273
192 279
192 280
192 288
192 292
192 296
193 196
193 197
193 202
193 204
193 205
193 208
193 213
193 221
193 228
193 237
193 240
193 241
193 246
193 247
193 249
193 251
193 264
193 268
193 270
193 278
193 281
193 286
193 288
193 292
193 298
193 299
194 197
194 201
194 204
194 208
194 210
194 212
194 220
194 231
194 234
194 249
194 255
194 257
194 259
194 261
194 262
194 272
194 280
194 284
194 287
195 197
195 198
195 205
195 208
195 209
195 210
195 219
195 220
195 226
195 228
195 229
195 230
195 232
195 236
195 249
195 254
195 257
195 261
195 266
195 276
195 279
195 283
195 293
195 294
195 295
195 298
196 198
196 199
196 200
196 207
196 217
196 220
196 221
196 232
196 241
196 247
196 249
196 251
196 252
196 263
196 280
196 283
196 288
196 289
196 290
196 291
196 295
196 297
196 298
197 220
197 224
197 226
197 227
197 228
197 232
197 235
197 246
197 249
197 265
197 266
197 267
197 268
197 273
197 274
197 277
197 281
197 282
197 283
197 284
197 288
197 290
197 292
198 200
198 201
198 208
198 212
198 221
198 222
198 228
198 243
198 249
198 252
198 256
198 259
198 262
198 266
198 269
198 276
198 282
198 289
198 294
199 204
199 206
199 207
199 215
199 219
199 220
199 221
199 227
199 231
199 232
199 242
199 245
199 247
199 248
199 249
199 250
199 252
199 263
199 267
199 272
199 273
199 285
199 293
199 296
199 298
200 201
200 206
200 211
200 215
200 222
200 228
200 239
200 251
200 257
200 266
200 267
200 268
200 273
200 280
200 296
201 209
201 211
201 216
201 221
201 225
201 231
201 232
201 233
201 234
201 235
201 238
201 249
201 252
201 253
201 258
201 259
201 260
201 271
201 276
201 278
201 285
201 299
202 203
202 205
202 206
202 209
202 210
202 212
202 215
202 224
202 227
202 230
202 239
202 244
202 247
202 251
202 255
202 266
202 268
202 277
202 279
202 285
202 287
202 291
202 293
202 299
203 204
203 207
203 213
203 218
203 222
203 228
203 230
203 231
203 234
203 240
203 251
203 255
203 261
203 266
203 270
203 272
203 273
203 278
203 279
203 298
204 205
204 208
204 216
204 218
204 227
204 237
204 246
204 251
204 254
204 255
204 256
204 263
204 267
204 280
204 288
204 291
204 292
205 206
205 210
205 218
205 225
205 235
205 246
205 251
205 252
205 258
205 260
205 270
205 272
205 275
205 278
205 281
206 212
206 215
206 216
206 218
206 225
206 226
206 228
206 231
206 234
206 236
206 245
206 246
206 253
206 278
206 283
206 288
206 289
206 291
206 293
207 214
207 216
207 220
207 222
207 226
207 228
207 229
207 237
207 240
207 246
207 249
207 254
207 256
207 265
207 270
207 273
207 281
207 282
207 283
207 284
207 285
207 286
207 291
208 214
208 216
208 226
208 231
208 239
208 240
208 246
208 248
208 250
208 261
208 266
208 273
208 276
208 282
208 284
208 288
208 299
209 214
209 216
209 223
209 240
209 241
209 245
209 255
209 259
209 266
209 274
209 275
209 279
209 281
209 287
209 288
209 291
209 294
209 296
209 297
210 211
210 216
210 217
210 218
210 223
210 224
210 228
210 229
210 234
210 242
210 275
210 281
210 282
210 283
210 285
210 287
210 290
210 291
210 293
210 294
211 215
211 216
211 219
211 229
211 233
211 237
211 240
211 244
211 251
211 257
211 258
211 263
211 275
211 277
211 282
211 285
211 288
211 289
212 215
212 219
212 237
212 242
212 243
212 246
212 248
212 249
212 255
212 263
212 272
212 274
212 275
212 279
212 280
212 283
212 284
212 287
212 292
212 293
212 295
212 298
213 216
213 217
213 218
213 219
213 225
213 226
213 238
213 243
213 250
213 253
213 254
213 263
213 268
213 272
213 273
213 276
213 284
213 286
214 215
214 223
214 225
214 227
214 230
214 234
214 245
214 249
214 253
214 258
214 261
214 264
214 267
214 268
214 269
214 270
214 282
214 286
214 292
214 297
215 216
215 224
215 228
215 231
215 237
215 238
215 239
215 248
215 250
215 253
215 254
215 265
215 279
215 290
215 292
215 293
215 294
216 222
216 223
216 234
216 236
216 237
216 244
216 248
216 256
216 258
216 272
216 274
216 277
216 285
216 288
217 219
217 221
217 223
217 225
217 231
217 233
217 245
217 248
217 255
217 256
217 262
217 266
217 270
217 272
217 275
217 281
218 224
218 227
218 229
218 232
218 233
218 238
218 241
218 245
218 247
218 253
218 255
218 256
218 264
218 265
218 267
218 268
218 285
218 298
219 220
219 226
219 240
219 244
219 249
219 256
219 257
219 259
219 266
219 274
219 281
219 282
219 285
219 288
220 221
220 222
220 223
220 226
220 228
220 231
220 234
220 235
220 241
220 249
220 254
220 257
220 258
220 259
220 264
220 275
220 277
220 285
220 297
221 222
221 238
221 242
221 248
221 256
221 257
221 258
221 261
221 263
221 264
221 270
221 274
221 284
221 292
222 223
222 225
222 234
222 235
222 240
222 251
222 252
222 253
222 260
222 261
222 264
222 266
222 272
222 277
222 299
223 231
223 232
223 234
223 237
223 242
223 252
223 261
223 263
223 278
223 284
224 231
224 239
224 240
224 243
224 247
224 250
224 251
224 254
224 259
224 262
224 263
224 264
224 265
224 270
224 274
224 278
224 283
224 288
224 289
225 227
225 229
225 238
225 241
225 247
225 250
225 253
225 259
225 260
225 261
225 267
225 269
225 277
225 281
225 282
225 290
225 295
226 229
226 231
226 238
226 241
226 247
226 251
226 255
226 256
226 259
226 263
226 270
226 275
226 282
226 291
226 293
226 296
226 298
226 299
227 233
227 238
227 241
227 243
227 265
227 283
227 289
227 291
227 296
228 230
228 231
228 238
228 239
228 241
228 248
228 249
228 256
228 259
228 260
228 276
228 290
228 294
228 295
229 231
229 237
229 243
229 251
229 254
229 263
229 268
229 273
229 290
229 291
229 295
229 296
230 232
230 242
230 243
230 249
230 261
230 265
230 267
230 268
230 271
230 272
230 273
230 274
230 276
230 277
230 282
230 284
230 289
230 290
230 298
231 233
231 234
231 253
231 255
231 262
231 265
231 270
231 276
231 283
231 287
231 290
231 293
231 296
232 234
232 238
232 243
232 249
232 252
232 256
232 258
232 265
232 270
232 273
232 285
232 287
232 290
232 291
232 294
232 295
232 296
233 234
233 238
233 239
233 246
233 258
233 265
233 274
233 276
233 278
233 288
233 290
233 295
233 299
234 237
234 242
234 247
234 249
234 256
234 257
234 278
234 280
234 284
234 287
234 291
235 239
235 245
235 251
235 253
235 256
235 258
235 265
235 286
235 296
235 297
236 237
236 238
236 244
236 252
236 264
236 266
236 267
236 270
236 274
236 275
236 276
236 283
236 284
237 238
237 240
237 261
237 262
237 264
237 267
237 271
237 273
237 275
237 276
237 277
237 283
237 285
237 289
238 249
238 252
238 257
238 261
238 263
238 265
238 267
238 284
238 285
238 289
238 290
238 291
238 293
238 295
239 247
239 251
239 257
239 266
239 270
239 276
239 277
239 278
239 279
239 284
239 289
239 291
239 296
239 297
239 298
239 299
240 242
240 244
240 246
240 247
240 253
240 272
240 273
240 283
240 285
240 288
240 289
240 293
240 298
241 247
241 256
241 257
241 260
241 261
241 277
241 287
241 288
241 290
241 294
241 295
242 247
242 251
242 252
242 255
242 258
242 260
242 276
242 279
242 282
242 292
242 295
242 298
243 247
243 253
243 256
243 259
243 262
243 270
243 274
243 275
243 279
243 284
243 285
243 289
243 291
244 258
244 269
244 273
244 279
244 288
244 291
244 295
245 252
245 256
245 263
245 266
245 274
245 280
245 286
245 288
246 248
246 272
246 274
246 275
246 279
246 285
246 289
246 290
246 292
246 298
247 250
247 251
247 252
247 262
247 264
247 275
247 279
247 281
247 290
247 291
247 294
248 252
248 254
248 259
248 266
248 267
248 269
248 273
248 278
249 254
249 255
249 258
249 263
249 265
249 267
249 280
249 293
249 295
249 298
250 251
250 257
250 258
250 259
250 261
250 270
250 275
250 278
250 280
250 282
250 285
250 290
250 297
251 256
251 259
251 263
251 268
251 270
251 273
251 279
251 290
251 291
251 295
251 296
252 263
252 268
252 280
252 287
252 290
252 293
253 265
253 268
253 281
253 288
253 289
253 292
253 299
254 268
254 270
254 273
254 276
254 280
254 298
254 299
255 259
255 261
255 263
255 268
255 282
255 284
255 291
256 260
256 265
256 266
256 268
256 275
256 281
256 282
256 283
256 284
256 286
256 291
256 294
256 297
256 299
257 264
257 273
257 276
257 279
257 280
257 281
257 282
257 291
258 259
258 260
258 261
258 278
258 282
258 284
258 289
258 292
258 295
259 264
259 270
259 271
259 283
259 286
259 296
259 297
259 298
260 262
260 265
260 266
260 270
260 273
260 274
260 275
260 277
260 278
260 280
260 282
260 292
260 293
260 295
260 298
261 262
261 263
261 277
261 282
261 284
261 285
261 287
261 288
261 289
261 294
261 295
262 270
262 273
262 278
262 281
262 287
262 290
262 291
262 295
262 296
263 267
263 274
263 277
263 278
263 279
263 296
263 298
264 279
264 280
264 284
264 285
264 288
264 298
265 279
265 287
265 288
265 290
265 294
266 267
266 271
266 277
266 278
266 297
266 298
267 276
267 277
267 282
267 284
267 292
268 271
268 281
268 283
268 286
268 290
268 292
268 294
269 276
269 280
269 284
269 290
269 293
269 297
270 276
270 278
270 279
270 284
270 285
270 288
270 293
270 297
271 292
271 293
271 295
271 298
272 286
272 292
272 293
272 297
272 298
272 299
273 278
273 280
273 284
273 287
274 276
274 280
274 281
274 283
274 288
274 289
274 296
275 284
275 289
275 293
275 295
276 277
276 285
277 281
277 282
277 287
277 291
277 294
278 293
278 296
278 298
279 281
279 283
279 293
279 296
279 299
280 283
280 290
280 294
281 285
281 287
281 289
281 293
281 294
281 295
282 284
282 298
283 286
283 288
283 292
283 299
284 291
284 292
284 294
285 287
285 290
285 294
285 295
285 297
286 287
286 288
286 290
286 292
286 294
288 290
288 295
288 298
289 294
289 295
289 298
290 291
290 294
292 295
294 298
294 299
295 297
296 299
