300 3837
0 15
0 16
0 18
0 23
0 26
0 78
0 83
0 89
0 106
0 117
0 118
0 133
0 144
0 158
0 160
0 176
0 194
0 206
0 210
0 212
0 213
0 238
0 249
0 250
0 251
0 256
0 278
0 280
0 284
1 6
1 15
1 21
1 26
1 47
1 53
1 65
1 87
1 90
1 119
1 127
1 129
1 141
1 185
1 206
1 226
1 235
1 251
1 257
1 258
1 267
1 271
1 278
1 296
2 9
2 13
2 19
2 30
2 70
2 71
2 78
2 82
2 92
2 110
2 127
2 129
2 158
2 161
2 171
2 211
2 215
2 217
2 221
2 225
2 256
2 258
2 271
2 276
3 7
3 11
3 43
3 55
3 62
3 69
3 71
3 73
3 80
3 83
3 86
3 95
3 97
3 99
3 107
3 151
3 166
3 175
3 177
3 180
3 181
3 206
3 210
3 217
3 222
3 223
3 235
3 249
3 263
3 272
3 276
3 286
4 5
4 7
4 17
4 27
4 30
4 32
4 33
4 43
4 51
4 53
4 81
4 86
4 106
4 116
4 119
4 132
4 144
4 152
4 157
4 162
4 167
4 189
4 215
4 296
5 14
5 23
5 29
5 35
5 53
5 64
5 70
5 87
5 88
5 89
5 92
5 113
5 125
5 155
5 157
5 178
5 181
5 195
5 196
5 197
5 221
5 223
5 228
5 236
5 265
5 267
5 286
5 292
6 10
6 19
6 29
6 58
6 76
6 80
6 113
6 119
6 129
6 189
6 190
6 208
6 241
6 252
7 9
7 14
7 21
7 50
7 52
7 72
7 74
7 78
7 111
7 117
7 131
7 153
7 172
7 185
7 191
7 203
7 213
7 219
7 224
7 227
7 260
7 269
7 290
8 23
8 33
8 39
8 51
8 62
8 72
8 75
8 79
8 88
8 91
8 99
8 114
8 122
8 134
8 140
8 143
8 145
8 148
8 165
8 178
8 192
8 216
8 223
8 230
8 234
8 240
8 241
8 267
8 274
8 290
8 296
9 20
9 31
9 34
9 38
9 62
9 66
9 73
9 81
9 83
9 84
9 105
9 121
9 126
9 138
9 153
9 175
9 183
9 184
9 186
9 196
9 210
9 219
9 243
9 250
9 273
9 278
9 289
10 14
10 16
10 19
10 25
10 43
10 81
10 86
10 117
10 142
10 155
10 158
10 182
10 207
10 242
10 251
10 255
10 266
10 270
11 17
11 31
11 44
11 57
11 59
11 75
11 77
11 78
11 84
11 97
11 132
11 133
11 136
11 156
11 163
11 165
11 187
11 197
11 207
11 232
11 236
11 238
11 271
11 276
11 285
11 286
11 295
12 19
12 26
12 49
12 61
12 62
12 67
12 69
12 75
12 80
12 94
12 95
12 105
12 107
12 112
12 114
12 133
12 154
12 176
12 178
12 183
12 189
12 193
12 207
12 209
12 219
12 220
12 229
12 234
12 236
12 237
12 256
12 286
12 289
13 48
13 52
13 54
13 66
13 84
13 99
13 100
13 101
13 106
13 117
13 123
13 144
13 159
13 166
13 171
13 179
13 185
13 190
13 205
13 208
13 216
13 235
13 245
13 247
13 249
13 266
13 272
13 275
13 282
13 291
13 297
14 21
14 35
14 36
14 44
14 64
14 70
14 79
14 83
14 119
14 126
14 136
14 148
14 155
14 191
14 211
14 257
14 266
14 280
14 296
15 17
15 34
15 38
15 61
15 66
15 80
15 100
15 122
15 133
15 140
15 172
15 194
15 236
15 237
15 244
15 249
15 251
15 256
16 32
16 58
16 59
16 86
16 126
16 127
16 132
16 139
16 144
16 145
16 157
16 160
16 184
16 196
16 212
16 231
16 234
16 287
16 295
17 29
17 37
17 45
17 55
17 78
17 88
17 108
17 124
17 154
17 158
17 182
17 186
17 189
17 197
17 215
17 218
17 221
17 224
17 239
17 259
17 262
17 277
17 292
18 23
18 24
18 25
18 27
18 41
18 48
18 63
18 95
18 97
18 110
18 118
18 124
18 142
18 181
18 217
18 218
18 255
18 257
18 260
18 262
18 267
19 21
19 24
19 46
19 59
19 62
19 63
19 69
19 84
19 119
19 130
19 141
19 143
19 153
19 165
19 173
19 183
19 184
19 198
19 214
19 223
19 244
19 245
19 271
20 75
20 109
20 132
20 180
20 186
20 207
20 214
20 218
20 223
20 229
20 240
20 269
20 299
21 22
21 27
21 34
21 38
21 61
21 63
21 75
21 96
21 97
21 114
21 115
21 134
21 146
21 150
21 185
21 193
21 195
21 199
21 232
21 234
21 246
21 250
21 260
21 281
21 284
21 289
21 291
22 27
22 66
22 84
22 105
22 111
22 116
22 120
22 129
22 142
22 148
22 172
22 194
22 206
22 209
22 216
22 221
22 222
22 265
22 285
22 292
22 296
22 298
23 24
23 62
23 107
23 109
23 120
23 124
23 134
23 135
23 137
23 139
23 141
23 154
23 161
23 170
23 186
23 204
23 205
23 209
23 214
23 220
23 233
23 237
23 260
23 269
23 273
23 284
23 288
23 296
24 26
24 62
24 72
24 86
24 91
24 94
24 115
24 118
24 165
24 217
24 218
24 219
24 222
24 229
24 233
24 240
24 245
24 254
24 256
24 257
24 264
24 266
24 277
24 287
24 297
25 47
25 67
25 74
25 75
25 88
25 90
25 100
25 113
25 118
25 123
25 125
25 131
25 144
25 148
25 152
25 164
25 185
25 197
25 204
25 222
25 250
25 293
26 28
26 31
26 33
26 36
26 37
26 59
26 83
26 93
26 104
26 133
26 157
26 160
26 167
26 204
26 213
26 214
26 229
26 252
26 257
26 262
26 266
26 284
26 288
26 294
27 28
27 45
27 73
27 88
27 95
27 123
27 124
27 146
27 149
27 162
27 175
27 178
27 183
27 220
27 229
27 231
27 237
27 240
27 241
27 249
27 253
27 267
27 277
27 285
27 286
27 297
28 29
28 44
28 63
28 67
28 91
28 102
28 105
28 122
28 146
28 152
28 165
28 168
28 192
28 219
28 221
28 233
28 245
28 249
28 253
28 255
28 269
28 284
29 45
29 82
29 103
29 123
29 132
29 137
29 145
29 160
29 169
29 175
29 186
29 216
29 225
29 230
29 234
29 237
29 265
29 272
29 280
29 284
29 297
30 44
30 70
30 73
30 123
30 143
30 176
30 191
30 210
30 238
30 255
30 291
31 37
31 48
31 50
31 92
31 104
31 117
31 120
31 154
31 182
31 217
31 239
31 249
31 261
31 263
31 274
31 299
32 51
32 57
32 60
32 61
32 77
32 98
32 106
32 118
32 127
32 133
32 150
32 164
32 167
32 169
32 174
32 180
32 202
32 205
32 213
32 235
32 247
32 251
32 253
32 281
32 284
32 287
33 43
33 44
33 54
33 75
33 87
33 97
33 101
33 119
33 126
33 161
33 174
33 179
33 199
33 224
33 236
33 244
33 246
33 247
33 249
33 257
33 262
33 269
33 281
34 40
34 42
34 45
34 48
34 52
34 83
34 113
34 118
34 122
34 124
34 125
34 130
34 163
34 174
34 181
34 220
34 222
34 248
34 270
34 286
34 288
34 290
34 292
34 298
35 46
35 76
35 77
35 87
35 88
35 89
35 94
35 95
35 122
35 128
35 168
35 175
35 176
35 191
35 196
35 212
35 234
35 243
35 245
35 273
35 284
35 291
35 295
36 40
36 43
36 83
36 106
36 128
36 148
36 155
36 164
36 169
36 174
36 177
36 180
36 190
36 192
36 195
36 198
36 201
36 205
36 207
36 210
36 219
36 226
36 230
36 236
36 247
36 276
36 279
36 294
36 299
37 45
37 48
37 51
37 53
37 85
37 89
37 90
37 112
37 122
37 127
37 138
37 141
37 149
37 162
37 167
37 172
37 191
37 192
37 202
37 233
37 273
37 274
37 286
37 288
37 290
37 293
38 40
38 89
38 93
38 100
38 103
38 104
38 117
38 127
38 174
38 188
38 208
38 223
38 229
38 234
38 242
38 247
38 253
38 269
38 271
38 278
39 45
39 49
39 67
39 72
39 73
39 80
39 86
39 88
39 92
39 94
39 107
39 117
39 123
39 128
39 139
39 145
39 148
39 166
39 227
39 228
39 241
39 270
39 274
39 283
39 291
40 62
40 69
40 88
40 89
40 95
40 100
40 118
40 130
40 138
40 142
40 145
40 152
40 171
40 178
40 186
40 200
40 218
40 238
40 259
40 265
40 271
40 283
40 295
40 299
41 58
41 76
41 89
41 95
41 125
41 146
41 161
41 171
41 176
41 182
41 206
41 224
41 229
41 232
41 238
41 255
41 256
41 257
41 265
41 271
41 278
42 60
42 67
42 70
42 72
42 105
42 147
42 152
42 164
42 191
42 197
42 214
42 225
42 228
42 261
42 266
42 271
42 277
43 70
43 99
43 111
43 126
43 139
43 143
43 145
43 148
43 151
43 164
43 170
43 185
43 195
43 199
43 204
43 209
43 211
43 212
43 230
43 242
43 269
43 277
43 290
43 291
43 296
44 51
44 53
44 55
44 74
44 116
44 124
44 140
44 154
44 160
44 162
44 192
44 222
44 232
44 247
44 282
45 51
45 69
45 78
45 107
45 120
45 121
45 128
45 131
45 161
45 181
45 182
45 196
45 197
45 203
45 208
45 226
45 233
45 237
45 265
45 266
46 53
46 96
46 115
46 121
46 125
46 129
46 134
46 136
46 137
46 138
46 142
46 151
46 154
46 191
46 202
46 207
46 219
46 262
47 51
47 54
47 71
47 105
47 129
47 134
47 149
47 150
47 155
47 173
47 177
47 184
47 186
47 191
47 207
47 227
47 230
47 234
47 244
47 253
47 264
47 268
47 299
48 50
48 62
48 78
48 79
48 85
48 88
48 108
48 146
48 156
48 169
48 173
48 178
48 193
48 205
48 208
48 217
48 221
48 238
48 239
48 253
48 265
48 270
48 299
49 67
49 74
49 76
49 81
49 89
49 127
49 133
49 196
49 220
49 232
49 234
49 239
49 250
49 266
49 269
49 278
49 289
49 298
50 54
50 56
50 62
50 67
50 68
50 99
50 101
50 109
50 121
50 129
50 155
50 159
50 164
50 189
50 191
50 197
50 202
50 205
50 209
50 220
50 222
50 223
50 245
50 249
50 255
50 262
50 264
50 271
50 276
50 283
50 285
50 292
51 71
51 72
51 74
51 93
51 94
51 97
51 106
51 122
51 136
51 144
51 175
51 182
51 205
51 222
51 228
51 246
51 257
51 263
51 281
51 283
51 292
52 64
52 91
52 107
52 119
52 120
52 125
52 133
52 141
52 158
52 160
52 164
52 183
52 233
52 242
52 290
52 291
53 55
53 59
53 66
53 67
53 79
53 84
53 101
53 113
53 145
53 193
53 200
53 215
53 218
53 222
53 245
53 249
53 255
53 259
53 267
53 268
53 283
54 66
54 98
54 106
54 108
54 114
54 172
54 182
54 186
54 198
54 199
54 202
54 206
54 218
54 235
54 238
54 239
54 249
54 265
54 291
55 65
55 67
55 83
55 151
55 153
55 179
55 182
55 185
55 187
55 195
55 226
55 239
55 244
55 245
55 296
56 64
56 74
56 88
56 89
56 91
56 103
56 112
56 117
56 124
56 128
56 132
56 136
56 153
56 188
56 209
56 216
56 220
56 232
56 255
56 272
57 64
57 68
57 70
57 72
57 73
57 96
57 98
57 102
57 113
57 117
57 121
57 123
57 129
57 144
57 186
57 190
57 193
57 194
57 221
57 227
57 232
57 269
57 271
57 282
58 60
58 75
58 85
58 104
58 128
58 135
58 139
58 144
58 167
58 173
58 176
58 182
58 186
58 212
58 219
58 249
58 273
58 290
59 97
59 99
59 105
59 115
59 123
59 143
59 149
59 150
59 155
59 176
59 180
59 199
59 206
59 234
59 244
59 246
59 247
59 259
59 260
59 274
59 295
60 64
60 71
60 76
60 92
60 93
60 95
60 97
60 111
60 113
60 120
60 135
60 154
60 168
60 183
60 210
60 215
60 222
60 236
60 246
60 288
61 84
61 98
61 107
61 110
61 118
61 121
61 129
61 138
61 142
61 156
61 159
61 160
61 162
61 163
61 166
61 172
61 179
61 188
61 192
61 202
61 207
61 236
61 241
62 82
62 92
62 104
62 109
62 133
62 166
62 175
62 183
62 198
62 217
62 218
62 221
62 228
62 236
62 254
62 262
62 269
62 287
62 288
63 65
63 66
63 68
63 69
63 71
63 72
63 83
63 94
63 98
63 119
63 125
63 126
63 138
63 144
63 157
63 162
63 168
63 173
63 188
63 190
63 192
63 193
63 231
63 232
63 243
63 260
63 272
63 289
63 293
63 297
64 76
64 77
64 87
64 99
64 117
64 125
64 133
64 152
64 177
64 189
64 199
64 217
64 222
64 249
64 297
65 72
65 75
65 82
65 83
65 98
65 111
65 117
65 162
65 166
65 171
65 180
65 183
65 184
65 191
65 195
65 240
65 255
65 276
65 280
66 90
66 91
66 92
66 97
66 101
66 109
66 124
66 166
66 168
66 171
66 172
66 177
66 179
66 191
66 192
66 203
66 218
66 226
66 244
66 249
66 268
66 277
67 77
67 82
67 83
67 110
67 119
67 121
67 122
67 127
67 130
67 137
67 138
67 152
67 163
67 173
67 195
67 211
67 246
67 251
67 266
67 280
67 298
68 100
68 104
68 116
68 137
68 145
68 153
68 164
68 173
68 197
68 237
68 249
68 252
68 257
68 259
68 269
68 272
68 273
68 286
68 295
69 88
69 93
69 152
69 167
69 179
69 183
69 189
69 211
69 229
69 251
69 252
69 276
69 277
69 282
69 284
70 71
70 142
70 150
70 160
70 210
70 233
70 237
70 259
70 268
70 270
71 84
71 88
71 90
71 91
71 103
71 106
71 114
71 120
71 132
71 148
71 171
71 172
71 174
71 179
71 227
71 251
71 265
71 288
72 79
72 98
72 109
72 110
72 114
72 133
72 140
72 148
72 157
72 163
72 165
72 166
72 181
72 187
72 204
72 206
72 210
72 226
72 234
72 237
72 248
72 254
72 269
72 270
72 283
73 79
73 110
73 115
73 119
73 120
73 126
73 136
73 157
73 168
73 171
73 182
73 187
73 191
73 220
73 236
73 238
73 240
73 250
73 261
73 281
73 285
73 298
74 81
74 90
74 104
74 123
74 126
74 127
74 137
74 139
74 141
74 156
74 163
74 169
74 174
74 187
74 195
74 206
74 210
74 222
74 231
74 232
74 260
74 261
74 292
74 294
75 76
75 80
75 87
75 114
75 126
75 131
75 149
75 184
75 190
75 193
75 195
75 204
75 206
75 235
75 246
75 280
76 78
76 86
76 93
76 100
76 101
76 114
76 123
76 127
76 131
76 138
76 150
76 173
76 226
76 228
76 239
76 258
76 269
76 278
76 287
77 88
77 93
77 112
77 119
77 124
77 138
77 150
77 168
77 181
77 192
77 214
77 226
77 234
77 235
77 264
77 274
78 92
78 94
78 113
78 116
78 122
78 135
78 167
78 174
78 181
78 188
78 193
78 197
78 198
78 234
78 254
78 283
79 82
79 85
79 101
79 105
79 110
79 127
79 136
79 144
79 145
79 148
79 149
79 170
79 179
79 180
79 207
79 209
79 211
79 267
80 97
80 113
80 120
80 128
80 137
80 138
80 146
80 155
80 188
80 189
80 214
80 228
80 232
80 240
80 251
80 263
80 267
80 273
80 280
80 283
80 284
80 286
81 105
81 116
81 138
81 142
81 154
81 161
81 189
81 193
81 202
81 205
81 208
81 212
81 213
81 218
81 220
81 251
81 258
81 281
82 103
82 120
82 132
82 186
82 192
82 217
82 227
82 228
82 240
82 269
82 270
82 275
82 276
82 284
83 92
83 104
83 110
83 127
83 142
83 144
83 171
83 174
83 178
83 184
83 189
83 190
83 224
83 234
83 239
83 244
83 257
83 262
83 276
83 283
83 285
84 93
84 105
84 136
84 141
84 146
84 163
84 166
84 177
84 184
84 186
84 193
84 196
84 204
84 213
84 260
84 280
84 284
84 289
84 298
85 96
85 102
85 110
85 117
85 124
85 133
85 162
85 170
85 171
85 178
85 181
85 191
85 194
85 204
85 228
85 268
85 274
85 286
85 290
86 89
86 107
86 112
86 113
86 124
86 132
86 138
86 151
86 152
86 156
86 165
86 169
86 172
86 187
86 194
86 226
86 237
86 248
86 253
86 282
86 284
87 99
87 118
87 131
87 135
87 139
87 169
87 176
87 205
87 208
87 210
87 239
87 251
87 253
87 292
87 297
87 298
88 100
88 105
88 108
88 122
88 135
88 143
88 149
88 167
88 169
88 183
88 184
88 185
88 212
88 213
88 227
88 235
88 236
88 243
88 244
88 247
88 250
88 257
88 261
88 273
88 292
88 297
89 109
89 125
89 127
89 133
89 152
89 153
89 175
89 194
89 212
89 214
89 226
89 260
89 264
89 280
89 283
90 91
90 98
90 106
90 110
90 163
90 187
90 207
90 228
90 239
90 291
91 104
91 108
91 109
91 120
91 137
91 143
91 170
91 176
91 180
91 193
91 204
91 232
91 252
91 256
91 257
91 266
91 278
91 283
91 288
91 289
91 295
92 95
92 96
92 108
92 116
92 135
92 136
92 156
92 177
92 181
92 190
92 192
92 194
92 200
92 213
92 214
92 218
92 221
92 227
92 232
92 296
93 110
93 122
93 124
93 151
93 152
93 184
93 190
93 193
93 198
93 207
93 215
93 216
93 226
93 237
93 278
93 297
94 120
94 135
94 143
94 147
94 148
94 157
94 189
94 196
94 232
94 239
94 245
94 259
94 260
94 269
94 288
95 138
95 148
95 151
95 157
95 158
95 165
95 180
95 197
95 205
95 207
95 218
95 229
95 235
95 249
95 254
95 285
95 297
96 99
96 100
96 108
96 125
96 133
96 143
96 151
96 158
96 162
96 164
96 181
96 184
96 185
96 195
96 214
96 219
96 278
96 290
97 98
97 99
97 105
97 128
97 135
97 138
97 146
97 170
97 189
97 201
97 219
97 225
97 238
97 259
97 267
97 272
97 273
97 275
97 277
97 290
97 297
97 299
98 102
98 105
98 107
98 111
98 122
98 145
98 154
98 161
98 172
98 173
98 176
98 185
98 189
98 192
98 215
98 227
98 234
98 242
98 250
98 255
98 277
98 298
98 299
99 101
99 104
99 105
99 106
99 125
99 147
99 209
99 230
99 234
99 240
99 256
99 272
99 279
99 294
100 108
100 151
100 157
100 164
100 197
100 202
100 206
100 218
100 225
100 227
100 236
100 240
100 262
100 276
100 296
101 103
101 124
101 137
101 144
101 213
101 214
101 215
101 216
101 227
101 232
101 261
101 262
101 278
101 287
101 289
102 104
102 142
102 148
102 162
102 169
102 206
102 227
102 240
102 262
102 269
102 273
102 276
102 285
102 293
102 294
102 298
103 142
103 151
103 159
103 179
103 198
103 211
103 214
103 215
103 238
103 281
103 283
104 122
104 158
104 164
104 171
104 173
104 178
104 179
104 186
104 191
104 196
104 240
104 247
104 256
104 270
104 279
104 283
105 106
105 111
105 122
105 137
105 143
105 144
105 161
105 171
105 174
105 183
105 187
105 189
105 195
105 219
105 222
105 235
105 237
105 239
105 257
105 294
105 297
106 114
106 145
106 160
106 172
106 180
106 203
106 207
106 214
106 228
106 229
106 251
106 254
106 255
106 286
106 293
106 295
107 108
107 110
107 132
107 134
107 141
107 153
107 158
107 164
107 180
107 183
107 203
107 205
107 209
107 211
107 215
107 221
107 224
107 237
107 279
107 291
108 110
108 118
108 133
108 136
108 140
108 152
108 160
108 176
108 178
108 189
108 218
108 219
108 222
108 228
108 232
108 237
108 254
108 282
108 290
108 291
108 295
109 110
109 133
109 153
109 154
109 181
109 243
109 262
109 280
109 297
110 114
110 119
110 123
110 144
110 150
110 153
110 163
110 164
110 166
110 215
110 248
110 252
110 253
110 270
110 272
111 129
111 147
111 152
111 162
111 163
111 174
111 219
111 229
111 265
111 271
111 283
111 298
112 115
112 130
112 145
112 172
112 194
112 200
112 207
112 222
112 242
112 245
112 269
112 274
112 294
113 134
113 161
113 174
113 175
113 193
113 231
113 253
113 276
113 291
114 153
114 157
114 167
114 171
114 185
114 196
114 205
114 207
114 218
114 222
114 231
114 260
114 262
114 268
114 271
114 298
115 118
115 135
115 173
115 180
115 181
115 186
115 192
115 202
115 216
115 218
115 245
115 259
115 260
115 262
115 275
115 286
116 125
116 132
116 149
116 185
116 209
116 219
116 224
116 230
116 257
116 277
116 281
116 283
116 285
117 123
117 128
117 134
117 141
117 153
117 159
117 164
117 195
117 212
117 221
117 223
117 224
117 231
117 238
117 248
117 255
117 257
117 265
117 276
117 284
118 125
118 127
118 131
118 137
118 148
118 186
118 202
118 207
118 257
118 264
118 271
118 284
118 290
119 124
119 125
119 134
119 141
119 152
119 160
119 161
119 186
119 191
119 204
119 208
119 222
119 225
119 233
119 239
119 240
119 249
119 253
119 257
119 265
119 270
119 278
120 129
120 157
120 166
120 171
120 176
120 184
120 206
120 213
120 234
120 242
120 246
120 254
120 262
121 135
121 140
121 150
121 168
121 174
121 190
121 212
121 216
121 244
121 249
121 257
121 259
121 260
121 273
121 282
121 288
121 290
121 294
122 127
122 141
122 144
122 147
122 153
122 159
122 161
122 166
122 167
122 183
122 193
122 194
122 211
122 213
122 214
122 222
122 227
122 236
122 243
122 256
122 257
122 258
122 272
122 287
123 143
123 150
123 151
123 154
123 170
123 227
123 233
123 237
123 254
123 265
123 270
123 294
124 129
124 138
124 143
124 146
124 158
124 171
124 197
124 199
124 203
124 215
124 223
124 227
124 228
124 250
124 278
124 279
125 141
125 152
125 156
125 165
125 181
125 196
125 198
125 199
125 200
125 203
125 208
125 255
125 267
125 280
125 283
125 286
126 127
126 128
126 131
126 135
126 139
126 145
126 153
126 162
126 163
126 205
126 227
126 231
126 248
126 252
126 292
127 131
127 135
127 146
127 155
127 162
127 176
127 204
127 213
127 221
127 222
127 234
127 235
127 276
127 277
128 134
128 147
128 169
128 185
128 201
128 202
128 205
128 206
128 212
128 220
128 227
128 230
128 233
128 240
128 253
128 259
128 261
128 274
128 276
128 294
129 142
129 146
129 157
129 158
129 167
129 171
129 175
129 186
129 192
129 195
129 211
129 216
129 223
129 230
129 261
129 264
129 295
130 132
130 144
130 150
130 156
130 166
130 191
130 206
130 208
130 212
130 223
130 238
130 242
130 248
130 254
130 257
130 263
130 271
131 138
131 157
131 161
131 165
131 187
131 190
131 203
131 204
131 209
131 219
131 227
131 230
131 236
131 237
131 242
131 248
131 265
131 281
131 288
131 297
132 133
132 134
132 144
132 151
132 166
132 208
132 213
132 220
132 248
132 249
132 252
132 256
132 264
132 278
132 295
133 148
133 166
133 170
133 180
133 191
133 207
133 209
133 212
133 216
133 272
133 278
133 280
133 286
134 143
134 171
134 175
134 198
134 214
134 216
134 223
134 250
134 253
134 279
134 285
134 286
135 151
135 158
135 168
135 169
135 171
135 174
135 210
135 216
135 219
135 229
135 230
135 235
135 245
135 260
136 140
136 153
136 157
136 161
136 167
136 183
136 207
136 211
136 230
136 234
136 259
136 267
136 271
136 280
136 294
137 149
137 151
137 171
137 181
137 190
137 191
137 193
137 198
137 223
137 228
137 238
137 253
137 265
137 266
137 277
137 296
138 178
138 179
138 181
138 189
138 195
138 205
138 214
138 216
138 231
138 236
138 262
138 275
138 282
138 297
138 299
139 146
139 159
139 163
139 168
139 194
139 201
139 202
139 219
139 231
139 241
139 258
139 264
139 266
139 267
139 273
139 291
140 148
140 168
140 170
140 184
140 204
140 240
140 245
140 246
140 275
140 293
141 144
141 145
141 162
141 163
141 165
141 175
141 185
141 187
141 192
141 205
141 217
141 251
141 265
141 266
141 270
141 272
141 278
141 280
141 287
141 290
142 148
142 187
142 195
142 203
142 204
142 219
142 227
142 244
142 247
142 250
142 260
142 264
142 270
142 273
142 277
143 161
143 164
143 182
143 189
143 194
143 208
143 228
143 241
143 252
143 257
143 264
143 265
143 269
143 285
143 293
143 296
144 162
144 164
144 171
144 176
144 197
144 206
144 220
144 221
144 223
144 227
144 237
144 243
144 245
144 262
144 264
144 296
145 149
145 158
145 169
145 178
145 194
145 208
145 214
145 223
145 252
145 262
145 271
145 282
146 162
146 179
146 194
146 196
146 197
146 226
146 231
146 237
146 249
146 270
146 271
146 279
146 286
146 291
147 211
147 228
147 251
147 258
147 259
147 262
147 265
147 266
148 160
148 167
148 171
148 180
148 205
148 210
148 214
148 219
148 243
148 248
148 256
148 260
148 261
148 265
148 266
148 278
148 289
149 151
149 182
149 201
149 204
149 215
149 217
149 228
149 234
149 270
149 296
150 151
150 195
150 216
150 264
150 269
150 273
150 279
150 289
150 294
151 164
151 168
151 178
151 221
151 229
151 251
152 157
152 205
152 207
152 234
152 241
152 247
152 258
152 261
152 285
153 161
153 173
153 208
153 210
153 219
153 256
153 266
153 267
153 278
153 280
153 282
153 289
153 291
154 167
154 174
154 181
154 186
154 202
154 205
154 206
154 237
154 267
154 277
154 283
155 179
155 195
155 208
155 228
155 246
155 251
155 259
155 261
155 270
156 213
156 229
156 231
156 240
156 241
156 254
156 259
156 263
157 167
157 169
157 186
157 187
157 189
157 210
157 211
157 214
157 223
157 244
157 251
157 258
157 268
157 274
157 275
157 278
157 286
158 171
158 208
158 217
158 222
158 226
158 278
158 285
159 171
159 177
159 197
159 207
159 222
159 236
159 243
159 267
159 273
159 276
159 293
159 294
159 296
160 168
160 185
160 195
160 196
160 215
160 218
160 222
160 227
160 235
160 240
160 250
160 254
160 270
160 273
160 274
160 282
160 287
160 292
161 168
161 172
161 184
161 186
161 194
161 202
161 206
161 235
161 238
161 248
161 249
161 255
161 263
161 269
161 281
161 284
161 290
161 291
162 191
162 194
162 218
162 231
162 241
162 248
162 258
162 271
162 278
162 280
162 285
162 289
162 293
163 187
163 190
163 219
163 229
163 230
163 231
163 249
163 251
163 257
163 278
163 279
163 284
163 296
164 167
164 169
164 173
164 211
164 277
164 285
165 177
165 178
165 226
165 244
165 251
165 256
165 259
165 268
165 287
166 179
166 181
166 191
166 199
166 205
166 235
166 239
166 245
166 250
166 255
166 260
166 267
166 268
166 276
166 286
166 288
166 291
167 180
167 186
167 208
167 209
167 210
167 228
167 238
167 242
167 273
167 277
167 278
168 174
168 177
168 185
168 187
168 188
168 198
168 207
168 218
168 230
168 249
168 257
168 265
168 267
168 299
169 173
169 226
169 228
169 229
169 236
169 255
169 268
169 271
169 287
169 294
170 223
170 238
170 240
170 241
170 245
170 251
170 252
170 288
170 293
171 191
171 192
171 204
171 210
171 240
171 244
171 263
171 267
171 269
171 281
171 284
172 179
172 205
172 219
172 252
172 258
172 278
172 279
172 280
173 182
173 192
173 233
173 243
173 249
173 250
173 254
173 257
173 268
173 269
173 270
173 287
173 294
174 175
174 179
174 184
174 185
174 190
174 225
174 243
174 254
174 255
174 281
174 286
174 292
175 181
175 187
175 199
175 208
175 216
175 229
175 261
175 262
175 282
176 181
176 190
176 205
176 209
176 230
176 243
176 277
176 286
177 180
177 190
177 194
177 196
177 199
177 226
177 244
177 252
177 256
177 257
177 268
177 273
178 189
178 190
178 209
178 210
178 218
178 221
178 228
178 235
178 242
178 248
178 253
178 254
178 274
178 295
179 185
179 186
179 197
179 204
179 205
179 207
179 211
179 220
179 221
179 234
179 239
179 244
179 263
179 279
179 286
180 197
180 212
180 265
180 268
180 286
180 292
180 296
180 299
181 183
181 228
181 251
181 267
181 273
181 290
182 190
182 213
182 235
182 245
182 257
182 259
182 263
182 288
182 291
183 186
183 194
183 197
183 199
183 205
183 206
183 242
183 254
183 276
183 285
183 294
184 201
184 207
184 210
184 248
184 258
184 291
184 296
185 192
185 219
185 225
185 244
185 256
185 278
185 284
186 187
186 195
186 207
186 218
186 228
186 231
186 244
186 256
186 274
186 287
186 293
186 296
186 297
187 244
187 255
187 258
188 193
188 209
188 210
188 214
188 231
188 247
188 250
188 266
188 277
188 287
188 298
189 190
189 215
189 224
189 233
189 249
189 262
189 266
189 268
189 285
190 201
190 229
190 238
190 241
190 252
190 254
190 267
190 296
191 193
191 198
191 209
191 210
191 237
191 239
191 248
191 254
191 257
191 263
191 265
191 272
191 285
191 292
191 293
192 216
192 220
192 247
192 254
192 263
192 297
192 298
193 200
193 211
193 225
193 229
193 235
193 239
193 245
193 246
193 248
193 260
193 261
193 282
193 285
193 288
193 290
194 200
194 251
194 255
194 270
194 280
195 199
195 218
195 222
195 230
195 235
195 236
195 242
195 254
195 256
196 198
196 218
196 240
196 287
196 290
196 291
196 299
197 207
197 208
197 228
197 236
197 241
197 250
197 284
197 292
197 298
198 237
198 270
198 272
198 296
199 202
199 208
199 224
199 253
199 260
199 266
199 274
199 275
200 217
200 235
200 258
200 281
200 282
200 295
201 218
201 245
201 273
201 276
201 290
202 203
202 216
202 219
202 235
202 242
202 252
202 255
202 257
202 269
202 270
202 283
202 289
202 293
202 294
202 297
203 216
203 227
203 230
203 238
203 239
203 265
203 269
203 272
203 276
204 224
204 227
204 233
204 236
204 257
204 268
204 281
204 285
205 209
205 211
205 226
205 230
205 265
205 267
205 270
205 272
205 276
206 220
206 243
206 250
206 258
206 264
206 275
206 298
207 216
207 221
207 222
207 229
207 238
207 243
207 283
207 288
208 212
208 213
208 216
208 240
208 254
208 263
208 266
208 272
209 213
209 224
209 232
209 243
209 248
209 249
209 253
209 260
209 272
209 282
210 222
210 225
210 231
210 265
210 267
210 278
211 214
211 222
211 231
211 237
211 248
211 261
211 262
211 275
211 289
211 296
212 214
212 220
212 223
212 244
212 252
212 258
212 261
212 267
212 278
212 281
212 287
213 214
213 215
213 219
213 227
213 258
213 259
213 287
214 226
214 231
214 233
214 239
214 247
214 258
214 265
214 285
215 227
215 230
215 233
215 251
215 282
215 295
216 228
216 235
216 237
216 241
216 269
216 270
216 275
216 281
216 297
217 224
217 251
217 256
217 270
217 275
218 223
218 225
218 239
218 258
218 289
219 229
219 242
219 245
219 248
219 256
219 257
219 261
219 275
219 279
219 286
220 232
220 258
220 280
220 284
220 286
221 226
221 228
221 233
221 235
221 260
221 267
221 292
222 226
222 265
222 287
222 293
222 299
223 267
223 271
223 274
223 276
223 285
223 294
223 298
224 241
224 252
224 253
224 269
224 273
224 275
224 292
225 227
225 241
225 242
225 262
225 276
226 252
226 269
226 276
226 277
227 244
227 259
227 280
227 284
227 292
228 229
228 239
228 253
228 258
228 262
228 265
228 269
228 277
228 295
228 297
229 230
229 231
229 237
229 239
229 247
229 263
229 278
230 247
230 253
230 273
230 276
230 277
230 278
230 295
231 241
231 244
231 252
231 278
231 282
231 290
232 247
232 254
232 272
232 283
233 241
233 258
233 262
233 274
233 281
233 285
233 287
233 293
233 298
234 240
234 254
234 266
234 278
234 280
234 283
234 293
234 296
234 297
235 265
235 274
235 279
235 282
235 285
235 290
236 242
236 250
236 275
236 277
236 293
236 298
236 299
237 250
237 266
237 284
237 287
238 241
238 262
238 281
239 246
239 259
239 268
239 275
239 279
239 293
240 241
240 242
240 273
240 274
240 284
240 289
240 298
240 299
241 250
241 252
241 266
241 273
241 292
241 293
242 245
242 254
242 260
242 268
242 278
242 296
242 299
243 266
243 272
243 289
243 294
244 250
244 271
244 273
245 251
245 256
245 268
246 267
246 268
246 270
246 279
246 280
246 293
246 297
247 253
247 260
247 261
247 269
247 288
248 249
248 258
248 280
248 284
248 290
248 291
249 292
249 297
250 256
250 272
250 298
251 256
251 269
251 284
252 253
252 254
252 286
253 257
253 264
253 285
253 290
253 293
253 296
254 266
254 267
254 269
254 272
254 287
255 258
255 267
255 268
255 272
255 284
255 285
255 286
255 299
256 264
256 279
256 286
257 267
257 281
257 297
258 268
258 276
258 284
258 287
258 293
259 261
259 264
259 266
259 283
259 285
260 271
260 276
260 277
260 283
260 294
260 298
261 273
261 288
261 289
262 265
262 280
262 285
262 287
262 295
263 288
264 284
264 294
266 269
266 272
266 277
266 288
266 292
266 297
267 274
267 278
267 279
267 286
267 287
267 296
268 270
268 277
268 286
269 286
269 292
270 273
270 292
270 293
270 294
272 275
272 277
272 293
272 298
273 277
273 290
273 292
273 295
273 297
274 294
275 276
275 278
275 287
275 289
276 287
276 291
277 296
278 296
279 283
279 297
279 298
280 298
281 284
281 295
282 288
283 296
284 293
285 291
285 292
285 293
285 294
286 295
287 289
289 290
295 296
