300 806
0 9
0 16
0 99
0 111
0 154
0 263
0 282
1 2
1 18
1 106
1 107
1 228
1 245
1 255
1 261
2 61
2 70
2 98
2 138
2 216
2 237
2 243
2 285
2 288
3 8
3 72
3 119
3 189
3 232
3 270
3 285
4 81
4 86
4 93
4 222
5 10
5 148
5 157
5 159
5 195
5 225
5 249
5 275
5 283
6 22
6 56
6 57
6 106
6 226
6 278
6 293
7 64
7 98
7 132
7 160
7 227
8 183
8 189
8 190
9 10
9 65
9 108
9 112
9 202
10 41
10 82
10 89
10 217
10 275
10 280
10 284
11 75
11 236
11 271
11 281
12 154
12 235
13 77
13 119
13 170
13 201
13 250
13 254
13 283
14 36
14 70
14 76
14 126
14 223
15 172
15 225
15 293
16 101
16 163
16 183
16 206
16 243
17 104
17 141
17 179
17 298
18 32
18 182
18 249
19 27
19 75
19 204
19 248
19 266
19 293
20 37
20 202
20 278
21 42
21 58
21 127
21 196
21 268
22 92
22 125
22 166
22 167
22 233
22 239
23 81
23 83
23 93
23 182
23 185
23 191
23 198
24 87
24 95
24 153
24 164
24 207
24 214
24 241
24 261
25 119
25 180
25 257
25 265
25 280
26 39
26 44
26 118
26 154
26 271
26 291
27 94
27 109
27 164
28 126
28 130
28 138
28 233
28 261
29 53
29 82
29 209
29 261
30 34
30 148
30 156
30 176
30 262
30 266
31 163
31 185
31 196
31 207
31 232
31 297
32 78
32 167
32 183
32 186
32 248
32 299
33 41
33 123
33 209
34 59
34 126
34 155
34 232
34 254
34 278
35 116
35 205
35 254
35 267
35 270
36 113
36 157
36 213
36 242
37 108
37 136
37 191
37 250
38 46
38 115
38 169
38 191
38 195
38 202
38 251
39 179
39 284
40 89
40 215
40 282
40 296
41 53
41 59
41 71
41 98
41 110
41 154
41 174
41 187
41 217
41 267
42 213
42 241
42 262
43 84
43 111
43 232
43 262
44 95
44 192
44 212
44 226
44 248
44 258
45 97
45 158
45 186
45 191
45 199
45 253
46 54
46 62
46 124
46 127
47 117
47 120
47 137
47 196
47 224
48 51
48 81
48 146
48 228
48 244
49 99
49 143
49 168
49 200
49 233
50 70
50 97
50 165
50 294
51 134
51 221
52 149
52 154
52 227
53 85
53 90
53 117
53 158
53 166
53 174
54 100
54 160
54 201
54 223
54 245
54 271
54 284
54 286
55 161
55 203
55 251
55 287
56 182
56 273
57 111
57 125
57 229
57 247
58 66
58 123
58 174
58 175
58 211
58 286
59 96
59 168
59 199
59 260
60 83
60 181
60 197
60 250
61 147
61 175
62 68
62 88
62 158
63 89
63 122
63 126
63 179
63 192
63 234
64 117
64 238
65 105
65 134
65 138
65 230
66 83
66 188
66 211
66 248
67 162
67 285
68 254
69 83
69 161
69 188
69 192
69 220
70 132
70 172
71 166
71 195
71 243
71 265
72 75
72 111
72 115
72 136
72 138
72 185
72 195
72 208
72 251
72 266
73 168
73 203
73 289
73 297
74 91
74 116
74 125
74 156
74 182
74 198
74 216
75 85
75 100
75 216
76 94
76 130
76 223
76 264
77 136
77 148
77 234
77 261
78 103
78 104
78 125
78 131
78 135
78 148
78 169
78 282
79 132
79 175
79 240
79 255
79 289
80 94
80 122
80 142
81 282
82 145
82 253
83 104
83 114
83 129
83 138
83 140
83 230
83 267
84 153
84 175
84 245
85 200
85 203
85 277
86 121
86 235
87 195
87 213
87 234
88 91
88 122
88 131
88 148
88 186
89 97
89 189
90 184
90 212
90 269
91 196
91 232
91 237
91 293
92 124
92 240
92 285
93 184
93 199
93 218
93 276
94 98
94 132
94 159
94 162
94 247
95 98
95 110
95 197
95 248
95 249
96 123
96 149
96 264
97 122
97 152
97 263
97 284
98 117
99 239
99 246
99 263
99 290
100 150
100 171
100 213
100 248
101 237
101 284
102 119
102 205
102 211
102 240
102 249
103 239
104 155
104 180
104 249
105 224
105 277
106 193
107 113
107 118
107 179
107 262
107 269
107 275
108 115
108 131
108 155
108 172
108 237
108 247
108 260
109 136
109 203
109 225
109 236
109 286
110 113
110 140
110 294
111 136
111 171
111 256
111 267
111 269
112 165
112 201
112 274
113 149
113 162
113 226
113 256
114 120
114 133
114 178
114 179
114 231
114 233
114 279
115 140
115 154
115 184
115 236
115 270
116 175
116 198
116 219
116 220
116 237
117 152
117 205
117 283
118 143
118 148
118 179
119 207
119 274
120 251
120 273
120 282
121 123
121 246
121 248
122 286
123 217
123 241
123 271
124 167
124 216
125 228
125 269
126 213
127 189
127 212
127 223
128 249
128 254
128 283
128 292
129 211
129 227
129 238
130 177
130 296
131 249
131 254
131 289
132 134
132 160
133 137
133 142
133 187
133 209
133 219
133 259
134 153
134 193
134 268
134 269
134 279
135 158
135 168
135 177
135 203
135 245
135 270
136 215
136 223
136 244
136 279
137 205
137 244
137 255
137 286
138 151
138 174
138 233
139 178
139 196
139 239
139 268
139 292
140 299
141 172
141 178
141 189
141 197
141 204
141 223
141 287
141 295
142 155
142 263
143 165
143 264
144 169
144 219
144 229
144 278
144 281
145 193
145 293
146 202
146 203
146 219
147 193
147 211
147 243
149 244
149 284
150 250
150 255
150 296
151 213
151 257
151 280
152 177
152 198
152 204
152 245
153 176
153 267
154 173
154 284
155 198
156 213
156 225
156 245
156 255
157 185
157 194
157 216
158 160
158 234
159 237
159 244
159 266
160 230
160 293
160 295
161 212
161 230
161 288
162 214
163 168
163 181
163 187
163 205
163 215
163 220
163 229
163 248
164 259
164 299
165 201
166 186
166 242
167 269
168 244
169 261
170 193
170 201
171 206
171 225
171 291
172 211
172 240
173 199
173 270
174 274
175 271
175 272
176 195
176 288
177 260
177 272
177 283
177 290
178 226
179 233
179 283
179 284
180 193
180 261
181 265
181 281
182 195
182 222
183 200
183 290
184 246
184 299
185 218
186 207
186 217
187 236
187 286
187 287
188 251
188 276
189 272
189 276
190 271
190 272
191 207
192 269
192 298
193 234
194 214
194 216
194 218
194 253
195 197
195 234
196 198
196 246
196 276
196 297
197 206
199 201
199 209
199 246
200 260
200 267
200 274
202 296
203 204
203 217
203 229
204 210
205 217
206 210
206 250
207 295
208 242
208 297
209 282
210 213
210 277
213 264
214 293
215 231
218 273
219 244
221 226
221 282
221 291
223 239
225 259
228 244
228 247
228 282
228 295
229 236
229 299
230 247
231 253
231 287
234 257
236 258
236 261
236 280
238 296
239 272
241 272
244 289
246 294
249 278
250 275
252 260
252 298
256 267
257 279
258 296
259 283
260 297
261 273
261 291
262 278
262 279
264 288
266 287
266 295
268 269
269 295
271 298
281 288
287 292
288 293
295 299
