300 744
0 109
0 113
0 135
0 244
0 250
1 11
1 200
1 210
2 201
2 223
3 139
3 168
3 196
3 270
3 293
4 78
4 105
4 141
4 227
4 233
4 280
4 292
5 51
5 73
5 204
5 211
5 212
5 276
5 288
6 16
6 32
6 76
6 194
6 242
7 10
7 71
7 106
7 112
7 277
7 293
8 83
8 86
8 212
8 230
8 256
9 25
9 47
9 193
10 66
10 93
10 97
10 242
11 17
11 46
11 264
12 17
12 190
12 227
12 237
12 245
12 275
13 29
13 31
13 164
13 172
14 21
14 62
14 135
15 55
15 124
15 146
15 245
15 263
16 50
16 62
16 90
16 167
16 169
16 261
16 285
17 120
17 221
17 250
17 284
18 55
18 87
18 116
18 138
18 261
19 125
19 149
19 238
19 286
20 98
20 128
20 213
20 264
20 288
21 81
21 83
21 95
21 98
21 100
21 165
21 233
22 76
22 143
22 178
22 180
22 190
23 34
23 64
23 173
23 201
23 287
24 50
24 64
24 161
24 207
24 215
24 220
24 293
25 102
25 114
25 227
26 65
26 77
26 188
26 231
26 232
27 113
27 114
27 177
27 182
28 32
28 58
28 211
29 55
29 88
29 298
30 113
30 192
30 232
30 265
30 266
30 276
31 77
31 160
31 199
32 162
33 56
33 100
33 184
33 212
33 238
33 276
34 106
34 207
34 215
35 80
35 174
35 290
36 43
36 53
36 204
36 221
36 288
37 84
37 127
37 133
37 139
37 218
38 86
38 95
38 164
38 186
38 218
39 186
39 254
39 269
40 154
40 185
40 223
40 249
41 104
41 183
41 187
41 228
41 236
41 251
42 122
42 165
42 193
42 259
43 69
43 87
43 101
43 158
43 254
43 267
43 277
43 296
44 96
44 101
44 184
44 297
45 87
45 197
45 248
45 290
45 292
46 69
46 88
46 95
46 220
46 270
47 92
47 174
47 281
48 77
48 156
49 178
49 196
49 247
49 262
49 265
50 96
50 190
50 242
50 258
50 259
51 148
51 286
51 293
52 53
52 155
52 211
52 235
52 246
52 266
52 278
53 124
53 130
53 179
53 199
53 276
54 79
54 118
54 122
54 236
55 165
56 75
56 159
56 171
56 202
56 263
57 69
57 104
57 125
57 166
57 250
57 278
57 282
57 293
58 97
58 204
58 251
59 75
59 77
59 190
59 191
59 195
59 209
59 282
60 138
60 147
60 242
60 270
61 206
61 211
61 220
61 228
61 268
62 90
62 140
62 141
62 145
63 95
63 162
63 167
63 183
64 107
64 131
64 206
64 247
65 194
65 214
65 220
65 240
65 280
66 72
66 105
66 153
66 239
66 248
66 279
67 103
67 129
67 291
67 297
68 71
68 141
68 256
68 257
69 88
69 121
69 262
69 297
70 73
70 148
70 195
71 110
71 192
72 133
72 164
73 180
73 247
74 102
74 168
74 170
74 216
74 219
74 236
74 263
75 88
75 124
75 177
75 214
75 237
76 102
76 158
77 136
78 85
78 86
78 214
78 298
79 117
79 249
80 134
80 208
81 229
81 267
82 128
82 195
82 279
82 287
83 159
83 174
83 203
83 216
83 220
83 294
84 162
85 164
85 181
85 207
85 228
86 104
86 244
86 262
86 270
87 207
87 271
88 99
88 213
88 295
89 155
89 163
89 188
89 277
89 295
90 104
90 125
90 176
90 279
91 116
91 118
91 126
91 154
91 177
91 204
91 271
92 245
92 291
93 166
93 240
94 108
94 120
94 158
94 170
94 274
95 179
96 107
96 156
96 233
96 273
97 196
97 213
97 257
98 194
98 222
98 225
99 244
99 257
100 112
100 180
100 190
100 279
101 137
101 286
102 145
102 273
103 125
103 257
104 115
104 124
105 109
105 118
105 160
106 144
106 148
106 195
106 264
107 171
107 195
108 196
108 248
108 284
109 126
109 249
109 251
110 119
110 233
111 136
111 187
111 236
111 299
112 169
112 217
112 228
113 172
113 187
113 192
113 199
113 204
113 219
113 258
113 285
114 238
115 213
115 230
115 231
115 270
115 293
116 194
116 216
116 261
116 285
116 297
117 181
117 214
117 294
119 135
119 260
120 149
120 224
120 231
121 127
121 199
121 203
121 267
122 185
122 198
122 203
122 214
122 221
122 264
123 181
123 247
123 263
124 167
124 186
124 200
124 214
124 229
124 279
125 134
125 175
125 209
126 133
126 210
126 215
126 230
127 142
127 159
127 239
127 248
128 200
128 229
128 296
128 297
129 295
130 151
130 179
130 266
131 190
131 251
132 134
132 178
132 185
132 265
133 184
133 196
134 181
134 260
134 261
135 179
135 201
135 214
136 288
136 292
137 150
137 186
138 203
138 206
139 148
139 159
139 270
140 163
140 239
140 247
141 155
141 196
141 222
141 299
142 248
142 294
143 187
143 190
144 182
144 188
144 227
144 231
145 180
145 198
145 229
145 275
146 188
146 215
146 293
147 241
148 156
148 175
148 247
149 174
149 212
149 216
150 243
150 294
151 222
151 234
151 237
151 256
152 160
152 296
153 246
154 157
154 250
155 193
155 199
155 247
155 269
156 260
156 278
157 174
157 283
158 163
158 190
158 249
158 292
159 266
160 263
161 175
161 196
161 211
162 192
162 225
162 252
163 174
163 189
164 232
164 267
165 172
165 296
166 199
167 190
168 204
169 187
169 299
170 207
170 228
170 232
170 266
171 200
171 234
171 254
171 268
172 181
172 200
172 233
173 274
174 199
174 245
174 299
175 247
176 194
176 288
177 243
177 294
179 185
179 198
179 200
179 234
179 278
181 288
183 246
184 211
186 205
186 221
186 236
186 261
188 297
189 191
189 299
190 299
192 201
192 208
193 226
193 247
193 271
193 275
195 249
196 289
197 258
197 299
198 271
201 261
202 226
202 235
202 258
202 261
202 286
203 205
203 231
203 290
204 232
205 225
205 255
205 267
206 236
206 239
206 251
206 261
206 278
206 290
207 226
207 259
207 283
208 210
208 229
208 291
209 259
209 268
209 283
210 232
212 213
212 237
212 253
214 290
215 243
216 296
217 233
217 299
218 290
219 281
219 289
222 264
222 285
223 235
224 234
224 295
225 272
226 248
228 272
229 262
233 252
234 252
234 285
234 286
235 286
236 255
237 280
238 292
239 277
239 293
240 254
240 287
241 246
241 261
242 267
243 287
245 282
245 297
248 263
248 282
252 278
252 285
253 259
253 283
254 260
257 278
260 273
262 277
265 291
269 287
273 275
279 288
280 289
282 284
284 299
285 286
286 292
289 295
293 294
