300 3911
0 12
0 16
0 24
0 45
0 54
0 60
0 85
0 96
0 102
0 106
0 107
0 120
0 128
0 140
0 165
0 166
0 171
0 174
0 176
0 192
0 194
0 212
0 215
0 222
0 230
0 248
0 254
0 260
0 262
0 288
1 17
1 20
1 26
1 53
1 62
1 69
1 80
1 83
1 96
1 107
1 113
1 125
1 132
1 134
1 159
1 166
1 172
1 176
1 195
1 199
1 209
1 214
1 219
1 256
1 266
1 274
2 23
2 25
2 26
2 33
2 38
2 44
2 50
2 59
2 83
2 88
2 108
2 120
2 170
2 183
2 185
2 206
2 211
2 224
2 231
2 244
2 261
2 269
2 296
2 297
3 8
3 21
3 41
3 48
3 51
3 66
3 79
3 101
3 105
3 109
3 119
3 122
3 141
3 152
3 169
3 186
3 189
3 196
3 199
3 214
3 221
3 232
3 233
3 274
3 282
4 10
4 17
4 30
4 92
4 98
4 103
4 108
4 111
4 112
4 119
4 123
4 126
4 152
4 171
4 177
4 180
4 203
4 209
4 215
4 225
4 243
4 253
4 264
4 283
4 289
5 26
5 35
5 38
5 49
5 55
5 67
5 69
5 70
5 89
5 93
5 101
5 117
5 147
5 186
5 198
5 206
5 208
5 213
5 241
5 242
5 272
5 282
6 12
6 62
6 101
6 116
6 144
6 145
6 147
6 215
6 220
6 224
6 232
6 238
6 239
6 248
6 257
6 258
6 259
6 265
7 9
7 17
7 19
7 30
7 39
7 51
7 53
7 72
7 100
7 105
7 110
7 152
7 153
7 155
7 173
7 174
7 180
7 185
7 195
7 198
7 229
7 235
7 258
7 259
7 263
7 264
8 12
8 27
8 56
8 68
8 83
8 86
8 87
8 104
8 109
8 118
8 126
8 178
8 183
8 185
8 191
8 200
8 207
8 215
8 221
8 230
8 232
8 270
8 282
8 286
8 290
8 295
8 297
9 16
9 17
9 41
9 63
9 84
9 89
9 94
9 112
9 114
9 115
9 117
9 126
9 129
9 135
9 140
9 144
9 145
9 147
9 166
9 167
9 187
9 197
9 217
9 223
9 225
9 257
9 262
9 283
9 287
9 294
9 295
10 22
10 32
10 41
10 58
10 59
10 63
10 65
10 67
10 74
10 80
10 93
10 107
10 114
10 126
10 128
10 151
10 163
10 164
10 171
10 174
10 189
10 196
10 214
10 230
10 233
10 237
10 244
10 267
10 299
11 34
11 37
11 54
11 55
11 61
11 68
11 74
11 94
11 107
11 125
11 133
11 137
11 152
11 153
11 157
11 169
11 172
11 180
11 202
11 204
11 236
11 257
11 258
11 262
11 265
11 266
11 271
11 281
11 285
11 293
11 294
12 42
12 59
12 65
12 73
12 82
12 101
12 102
12 137
12 146
12 148
12 159
12 166
12 174
12 185
12 188
12 193
12 225
12 238
12 245
12 256
12 259
12 270
12 297
13 33
13 44
13 53
13 83
13 85
13 91
13 101
13 111
13 112
13 138
13 152
13 173
13 205
13 206
13 233
13 239
13 283
13 297
14 26
14 29
14 34
14 36
14 59
14 62
14 63
14 72
14 76
14 79
14 102
14 105
14 108
14 112
14 165
14 167
14 170
14 172
14 193
14 195
14 200
14 204
14 217
14 220
14 233
14 245
14 247
14 252
14 274
14 277
14 280
15 16
15 48
15 77
15 80
15 84
15 92
15 95
15 100
15 111
15 113
15 122
15 142
15 158
15 161
15 178
15 188
15 200
15 204
15 212
15 219
15 238
15 244
15 245
15 254
15 257
15 258
15 273
15 284
15 293
15 296
16 22
16 26
16 33
16 37
16 38
16 39
16 41
16 45
16 47
16 63
16 73
16 81
16 84
16 95
16 116
16 141
16 148
16 164
16 166
16 180
16 191
16 202
16 210
16 216
16 228
16 234
16 244
16 254
16 267
16 290
17 33
17 40
17 50
17 62
17 69
17 89
17 93
17 129
17 139
17 146
17 149
17 160
17 161
17 171
17 181
17 186
17 190
17 192
17 197
17 212
17 216
17 242
17 246
17 248
17 258
17 260
17 293
17 299
18 59
18 66
18 69
18 75
18 96
18 97
18 107
18 108
18 117
18 123
18 124
18 147
18 156
18 160
18 162
18 163
18 166
18 170
18 182
18 189
18 204
18 207
18 220
18 225
18 234
18 241
18 254
18 260
18 264
18 288
18 290
18 297
18 298
19 45
19 67
19 123
19 135
19 139
19 147
19 166
19 177
19 217
19 240
19 257
19 259
19 260
19 264
19 276
19 283
19 291
19 293
20 30
20 73
20 81
20 121
20 138
20 150
20 152
20 157
20 160
20 164
20 168
20 190
20 194
20 202
20 204
20 212
20 218
20 240
20 242
20 257
20 259
21 32
21 61
21 78
21 95
21 100
21 118
21 121
21 124
21 132
21 160
21 161
21 188
21 210
21 220
21 230
21 237
21 247
21 262
21 284
21 299
22 33
22 47
22 48
22 54
22 63
22 71
22 77
22 99
22 106
22 117
22 124
22 144
22 149
22 151
22 176
22 193
22 230
22 241
22 245
22 278
22 284
23 29
23 32
23 39
23 40
23 50
23 70
23 79
23 100
23 101
23 120
23 174
23 177
23 180
23 199
23 203
23 204
23 218
23 219
23 220
24 42
24 72
24 75
24 82
24 107
24 116
24 130
24 141
24 152
24 158
24 169
24 170
24 180
24 197
24 209
24 285
24 286
24 290
25 47
25 52
25 56
25 85
25 98
25 105
25 112
25 134
25 139
25 159
25 173
25 178
25 194
25 207
25 213
25 217
25 225
25 241
25 243
25 246
25 282
25 294
26 41
26 50
26 107
26 109
26 117
26 119
26 140
26 142
26 152
26 162
26 190
26 207
26 214
26 216
26 233
26 251
26 265
26 278
26 284
26 292
27 28
27 31
27 59
27 90
27 104
27 115
27 123
27 132
27 138
27 146
27 148
27 159
27 160
27 163
27 164
27 166
27 169
27 220
27 237
27 271
27 278
27 280
27 281
27 295
28 52
28 60
28 94
28 96
28 106
28 129
28 142
28 146
28 147
28 151
28 156
28 159
28 180
28 189
28 227
28 258
28 269
28 285
28 296
29 34
29 36
29 88
29 92
29 99
29 102
29 105
29 106
29 115
29 134
29 155
29 156
29 160
29 169
29 170
29 201
29 209
29 214
29 275
29 277
29 296
29 297
30 47
30 59
30 68
30 71
30 76
30 84
30 99
30 102
30 116
30 120
30 127
30 158
30 178
30 188
30 189
30 194
30 199
30 203
30 221
30 224
30 246
30 253
30 255
30 280
30 284
30 285
31 35
31 42
31 78
31 92
31 95
31 136
31 138
31 154
31 168
31 206
31 211
31 222
31 224
31 225
31 242
31 270
31 291
32 33
32 39
32 44
32 47
32 69
32 133
32 149
32 172
32 191
32 196
32 231
32 245
32 255
32 262
32 268
32 275
32 277
32 282
32 294
33 36
33 40
33 44
33 49
33 50
33 54
33 85
33 92
33 96
33 113
33 119
33 141
33 156
33 164
33 175
33 192
33 194
33 216
33 224
33 284
33 292
33 295
34 35
34 40
34 52
34 69
34 92
34 95
34 101
34 106
34 109
34 140
34 148
34 160
34 218
34 231
34 232
34 234
34 250
34 263
35 39
35 62
35 63
35 87
35 97
35 119
35 120
35 146
35 156
35 159
35 166
35 168
35 169
35 170
35 174
35 190
35 195
35 196
35 202
35 214
35 239
35 274
35 275
35 276
35 285
36 43
36 45
36 52
36 62
36 65
36 79
36 89
36 100
36 115
36 126
36 160
36 165
36 167
36 170
36 211
36 218
36 220
36 231
36 232
36 250
36 261
36 265
36 296
37 46
37 67
37 128
37 136
37 144
37 149
37 151
37 180
37 181
37 208
37 210
37 240
37 257
37 273
37 275
38 52
38 63
38 71
38 84
38 89
38 94
38 108
38 119
38 132
38 161
38 170
38 193
38 221
38 233
38 235
38 240
38 243
38 257
38 262
38 270
39 65
39 78
39 88
39 108
39 116
39 118
39 119
39 176
39 182
39 192
39 206
39 220
39 227
39 235
39 260
39 268
39 271
39 282
40 44
40 45
40 50
40 51
40 54
40 57
40 69
40 70
40 74
40 83
40 94
40 105
40 136
40 138
40 150
40 162
40 173
40 192
40 196
40 226
40 228
40 276
40 288
41 69
41 70
41 78
41 93
41 97
41 103
41 110
41 120
41 149
41 157
41 179
41 181
41 202
41 206
41 249
41 270
41 280
41 284
41 292
41 297
42 48
42 78
42 107
42 118
42 135
42 162
42 163
42 187
42 191
42 194
42 195
42 203
42 229
42 232
42 239
42 257
42 269
42 290
43 52
43 53
43 64
43 79
43 84
43 108
43 113
43 118
43 119
43 129
43 139
43 146
43 169
43 172
43 182
43 189
43 230
43 236
43 243
43 272
43 273
43 277
43 289
43 294
44 50
44 63
44 80
44 84
44 93
44 96
44 108
44 109
44 114
44 119
44 128
44 147
44 151
44 156
44 166
44 188
44 197
44 213
44 224
44 231
44 236
44 237
44 254
44 276
44 285
45 46
45 47
45 48
45 52
45 58
45 65
45 77
45 81
45 82
45 85
45 108
45 112
45 116
45 138
45 140
45 146
45 150
45 154
45 156
45 164
45 176
45 178
45 195
45 205
45 212
45 232
45 237
45 254
45 256
45 273
45 276
45 279
46 58
46 105
46 116
46 124
46 130
46 133
46 141
46 149
46 155
46 160
46 170
46 174
46 188
46 193
46 204
46 221
46 225
46 234
46 237
46 239
46 247
46 256
46 265
46 266
46 270
47 58
47 67
47 72
47 77
47 80
47 101
47 109
47 114
47 165
47 166
47 177
47 178
47 181
47 186
47 218
47 223
47 244
47 255
47 256
47 262
47 265
47 276
47 299
48 80
48 86
48 94
48 96
48 110
48 114
48 122
48 125
48 133
48 141
48 144
48 157
48 222
48 254
48 259
48 266
48 297
49 50
49 55
49 102
49 114
49 116
49 120
49 134
49 139
49 144
49 145
49 172
49 182
49 188
49 192
49 208
49 215
49 216
49 217
49 235
49 237
49 270
49 274
49 279
49 289
50 52
50 57
50 94
50 99
50 105
50 122
50 153
50 168
50 175
50 199
50 211
50 216
50 222
50 229
50 238
50 254
50 256
50 293
51 62
51 74
51 82
51 90
51 99
51 101
51 135
51 163
51 167
51 182
51 201
51 204
51 218
51 225
51 227
51 246
51 251
51 254
51 265
52 53
52 56
52 92
52 112
52 121
52 125
52 143
52 148
52 150
52 160
52 166
52 169
52 170
52 180
52 194
52 228
52 234
52 236
52 254
52 259
52 283
53 59
53 62
53 68
53 71
53 75
53 78
53 100
53 116
53 131
53 140
53 142
53 161
53 163
53 178
53 179
53 200
53 205
53 222
53 251
53 256
53 260
53 292
54 84
54 93
54 96
54 97
54 98
54 107
54 111
54 117
54 128
54 150
54 161
54 172
54 173
54 182
54 194
54 210
54 217
54 228
54 257
54 265
54 268
54 285
54 292
55 85
55 105
55 107
55 142
55 148
55 171
55 173
55 195
55 196
55 215
55 223
55 233
55 251
55 267
55 270
55 284
55 294
55 299
56 57
56 97
56 100
56 107
56 115
56 141
56 147
56 165
56 193
56 202
56 203
56 204
56 228
56 244
56 259
56 276
56 289
56 294
57 62
57 75
57 85
57 100
57 116
57 137
57 138
57 150
57 184
57 200
57 206
57 218
57 232
57 238
57 281
58 71
58 76
58 101
58 120
58 124
58 134
58 135
58 145
58 155
58 162
58 182
58 197
58 202
58 212
58 218
58 220
58 231
58 248
58 249
58 252
58 283
59 75
59 80
59 89
59 91
59 104
59 107
59 111
59 124
59 125
59 128
59 149
59 158
59 168
59 176
59 187
59 205
59 206
59 217
59 224
59 236
59 239
59 266
59 280
60 62
60 64
60 68
60 85
60 89
60 91
60 105
60 114
60 121
60 145
60 149
60 170
60 172
60 176
60 179
60 181
60 182
60 186
60 194
60 201
60 213
60 215
60 223
60 231
60 246
60 251
60 258
60 271
60 281
60 290
60 295
60 298
61 66
61 93
61 117
61 128
61 142
61 152
61 155
61 159
61 163
61 166
61 175
61 177
61 181
61 184
61 204
61 216
61 233
61 234
61 237
61 239
61 253
61 259
61 269
62 67
62 78
62 80
62 95
62 107
62 135
62 142
62 143
62 157
62 163
62 165
62 182
62 222
62 235
62 237
62 241
62 247
62 269
62 270
62 275
63 93
63 94
63 116
63 145
63 163
63 191
63 197
63 200
63 218
63 225
63 227
63 228
63 236
63 262
63 270
63 282
63 294
64 72
64 79
64 89
64 131
64 135
64 148
64 178
64 193
64 195
64 203
64 205
64 209
64 210
64 225
64 229
64 233
64 251
64 269
64 278
64 291
65 105
65 114
65 128
65 137
65 154
65 160
65 171
65 192
65 197
65 220
65 230
65 245
65 256
65 276
65 293
66 67
66 79
66 86
66 102
66 104
66 111
66 127
66 142
66 148
66 155
66 158
66 165
66 169
66 170
66 187
66 193
66 198
66 201
66 203
66 205
66 209
66 214
66 216
66 217
66 224
66 234
66 250
66 266
66 292
67 68
67 81
67 92
67 135
67 148
67 149
67 161
67 167
67 169
67 173
67 177
67 181
67 184
67 192
67 206
67 213
67 214
67 229
67 239
67 241
67 252
67 256
67 257
67 260
67 269
67 274
67 278
67 279
67 283
67 299
68 69
68 91
68 96
68 106
68 116
68 120
68 125
68 131
68 136
68 147
68 153
68 157
68 201
68 205
68 224
68 236
68 245
68 247
68 249
68 277
68 283
68 287
68 288
68 298
69 70
69 72
69 85
69 90
69 99
69 102
69 111
69 126
69 129
69 149
69 165
69 166
69 167
69 187
69 192
69 208
69 218
69 223
69 225
69 261
70 82
70 83
70 84
70 88
70 123
70 143
70 153
70 157
70 158
70 170
70 179
70 185
70 201
70 228
70 239
70 256
70 285
70 298
70 299
71 75
71 81
71 85
71 94
71 121
71 122
71 128
71 152
71 156
71 176
71 177
71 180
71 207
71 211
71 212
71 241
71 243
71 272
72 88
72 92
72 110
72 125
72 135
72 143
72 164
72 175
72 182
72 220
72 234
72 242
72 263
72 266
72 269
72 290
72 291
72 296
73 74
73 125
73 130
73 135
73 141
73 149
73 154
73 164
73 169
73 173
73 183
73 186
73 203
73 218
73 221
73 226
73 227
73 242
73 260
73 279
73 284
73 288
73 297
74 81
74 82
74 88
74 93
74 113
74 129
74 135
74 164
74 172
74 182
74 185
74 205
74 208
74 232
74 260
74 272
74 274
74 285
75 84
75 89
75 94
75 96
75 102
75 123
75 127
75 134
75 142
75 161
75 186
75 187
75 203
75 209
75 218
75 245
75 247
75 262
75 270
75 273
75 281
76 97
76 102
76 103
76 109
76 118
76 126
76 140
76 146
76 163
76 165
76 168
76 172
76 178
76 221
76 222
76 224
76 233
76 241
76 243
76 250
76 272
76 286
76 287
77 87
77 88
77 108
77 110
77 119
77 133
77 141
77 144
77 167
77 171
77 180
77 184
77 187
77 211
77 248
77 249
77 269
77 271
77 273
77 282
77 294
77 295
78 111
78 115
78 155
78 163
78 166
78 171
78 194
78 196
78 208
78 215
78 216
78 217
78 224
78 226
78 230
78 248
78 257
78 266
78 270
78 275
78 279
78 294
79 83
79 87
79 114
79 127
79 131
79 136
79 137
79 160
79 164
79 187
79 208
79 209
79 260
79 273
79 291
80 90
80 97
80 100
80 104
80 130
80 150
80 157
80 160
80 164
80 166
80 180
80 185
80 201
80 202
80 206
80 212
80 213
80 256
80 265
81 129
81 136
81 161
81 167
81 177
81 188
81 197
81 219
81 288
82 87
82 95
82 108
82 129
82 137
82 160
82 169
82 174
82 177
82 182
82 183
82 198
82 219
82 229
82 233
82 243
82 248
82 249
82 281
82 284
82 295
83 103
83 105
83 110
83 116
83 119
83 124
83 126
83 151
83 169
83 185
83 192
83 202
83 206
83 209
83 217
83 220
83 232
83 235
83 253
83 274
83 276
83 277
83 291
84 102
84 108
84 112
84 121
84 123
84 137
84 140
84 143
84 155
84 162
84 170
84 179
84 193
84 202
84 213
84 215
84 229
84 235
84 248
84 258
84 259
84 260
84 270
84 283
84 286
84 290
85 96
85 111
85 116
85 117
85 118
85 129
85 138
85 150
85 181
85 205
85 219
85 220
85 224
85 226
85 238
85 243
85 248
85 250
85 257
85 271
86 87
86 101
86 112
86 125
86 153
86 155
86 169
86 172
86 178
86 247
86 256
86 281
86 297
87 101
87 102
87 118
87 129
87 145
87 160
87 161
87 166
87 171
87 187
87 198
87 206
87 208
87 211
87 212
87 214
87 215
87 230
87 231
87 247
87 266
87 269
87 280
87 285
88 104
88 119
88 121
88 130
88 159
88 169
88 172
88 174
88 177
88 197
88 200
88 211
88 218
88 220
88 221
88 223
88 224
88 229
88 244
88 249
88 256
88 265
89 93
89 97
89 103
89 113
89 121
89 124
89 127
89 131
89 169
89 176
89 184
89 188
89 192
89 193
89 203
89 211
89 225
89 228
89 230
89 239
89 244
89 254
89 265
89 269
89 278
89 294
90 92
90 124
90 141
90 142
90 173
90 187
90 225
90 228
90 229
90 234
90 239
90 243
90 253
90 271
90 281
90 295
90 299
91 95
91 133
91 134
91 150
91 151
91 155
91 166
91 179
91 183
91 188
91 192
91 200
91 210
91 226
91 236
91 238
91 241
91 254
91 257
91 274
91 275
91 293
91 298
92 105
92 117
92 120
92 141
92 157
92 166
92 171
92 172
92 175
92 177
92 186
92 187
92 196
92 199
92 210
92 211
92 223
92 231
92 245
92 249
92 251
92 258
92 272
92 275
92 292
93 95
93 121
93 166
93 179
93 180
93 182
93 185
93 190
93 206
93 214
93 241
93 267
93 268
93 286
94 107
94 111
94 117
94 127
94 130
94 131
94 132
94 144
94 159
94 166
94 170
94 171
94 172
94 191
94 216
94 217
94 247
94 249
94 278
95 116
95 120
95 143
95 150
95 166
95 180
95 195
95 205
95 216
95 234
95 265
96 114
96 115
96 125
96 129
96 130
96 157
96 174
96 191
96 195
96 196
96 209
96 228
96 234
96 247
96 249
96 267
96 272
96 281
96 297
97 109
97 110
97 143
97 144
97 154
97 155
97 183
97 212
97 245
97 270
97 290
97 293
97 296
98 103
98 128
98 149
98 156
98 162
98 167
98 174
98 189
98 203
98 205
98 224
98 231
98 242
98 268
98 282
98 289
98 297
99 128
99 138
99 163
99 174
99 194
99 195
99 199
99 210
99 230
99 236
99 238
99 239
99 240
99 255
99 262
99 265
99 273
99 278
100 109
100 123
100 124
100 127
100 128
100 142
100 149
100 175
100 192
100 212
100 220
100 227
100 231
100 257
100 277
101 108
101 137
101 141
101 178
101 182
101 186
101 193
101 198
101 200
101 207
101 211
101 218
101 221
101 222
101 224
101 235
101 247
101 253
101 265
101 267
102 133
102 143
102 176
102 181
102 191
102 204
102 219
102 220
102 239
102 251
102 257
102 261
102 292
103 107
103 111
103 113
103 117
103 123
103 135
103 141
103 155
103 172
103 181
103 206
103 210
103 211
103 229
103 232
103 240
103 242
103 265
104 115
104 120
104 125
104 129
104 131
104 145
104 159
104 178
104 208
104 220
104 225
104 231
104 248
104 250
104 252
104 254
104 258
104 260
104 296
105 108
105 146
105 147
105 152
105 153
105 168
105 173
105 179
105 198
105 200
105 203
105 208
105 232
105 234
105 286
105 298
106 112
106 114
106 133
106 158
106 160
106 185
106 190
106 191
106 205
106 213
106 229
106 230
106 246
106 248
106 261
106 267
106 268
106 277
106 284
106 294
106 295
106 297
107 110
107 125
107 131
107 132
107 160
107 168
107 175
107 176
107 193
107 197
107 203
107 216
107 229
107 232
107 234
107 239
107 241
107 243
107 248
107 249
107 250
107 255
107 285
107 294
108 120
108 146
108 159
108 174
108 176
108 184
108 195
108 201
108 208
108 211
108 233
108 242
108 252
108 268
108 288
108 290
109 113
109 119
109 186
109 203
109 209
109 236
109 244
109 250
109 260
109 262
109 291
110 140
110 169
110 172
110 177
110 202
110 241
110 245
110 262
110 274
110 282
111 121
111 123
111 143
111 144
111 150
111 152
111 153
111 195
111 196
111 200
111 202
111 204
111 208
111 216
111 228
111 263
111 270
111 273
111 278
111 286
111 289
111 296
112 119
112 130
112 133
112 137
112 143
112 145
112 147
112 148
112 149
112 155
112 157
112 161
112 163
112 174
112 175
112 189
112 193
112 220
112 232
112 233
112 248
112 250
112 255
112 267
112 269
112 284
112 290
113 117
113 123
113 144
113 146
113 155
113 161
113 177
113 181
113 220
113 224
113 239
113 248
113 262
114 116
114 118
114 128
114 129
114 138
114 203
114 207
114 238
114 250
114 264
114 276
115 127
115 128
115 143
115 146
115 216
115 223
115 227
115 254
115 264
115 297
116 119
116 124
116 132
116 147
116 162
116 192
116 231
116 236
116 243
116 245
116 263
116 267
116 299
117 127
117 130
117 161
117 169
117 173
117 195
117 196
117 225
117 226
117 234
117 239
117 270
117 285
117 291
117 298
118 121
118 137
118 138
118 139
118 153
118 156
118 168
118 170
118 174
118 181
118 183
118 198
118 214
118 219
118 226
118 245
118 260
118 264
118 265
118 267
118 276
118 277
118 283
118 295
119 124
119 134
119 138
119 142
119 155
119 166
119 208
119 218
119 220
119 228
119 250
119 287
119 288
119 299
120 122
120 127
120 161
120 203
120 204
120 208
120 217
120 220
120 232
120 236
120 249
120 275
121 151
121 169
121 170
121 173
121 183
121 191
121 195
121 228
121 243
121 248
121 253
121 260
121 273
121 291
121 292
122 126
122 128
122 129
122 147
122 152
122 181
122 185
122 196
122 198
122 212
122 221
122 261
122 262
122 285
122 291
122 298
123 131
123 159
123 161
123 166
123 168
123 231
123 242
123 286
123 295
123 297
124 129
124 154
124 158
124 176
124 191
124 198
124 252
124 253
124 254
124 262
124 266
124 291
124 299
125 141
125 150
125 153
125 175
125 176
125 199
125 201
125 211
125 224
125 244
125 263
125 269
125 271
125 282
125 286
125 296
126 145
126 153
126 160
126 193
126 195
126 197
126 203
126 209
126 212
126 214
126 224
126 231
126 235
126 236
126 242
126 248
126 254
126 277
126 278
127 134
127 162
127 167
127 174
127 178
127 188
127 192
127 193
127 200
127 207
127 229
127 238
127 242
127 271
127 274
127 297
128 130
128 150
128 153
128 156
128 193
128 200
128 215
128 216
128 234
128 253
128 261
128 269
128 273
128 274
128 277
128 279
128 282
128 287
128 294
128 297
129 142
129 146
129 147
129 149
129 153
129 171
129 176
129 189
129 217
129 232
129 236
129 238
129 239
129 243
129 254
129 259
129 282
130 133
130 135
130 164
130 165
130 169
130 222
130 233
130 238
130 250
130 258
130 270
130 271
130 274
130 278
131 134
131 151
131 165
131 188
131 193
131 196
131 206
131 213
131 224
131 237
131 264
131 276
131 284
131 295
131 296
132 144
132 156
132 204
132 210
132 231
132 236
132 246
132 251
132 263
132 268
133 136
133 139
133 153
133 164
133 165
133 170
133 177
133 212
133 216
133 221
133 225
133 235
133 236
133 246
133 252
133 260
133 275
133 279
133 295
133 296
134 136
134 153
134 158
134 160
134 168
134 170
134 181
134 229
134 247
134 261
134 266
134 290
134 297
135 148
135 153
135 179
135 192
135 201
135 222
135 240
135 271
135 280
135 287
136 139
136 168
136 184
136 185
136 201
136 209
136 221
136 222
136 260
136 261
136 282
136 286
137 144
137 146
137 152
137 176
137 181
137 186
137 190
137 201
137 213
137 219
137 230
137 232
137 237
137 239
137 242
137 246
137 247
137 254
137 259
137 276
138 153
138 160
138 166
138 180
138 200
138 206
138 210
138 234
138 239
138 246
138 280
138 285
139 169
139 170
139 172
139 176
139 183
139 188
139 196
139 224
139 242
139 264
139 272
139 296
140 163
140 170
140 185
140 195
140 197
140 211
140 222
140 234
140 257
140 273
140 283
140 290
141 154
141 161
141 201
141 213
141 219
141 226
141 278
142 147
142 158
142 159
142 171
142 186
142 199
142 204
142 207
142 216
142 223
142 224
142 229
142 246
142 249
142 255
142 284
142 288
143 148
143 196
143 242
143 262
143 268
143 285
143 287
144 150
144 159
144 182
144 194
144 196
144 197
144 198
144 218
144 222
144 249
144 256
144 259
144 263
144 291
144 294
145 152
145 182
145 197
145 200
145 238
145 243
145 266
145 273
145 274
145 276
145 279
145 282
145 288
145 293
145 298
146 154
146 178
146 184
146 189
146 195
146 198
146 218
146 222
146 232
146 236
146 256
146 277
146 285
147 192
147 208
147 218
147 244
147 249
147 259
147 262
147 270
147 290
147 292
147 296
148 149
148 164
148 169
148 176
148 178
148 189
148 199
148 206
148 210
148 217
148 245
148 261
148 269
148 273
148 277
149 175
149 176
149 182
149 191
149 200
149 251
149 254
149 260
149 292
150 168
150 175
150 183
150 188
150 202
150 204
150 205
150 243
150 245
150 248
150 253
150 254
150 258
150 260
150 264
150 273
150 287
150 293
151 156
151 167
151 185
151 186
151 197
151 202
151 203
151 205
151 215
151 217
151 221
151 226
151 228
151 264
151 265
151 270
151 294
151 298
152 154
152 159
152 173
152 175
152 177
152 180
152 203
152 207
152 234
152 236
152 250
152 257
152 271
152 278
152 282
152 286
152 287
152 297
152 298
153 165
153 167
153 177
153 181
153 204
153 205
153 213
153 221
153 223
153 227
153 233
153 267
154 167
154 169
154 178
154 179
154 197
154 214
154 225
154 226
154 260
154 274
154 283
154 296
155 158
155 172
155 188
155 195
155 206
155 209
155 210
155 219
155 265
155 269
155 271
155 273
155 290
155 295
156 160
156 166
156 173
156 183
156 185
156 189
156 199
156 200
156 201
156 202
156 212
156 232
157 161
157 162
157 166
157 174
157 187
157 202
157 210
157 211
157 231
157 239
157 244
157 258
157 274
157 282
158 163
158 166
158 189
158 202
158 210
158 219
158 220
158 231
158 237
158 245
158 250
158 267
158 281
158 286
159 171
159 176
159 178
159 188
159 191
159 192
159 204
159 227
159 232
159 254
159 261
159 265
159 290
160 173
160 187
160 196
160 249
161 165
161 171
161 194
161 206
161 208
161 230
161 247
161 248
161 266
161 277
161 289
161 299
162 166
162 194
162 196
162 197
162 273
162 279
162 284
162 293
163 176
163 185
163 200
163 203
163 214
163 217
163 220
163 221
163 250
163 263
163 283
164 172
164 199
164 208
164 210
164 217
164 228
164 234
164 235
164 246
164 279
164 282
165 177
165 189
165 192
165 193
165 200
165 214
165 226
165 237
165 242
165 259
165 261
165 266
165 272
165 274
165 284
165 299
166 176
166 200
166 205
166 229
166 237
166 259
166 284
166 297
167 171
167 173
167 190
167 191
167 206
167 209
167 213
167 222
167 228
167 235
167 254
167 271
167 275
167 285
167 297
167 299
168 180
168 184
168 223
168 234
168 251
168 253
168 270
169 170
169 181
169 192
169 198
169 211
169 242
169 257
169 269
169 283
169 288
169 296
170 171
170 178
170 186
170 198
170 202
170 205
170 219
170 226
170 232
170 251
170 255
170 269
170 274
170 276
170 280
170 281
170 282
171 178
171 184
171 192
171 204
171 207
171 212
171 257
171 259
171 274
171 285
171 294
172 181
172 185
172 208
172 231
172 245
172 249
172 255
172 264
172 270
172 284
173 188
173 219
173 227
173 274
173 276
173 277
173 287
174 177
174 178
174 180
174 186
174 187
174 194
174 199
174 231
174 235
174 240
174 256
174 260
174 262
174 264
174 266
174 285
174 299
175 179
175 203
175 210
175 214
175 223
175 226
175 230
175 231
175 238
175 260
175 281
175 286
175 288
175 292
175 294
176 185
176 189
176 193
176 207
176 222
176 241
176 246
176 255
176 258
176 261
176 265
176 266
176 292
177 192
177 194
177 196
177 219
177 231
177 233
177 236
177 239
177 270
177 276
177 283
177 288
177 292
177 293
177 299
178 185
178 199
178 202
178 211
178 224
178 228
178 235
178 248
178 253
178 257
178 266
178 270
178 273
178 285
178 293
179 188
179 190
179 199
179 207
179 209
179 214
179 222
179 231
179 234
179 254
179 258
179 264
179 272
179 279
179 296
180 215
180 218
180 219
180 227
180 247
180 258
180 265
180 268
180 274
180 285
180 288
180 298
181 182
181 189
181 202
181 204
181 220
181 227
181 240
181 246
181 252
181 266
181 283
182 198
182 203
182 206
182 232
182 244
182 247
182 248
182 285
182 295
182 299
183 191
183 230
183 231
183 252
183 255
183 298
184 195
184 208
184 210
184 219
184 228
184 232
184 238
184 266
184 269
184 274
184 281
184 289
185 200
185 219
185 220
185 229
185 233
185 237
185 239
185 247
185 289
185 293
186 190
186 223
186 226
186 237
186 260
186 280
186 292
186 299
187 194
187 210
187 247
187 264
187 268
187 276
187 287
187 289
187 297
188 209
188 220
188 226
188 231
188 234
188 239
188 251
188 256
188 260
188 274
188 276
188 277
189 198
189 204
189 241
189 250
189 260
189 262
189 273
189 274
189 281
190 197
190 203
190 217
190 232
190 242
190 252
190 257
190 260
190 293
190 295
191 192
191 216
191 219
191 224
191 228
191 244
191 272
191 295
191 299
192 209
192 221
192 232
192 243
192 258
192 263
192 265
192 281
193 202
193 206
193 211
193 232
193 280
193 281
194 226
194 231
194 241
194 243
194 279
194 292
195 202
195 212
195 214
195 232
195 254
195 255
195 258
195 278
195 283
195 288
196 199
196 208
196 215
196 224
196 226
196 266
196 277
196 284
196 287
196 297
196 299
197 214
197 230
197 235
197 270
197 277
197 293
198 205
198 223
198 243
198 251
198 266
198 280
198 286
198 297
199 202
199 221
199 223
199 235
199 237
199 288
200 202
200 203
200 209
200 216
200 221
200 222
200 223
200 234
200 257
200 261
200 266
200 272
200 281
200 293
200 294
201 215
201 227
201 254
201 261
201 280
201 288
201 295
201 296
202 204
202 210
202 245
202 267
202 270
203 207
203 209
203 213
203 220
203 224
203 232
203 238
203 253
203 265
203 281
203 291
204 209
204 224
204 225
204 257
204 268
205 217
205 224
205 235
205 252
205 271
205 294
206 207
206 211
206 247
206 256
206 259
206 260
206 270
206 281
206 283
206 293
206 295
207 211
207 230
207 234
207 241
207 249
207 260
207 271
207 279
207 280
207 282
207 287
208 230
208 240
208 263
208 279
208 283
208 297
209 211
209 216
209 221
209 227
209 243
209 250
209 271
209 275
209 285
209 287
209 299
210 220
210 230
210 241
210 244
210 283
210 289
210 293
211 212
211 219
211 222
211 226
211 235
211 242
211 245
211 263
211 280
211 289
211 290
211 296
212 242
212 252
212 262
212 266
212 274
212 278
213 232
213 239
213 277
213 290
213 292
214 222
214 233
214 245
214 252
214 270
214 294
214 299
215 250
215 253
215 258
215 266
215 268
215 281
216 217
216 227
216 228
216 229
216 245
216 254
216 291
216 298
217 228
217 240
217 246
217 248
217 273
217 289
218 225
218 227
218 254
218 258
218 267
218 271
218 278
219 229
219 273
219 274
219 296
220 269
220 275
220 278
221 227
221 230
221 251
221 252
221 255
221 261
221 270
221 275
221 296
222 223
222 231
222 244
222 254
222 260
222 264
222 294
223 252
223 273
224 226
224 237
224 240
224 246
224 247
224 264
224 270
224 278
224 293
225 240
225 244
225 245
225 257
226 244
226 245
226 247
226 259
226 276
226 284
227 235
227 246
227 258
227 267
227 274
227 289
228 229
228 241
228 256
228 265
228 273
228 275
228 284
228 291
228 299
229 231
229 234
229 242
229 244
229 275
229 286
230 231
230 243
230 247
230 266
230 280
230 287
230 292
231 277
231 281
231 288
231 292
231 296
232 272
232 279
232 283
232 285
232 292
233 236
233 261
233 262
233 278
233 288
233 297
234 261
234 262
234 280
234 289
235 237
235 245
235 247
235 258
235 271
235 278
235 281
235 292
235 295
236 243
236 245
236 265
236 272
236 290
236 299
237 251
237 278
237 291
238 240
238 272
238 286
238 295
239 249
239 280
239 298
240 245
240 250
240 284
241 249
241 253
241 257
241 264
241 281
242 280
242 285
242 289
242 291
243 250
243 255
243 257
243 275
243 281
243 288
243 294
244 247
244 254
244 255
244 257
244 272
245 257
245 263
245 268
245 288
246 253
246 258
246 259
246 260
246 271
246 287
246 297
247 273
247 276
247 297
248 258
248 259
248 276
249 253
249 255
249 261
249 276
249 277
249 286
249 291
249 298
249 299
251 270
251 278
251 291
252 262
252 263
252 270
252 275
252 296
253 274
253 283
253 285
253 289
254 277
254 279
254 293
255 258
255 266
255 274
255 279
255 291
255 296
256 257
256 271
256 279
257 270
257 272
257 279
257 285
257 292
258 266
258 273
258 284
258 286
259 261
259 270
259 280
259 298
260 264
260 266
260 278
260 294
261 262
261 287
261 288
261 299
262 265
262 295
263 272
263 293
263 294
264 275
264 288
264 292
264 293
265 270
265 277
265 288
266 268
266 273
266 274
266 288
266 291
266 298
267 268
268 295
269 273
269 275
269 283
269 290
269 294
270 275
270 278
270 279
270 283
270 296
270 297
271 279
272 288
273 275
273 280
273 286
274 279
274 281
274 282
274 283
274 289
274 290
274 294
275 284
276 297
277 292
277 295
279 285
281 287
281 293
281 294
281 295
282 297
283 288
284 286
284 295
285 293
289 292
290 297
291 293
292 297
293 298
295 297
297 299
298 299
