300 9256
0 8
0 9
0 10
0 17
0 22
0 25
0 39
0 45
0 48
0 61
0 68
0 75
0 76
0 84
0 86
0 92
0 93
0 99
0 102
0 112
0 113
0 116
0 117
0 127
0 135
0 145
0 151
0 162
0 164
0 165
0 166
0 177
0 179
0 190
0 194
0 196
0 198
0 200
0 204
0 210
0 212
0 213
0 225
0 228
0 229
0 240
0 243
0 246
0 247
0 252
0 258
0 261
0 273
0 274
0 275
0 281
0 282
0 287
0 288
0 296
0 297
0 298
1 9
1 13
1 17
1 18
1 21
1 37
1 40
1 51
1 58
1 64
1 73
1 76
1 80
1 88
1 89
1 93
1 107
1 110
1 113
1 118
1 120
1 121
1 122
1 126
1 131
1 142
1 149
1 150
1 151
1 156
1 158
1 161
1 166
1 171
1 172
1 179
1 180
1 181
1 185
1 188
1 194
1 197
1 217
1 222
1 224
1 233
1 236
1 238
1 246
1 248
1 252
1 270
1 272
1 275
1 280
1 282
1 283
1 286
1 288
1 294
1 299
2 4
2 6
2 15
2 16
2 18
2 44
2 46
2 54
2 66
2 70
2 75
2 80
2 87
2 88
2 91
2 93
2 97
2 100
2 107
2 109
2 117
2 123
2 130
2 132
2 140
2 143
2 146
2 148
2 151
2 155
2 163
2 165
2 174
2 175
2 176
2 178
2 181
2 182
2 184
2 186
2 189
2 191
2 194
2 198
2 203
2 213
2 220
2 221
2 222
2 224
2 230
2 236
2 238
2 241
2 247
2 251
2 252
2 261
2 262
2 268
2 283
2 291
2 296
3 11
3 17
3 19
3 21
3 26
3 29
3 32
3 35
3 43
3 48
3 50
3 52
3 56
3 59
3 61
3 65
3 66
3 69
3 72
3 75
3 78
3 79
3 85
3 87
3 88
3 98
3 102
3 112
3 117
3 120
3 128
3 141
3 149
3 151
3 152
3 153
3 154
3 156
3 177
3 178
3 190
3 192
3 195
3 196
3 198
3 204
3 205
3 206
3 215
3 218
3 223
3 235
3 242
3 250
3 266
3 267
3 283
3 288
3 289
3 294
4 8
4 10
4 22
4 25
4 26
4 27
4 32
4 42
4 58
4 67
4 69
4 70
4 71
4 85
4 88
4 92
4 94
4 98
4 103
4 105
4 106
4 110
4 113
4 114
4 119
4 124
4 126
4 127
4 131
4 133
4 134
4 136
4 148
4 149
4 150
4 152
4 155
4 159
4 164
4 168
4 169
4 171
4 172
4 175
4 195
4 199
4 210
4 212
4 221
4 226
4 230
4 231
4 233
4 237
4 238
4 239
4 251
4 253
4 262
4 265
4 283
4 285
4 288
4 290
5 6
5 10
5 17
5 19
5 24
5 25
5 36
5 39
5 40
5 42
5 44
5 49
5 50
5 54
5 57
5 60
5 61
5 69
5 75
5 76
5 80
5 81
5 84
5 96
5 99
5 100
5 105
5 108
5 112
5 116
5 117
5 120
5 123
5 126
5 128
5 130
5 135
5 138
5 141
5 142
5 147
5 150
5 162
5 163
5 176
5 178
5 179
5 181
5 192
5 198
5 199
5 200
5 205
5 206
5 208
5 211
5 213
5 214
5 220
5 221
5 233
5 240
5 246
5 249
5 253
5 271
5 274
5 277
5 281
5 292
6 8
6 9
6 14
6 19
6 27
6 29
6 38
6 48
6 59
6 66
6 67
6 73
6 79
6 86
6 94
6 95
6 98
6 99
6 107
6 113
6 115
6 121
6 130
6 132
6 136
6 137
6 138
6 139
6 142
6 152
6 163
6 167
6 168
6 171
6 179
6 181
6 187
6 195
6 196
6 200
6 201
6 206
6 212
6 221
6 222
6 228
6 234
6 235
6 240
6 241
6 242
6 250
6 260
6 267
6 284
6 291
6 294
6 295
6 297
7 12
7 14
7 18
7 20
7 30
7 35
7 39
7 53
7 63
7 64
7 73
7 75
7 78
7 80
7 83
7 85
7 88
7 90
7 92
7 106
7 107
7 109
7 114
7 118
7 121
7 122
7 129
7 139
7 141
7 144
7 150
7 151
7 154
7 164
7 185
7 189
7 190
7 212
7 215
7 217
7 218
7 228
7 231
7 237
7 239
7 250
7 259
7 261
7 262
7 264
7 274
7 275
7 284
7 285
7 292
7 298
8 12
8 15
8 16
8 17
8 20
8 24
8 29
8 36
8 37
8 40
8 41
8 42
8 45
8 49
8 51
8 60
8 63
8 68
8 75
8 78
8 79
8 80
8 83
8 87
8 88
8 91
8 92
8 93
8 95
8 99
8 103
8 106
8 107
8 117
8 121
8 122
8 124
8 125
8 131
8 135
8 136
8 138
8 140
8 141
8 144
8 147
8 148
8 150
8 155
8 156
8 166
8 168
8 181
8 184
8 192
8 198
8 200
8 206
8 207
8 211
8 213
8 225
8 227
8 231
8 233
8 234
8 237
8 241
8 246
8 248
8 252
8 254
8 266
8 271
8 274
8 276
8 283
8 293
9 10
9 17
9 24
9 28
9 35
9 38
9 40
9 49
9 55
9 58
9 63
9 73
9 74
9 75
9 80
9 86
9 88
9 89
9 92
9 94
9 98
9 99
9 101
9 105
9 107
9 108
9 113
9 115
9 118
9 120
9 123
9 124
9 125
9 127
9 138
9 146
9 148
9 155
9 156
9 163
9 172
9 173
9 179
9 180
9 181
9 182
9 190
9 198
9 199
9 202
9 203
9 211
9 217
9 218
9 221
9 222
9 227
9 230
9 234
9 235
9 240
9 244
9 255
9 260
9 261
9 291
9 295
10 11
10 18
10 22
10 29
10 31
10 33
10 35
10 37
10 40
10 43
10 44
10 51
10 53
10 65
10 66
10 73
10 81
10 86
10 97
10 103
10 106
10 124
10 127
10 128
10 140
10 141
10 142
10 145
10 151
10 165
10 166
10 175
10 182
10 185
10 186
10 188
10 190
10 194
10 198
10 201
10 209
10 211
10 225
10 231
10 233
10 234
10 235
10 242
10 254
10 271
10 275
10 276
10 278
10 281
10 284
10 287
10 292
10 293
10 296
11 20
11 22
11 23
11 24
11 26
11 31
11 38
11 40
11 43
11 47
11 49
11 50
11 54
11 73
11 76
11 77
11 100
11 102
11 113
11 123
11 137
11 143
11 144
11 150
11 152
11 153
11 164
11 170
11 174
11 177
11 193
11 199
11 216
11 219
11 220
11 224
11 226
11 228
11 229
11 230
11 231
11 233
11 236
11 242
11 246
11 260
11 265
11 267
11 268
11 269
11 278
11 281
11 282
11 283
11 288
11 292
12 16
12 17
12 23
12 26
12 27
12 36
12 37
12 38
12 39
12 40
12 41
12 45
12 48
12 51
12 60
12 66
12 69
12 70
12 75
12 79
12 81
12 89
12 92
12 95
12 97
12 99
12 113
12 114
12 119
12 121
12 138
12 139
12 142
12 147
12 165
12 166
12 168
12 170
12 172
12 174
12 177
12 179
12 193
12 201
12 205
12 206
12 214
12 216
12 220
12 221
12 227
12 229
12 245
12 248
12 251
12 255
12 258
12 259
12 260
12 261
12 264
12 267
12 268
12 272
12 284
12 286
12 287
12 290
12 292
12 298
13 16
13 20
13 25
13 28
13 31
13 33
13 34
13 36
13 38
13 42
13 45
13 51
13 70
13 71
13 72
13 78
13 82
13 85
13 90
13 96
13 102
13 109
13 111
13 117
13 118
13 124
13 126
13 138
13 140
13 160
13 161
13 169
13 173
13 175
13 191
13 192
13 198
13 199
13 211
13 224
13 233
13 235
13 244
13 249
13 260
13 263
13 268
13 277
13 281
13 292
13 293
13 296
13 299
14 17
14 27
14 30
14 33
14 38
14 39
14 42
14 43
14 59
14 61
14 67
14 69
14 71
14 72
14 75
14 78
14 82
14 87
14 94
14 95
14 103
14 105
14 124
14 129
14 130
14 140
14 142
14 146
14 149
14 153
14 160
14 162
14 168
14 169
14 173
14 175
14 191
14 194
14 195
14 199
14 209
14 211
14 212
14 214
14 216
14 219
14 221
14 222
14 229
14 252
14 257
14 258
14 277
14 278
14 279
14 286
14 288
14 292
14 293
14 294
14 298
15 16
15 18
15 23
15 32
15 39
15 43
15 45
15 55
15 56
15 60
15 61
15 65
15 69
15 73
15 99
15 102
15 103
15 106
15 107
15 113
15 115
15 120
15 123
15 124
15 127
15 129
15 133
15 134
15 136
15 137
15 138
15 139
15 147
15 152
15 156
15 158
15 159
15 160
15 163
15 190
15 191
15 192
15 195
15 205
15 216
15 223
15 227
15 229
15 232
15 238
15 239
15 241
15 244
15 245
15 247
15 252
15 253
15 261
15 266
15 269
15 281
15 283
15 287
15 288
15 289
15 292
15 293
15 295
16 19
16 20
16 24
16 34
16 37
16 38
16 40
16 47
16 58
16 59
16 61
16 68
16 73
16 85
16 93
16 94
16 97
16 98
16 99
16 111
16 114
16 122
16 123
16 125
16 131
16 135
16 139
16 141
16 143
16 149
16 154
16 158
16 168
16 172
16 174
16 176
16 177
16 183
16 188
16 191
16 193
16 201
16 215
16 216
16 222
16 228
16 230
16 233
16 236
16 247
16 250
16 254
16 266
16 277
16 282
16 285
16 288
16 290
16 295
16 296
16 299
17 18
17 24
17 32
17 44
17 46
17 53
17 60
17 62
17 67
17 71
17 74
17 75
17 84
17 90
17 93
17 95
17 103
17 105
17 109
17 118
17 119
17 121
17 127
17 138
17 143
17 147
17 151
17 152
17 163
17 170
17 182
17 185
17 191
17 194
17 204
17 207
17 210
17 213
17 220
17 226
17 232
17 241
17 251
17 253
17 257
17 258
17 264
17 266
17 271
17 273
17 275
17 286
17 292
18 24
18 31
18 33
18 36
18 39
18 42
18 43
18 53
18 56
18 58
18 63
18 65
18 66
18 70
18 81
18 83
18 84
18 85
18 87
18 90
18 92
18 95
18 109
18 115
18 117
18 123
18 129
18 130
18 132
18 136
18 137
18 138
18 140
18 145
18 161
18 177
18 179
18 180
18 198
18 204
18 205
18 210
18 219
18 220
18 223
18 227
18 235
18 236
18 238
18 239
18 249
18 250
18 251
18 252
18 254
18 264
18 266
18 274
18 293
18 294
18 298
19 24
19 32
19 37
19 41
19 55
19 61
19 63
19 67
19 68
19 71
19 75
19 81
19 97
19 107
19 110
19 111
19 113
19 116
19 117
19 123
19 126
19 129
19 138
19 145
19 156
19 159
19 167
19 172
19 175
19 177
19 186
19 192
19 194
19 198
19 210
19 212
19 218
19 231
19 232
19 239
19 240
19 243
19 246
19 247
19 251
19 262
19 263
19 265
19 271
19 277
19 283
19 285
19 286
19 294
20 21
20 23
20 25
20 31
20 32
20 50
20 52
20 66
20 69
20 71
20 72
20 82
20 89
20 99
20 102
20 112
20 117
20 121
20 125
20 128
20 131
20 135
20 136
20 139
20 141
20 144
20 149
20 156
20 162
20 173
20 174
20 184
20 189
20 191
20 196
20 203
20 207
20 210
20 214
20 216
20 220
20 222
20 229
20 234
20 235
20 243
20 252
20 253
20 260
20 262
20 271
20 274
20 276
20 277
20 280
20 286
20 292
20 297
20 298
21 22
21 26
21 28
21 32
21 33
21 34
21 38
21 40
21 47
21 48
21 49
21 61
21 74
21 76
21 77
21 78
21 80
21 86
21 95
21 96
21 98
21 111
21 114
21 135
21 136
21 137
21 154
21 159
21 160
21 163
21 167
21 169
21 171
21 175
21 176
21 184
21 196
21 203
21 206
21 207
21 211
21 213
21 216
21 218
21 221
21 229
21 248
21 266
21 269
21 273
21 280
21 285
21 292
21 294
22 31
22 33
22 46
22 51
22 52
22 58
22 62
22 68
22 85
22 86
22 96
22 99
22 103
22 107
22 110
22 111
22 122
22 123
22 128
22 134
22 140
22 141
22 148
22 155
22 164
22 178
22 184
22 186
22 190
22 192
22 196
22 201
22 203
22 218
22 225
22 226
22 235
22 236
22 245
22 249
22 251
22 260
22 268
22 277
22 279
22 283
22 287
22 288
22 290
23 29
23 42
23 51
23 53
23 58
23 66
23 67
23 71
23 75
23 88
23 90
23 94
23 96
23 98
23 103
23 108
23 115
23 132
23 136
23 149
23 153
23 154
23 158
23 163
23 173
23 182
23 187
23 188
23 191
23 196
23 197
23 199
23 201
23 207
23 215
23 219
23 226
23 229
23 232
23 233
23 238
23 267
23 269
23 276
23 284
23 287
24 35
24 37
24 40
24 47
24 51
24 55
24 69
24 72
24 85
24 97
24 102
24 114
24 115
24 129
24 141
24 143
24 144
24 145
24 147
24 151
24 152
24 165
24 169
24 176
24 179
24 180
24 181
24 184
24 187
24 188
24 193
24 199
24 200
24 204
24 207
24 212
24 217
24 220
24 223
24 227
24 233
24 237
24 243
24 245
24 246
24 255
24 256
24 258
24 263
24 265
24 267
24 268
24 269
24 271
24 272
24 277
24 286
24 289
25 34
25 45
25 52
25 57
25 63
25 64
25 66
25 67
25 71
25 72
25 74
25 78
25 79
25 89
25 97
25 105
25 115
25 117
25 119
25 120
25 123
25 125
25 126
25 129
25 133
25 140
25 142
25 146
25 153
25 154
25 167
25 173
25 174
25 183
25 184
25 189
25 191
25 196
25 208
25 211
25 212
25 218
25 228
25 234
25 238
25 239
25 243
25 249
25 266
25 270
25 271
25 272
25 274
25 275
25 276
25 278
25 281
25 282
25 283
25 284
25 294
25 295
25 296
26 27
26 32
26 42
26 50
26 51
26 55
26 59
26 60
26 62
26 81
26 87
26 89
26 95
26 97
26 103
26 104
26 108
26 109
26 110
26 124
26 125
26 137
26 139
26 143
26 149
26 150
26 156
26 157
26 158
26 160
26 162
26 164
26 178
26 184
26 185
26 188
26 189
26 191
26 195
26 204
26 207
26 209
26 216
26 220
26 221
26 226
26 235
26 236
26 237
26 240
26 243
26 244
26 251
26 256
26 258
26 261
26 265
26 268
26 273
26 278
26 284
26 285
26 286
26 289
26 292
26 293
27 37
27 44
27 46
27 50
27 62
27 63
27 72
27 85
27 89
27 91
27 94
27 96
27 104
27 110
27 111
27 112
27 114
27 115
27 118
27 124
27 125
27 134
27 136
27 139
27 140
27 141
27 148
27 151
27 152
27 166
27 172
27 182
27 183
27 185
27 193
27 203
27 208
27 220
27 225
27 230
27 241
27 242
27 243
27 248
27 254
27 267
27 269
27 271
27 272
27 274
27 281
27 289
27 292
27 294
28 35
28 38
28 47
28 55
28 62
28 72
28 78
28 79
28 81
28 89
28 90
28 92
28 95
28 96
28 105
28 109
28 111
28 115
28 116
28 124
28 126
28 129
28 130
28 132
28 133
28 136
28 145
28 147
28 148
28 151
28 152
28 157
28 174
28 177
28 180
28 186
28 191
28 193
28 201
28 202
28 206
28 210
28 211
28 213
28 215
28 217
28 223
28 229
28 231
28 240
28 242
28 246
28 248
28 251
28 253
28 259
28 264
28 267
28 269
28 274
28 284
28 285
28 289
28 299
29 34
29 35
29 42
29 45
29 48
29 53
29 54
29 63
29 68
29 73
29 79
29 81
29 82
29 87
29 90
29 104
29 108
29 112
29 114
29 116
29 119
29 122
29 123
29 131
29 132
29 136
29 137
29 139
29 150
29 160
29 162
29 164
29 166
29 167
29 168
29 169
29 176
29 179
29 182
29 192
29 194
29 201
29 202
29 203
29 204
29 206
29 216
29 229
29 233
29 237
29 244
29 251
29 252
29 253
29 257
29 261
29 272
29 279
29 286
29 287
29 288
29 292
29 299
30 34
30 51
30 52
30 53
30 54
30 55
30 60
30 66
30 70
30 72
30 76
30 77
30 83
30 92
30 95
30 102
30 104
30 108
30 117
30 118
30 124
30 135
30 144
30 152
30 154
30 156
30 160
30 166
30 172
30 173
30 175
30 177
30 178
30 179
30 182
30 183
30 195
30 200
30 203
30 212
30 213
30 214
30 219
30 222
30 224
30 228
30 236
30 246
30 247
30 248
30 249
30 251
30 254
30 261
30 274
30 279
30 288
30 291
30 296
31 54
31 55
31 61
31 66
31 70
31 72
31 75
31 76
31 77
31 80
31 95
31 107
31 109
31 110
31 114
31 116
31 117
31 120
31 124
31 128
31 133
31 138
31 144
31 155
31 157
31 169
31 174
31 176
31 192
31 195
31 198
31 199
31 204
31 208
31 209
31 210
31 220
31 230
31 233
31 234
31 243
31 245
31 246
31 255
31 261
31 264
31 270
31 278
31 280
31 290
31 297
32 44
32 47
32 48
32 68
32 74
32 82
32 91
32 119
32 132
32 136
32 137
32 140
32 141
32 142
32 146
32 152
32 173
32 175
32 180
32 182
32 188
32 191
32 193
32 202
32 211
32 216
32 220
32 229
32 235
32 237
32 244
32 245
32 249
32 250
32 255
32 258
32 268
32 274
32 280
32 296
33 40
33 42
33 49
33 51
33 66
33 68
33 72
33 75
33 89
33 91
33 93
33 101
33 107
33 108
33 117
33 124
33 130
33 131
33 132
33 147
33 150
33 153
33 158
33 165
33 167
33 179
33 184
33 186
33 189
33 190
33 199
33 200
33 209
33 213
33 216
33 219
33 220
33 224
33 233
33 247
33 254
33 256
33 262
33 263
33 265
33 275
33 276
33 277
33 278
33 279
33 285
33 294
33 299
34 37
34 41
34 48
34 63
34 65
34 66
34 113
34 116
34 117
34 118
34 122
34 125
34 127
34 149
34 153
34 155
34 158
34 160
34 161
34 165
34 168
34 170
34 171
34 180
34 182
34 194
34 195
34 198
34 210
34 215
34 222
34 223
34 224
34 228
34 232
34 236
34 242
34 243
34 249
34 250
34 255
34 266
34 268
34 272
34 273
34 275
34 277
34 281
34 298
34 299
35 38
35 54
35 56
35 60
35 71
35 76
35 78
35 80
35 92
35 97
35 102
35 118
35 122
35 127
35 128
35 140
35 141
35 143
35 151
35 154
35 155
35 160
35 162
35 168
35 194
35 197
35 198
35 208
35 209
35 211
35 214
35 232
35 235
35 237
35 238
35 246
35 247
35 264
35 269
35 276
35 283
35 287
35 297
36 43
36 45
36 48
36 56
36 59
36 68
36 72
36 75
36 79
36 84
36 92
36 98
36 100
36 104
36 108
36 112
36 118
36 120
36 127
36 130
36 134
36 136
36 137
36 152
36 162
36 165
36 167
36 173
36 184
36 189
36 193
36 194
36 196
36 203
36 213
36 228
36 230
36 234
36 250
36 252
36 262
36 270
36 274
36 281
36 284
36 285
36 286
36 288
36 291
36 294
36 295
37 39
37 41
37 42
37 50
37 53
37 57
37 63
37 77
37 82
37 83
37 85
37 88
37 89
37 90
37 92
37 93
37 96
37 99
37 104
37 105
37 106
37 108
37 114
37 116
37 119
37 120
37 125
37 129
37 135
37 136
37 151
37 154
37 161
37 165
37 174
37 181
37 182
37 184
37 185
37 188
37 193
37 194
37 197
37 198
37 199
37 205
37 209
37 212
37 224
37 229
37 230
37 231
37 232
37 240
37 247
37 250
37 252
37 255
37 262
37 271
37 281
37 289
37 291
38 39
38 41
38 44
38 48
38 52
38 54
38 55
38 56
38 67
38 74
38 80
38 89
38 93
38 100
38 108
38 110
38 112
38 121
38 124
38 127
38 129
38 132
38 134
38 146
38 148
38 150
38 159
38 163
38 165
38 172
38 176
38 180
38 181
38 185
38 189
38 191
38 194
38 199
38 201
38 204
38 205
38 207
38 209
38 211
38 224
38 230
38 231
38 243
38 249
38 250
38 251
38 257
38 259
38 265
38 274
38 277
38 278
38 292
39 48
39 56
39 65
39 76
39 89
39 93
39 94
39 95
39 102
39 105
39 106
39 112
39 117
39 122
39 127
39 130
39 135
39 140
39 144
39 147
39 157
39 159
39 161
39 166
39 167
39 176
39 182
39 190
39 191
39 205
39 213
39 217
39 222
39 224
39 230
39 233
39 235
39 240
39 243
39 247
39 250
39 257
39 259
39 270
39 284
39 286
39 291
39 292
39 296
40 42
40 44
40 45
40 46
40 53
40 61
40 64
40 71
40 74
40 78
40 79
40 80
40 81
40 92
40 101
40 104
40 105
40 106
40 114
40 117
40 148
40 149
40 150
40 152
40 156
40 159
40 160
40 168
40 173
40 175
40 176
40 181
40 184
40 190
40 196
40 210
40 218
40 221
40 232
40 242
40 256
40 263
40 265
40 268
40 270
40 276
40 277
40 278
40 293
40 296
41 43
41 44
41 45
41 47
41 49
41 50
41 51
41 55
41 57
41 60
41 69
41 80
41 95
41 106
41 111
41 112
41 114
41 116
41 125
41 130
41 138
41 140
41 144
41 149
41 152
41 160
41 164
41 169
41 171
41 174
41 175
41 182
41 183
41 189
41 193
41 201
41 202
41 207
41 223
41 225
41 227
41 229
41 234
41 238
41 241
41 250
41 256
41 258
41 259
41 270
41 275
41 283
41 290
41 296
41 297
41 299
42 47
42 52
42 53
42 55
42 56
42 61
42 63
42 65
42 72
42 77
42 82
42 86
42 97
42 103
42 113
42 117
42 123
42 125
42 137
42 138
42 142
42 143
42 146
42 154
42 155
42 157
42 160
42 161
42 162
42 167
42 186
42 190
42 192
42 202
42 205
42 206
42 207
42 209
42 224
42 227
42 239
42 245
42 247
42 251
42 254
42 261
42 265
42 268
42 273
42 274
42 282
42 284
42 291
43 52
43 63
43 64
43 66
43 70
43 72
43 74
43 75
43 81
43 90
43 94
43 95
43 107
43 113
43 115
43 119
43 121
43 127
43 136
43 138
43 144
43 145
43 146
43 152
43 153
43 154
43 158
43 168
43 175
43 179
43 181
43 182
43 187
43 200
43 202
43 203
43 204
43 205
43 208
43 214
43 216
43 220
43 236
43 237
43 245
43 246
43 250
43 263
43 267
43 269
43 270
43 279
43 280
43 281
43 284
43 285
43 293
43 298
43 299
44 45
44 55
44 57
44 65
44 66
44 75
44 76
44 79
44 82
44 83
44 85
44 88
44 89
44 99
44 106
44 107
44 110
44 112
44 124
44 126
44 131
44 133
44 134
44 143
44 144
44 146
44 156
44 162
44 164
44 166
44 174
44 179
44 182
44 184
44 186
44 195
44 202
44 210
44 211
44 223
44 226
44 231
44 237
44 240
44 247
44 248
44 250
44 254
44 256
44 260
44 269
44 276
44 277
44 280
44 296
45 56
45 68
45 71
45 73
45 78
45 79
45 81
45 83
45 84
45 89
45 95
45 96
45 99
45 104
45 110
45 112
45 114
45 123
45 126
45 137
45 141
45 146
45 148
45 153
45 155
45 159
45 160
45 163
45 169
45 174
45 176
45 178
45 187
45 188
45 189
45 191
45 193
45 217
45 220
45 223
45 228
45 232
45 234
45 235
45 238
45 243
45 245
45 246
45 247
45 249
45 252
45 255
45 263
45 268
45 278
45 279
45 283
45 294
45 297
46 47
46 49
46 51
46 58
46 59
46 68
46 71
46 90
46 102
46 112
46 113
46 117
46 131
46 133
46 143
46 146
46 159
46 160
46 163
46 174
46 175
46 176
46 179
46 185
46 186
46 187
46 190
46 207
46 210
46 214
46 216
46 217
46 219
46 225
46 249
46 250
46 251
46 252
47 57
47 58
47 72
47 74
47 81
47 82
47 87
47 89
47 100
47 107
47 112
47 115
47 120
47 121
47 126
47 138
47 139
47 148
47 161
47 168
47 176
47 180
47 182
47 185
47 187
47 191
47 202
47 205
47 208
47 209
47 212
47 213
47 214
47 215
47 224
47 227
47 247
47 252
47 253
47 257
47 271
47 280
47 295
48 52
48 53
48 56
48 64
48 81
48 96
48 104
48 105
48 107
48 111
48 112
48 115
48 127
48 128
48 133
48 137
48 148
48 149
48 152
48 163
48 165
48 167
48 180
48 181
48 182
48 184
48 187
48 197
48 203
48 204
48 205
48 212
48 215
48 217
48 221
48 222
48 226
48 227
48 229
48 232
48 245
48 248
48 249
48 250
48 253
48 254
48 260
48 265
48 270
48 277
48 285
48 290
48 294
48 299
49 53
49 57
49 68
49 70
49 75
49 76
49 86
49 88
49 89
49 98
49 110
49 111
49 112
49 113
49 117
49 120
49 122
49 124
49 126
49 127
49 130
49 133
49 134
49 136
49 140
49 144
49 150
49 151
49 154
49 160
49 163
49 166
49 167
49 170
49 178
49 187
49 188
49 190
49 191
49 197
49 198
49 200
49 205
49 209
49 223
49 224
49 227
49 233
49 237
49 241
49 244
49 254
49 256
49 257
49 258
49 260
49 266
49 268
49 269
49 270
49 278
49 282
49 288
49 289
49 291
49 292
49 294
50 54
50 62
50 63
50 67
50 68
50 69
50 73
50 80
50 81
50 83
50 89
50 90
50 96
50 100
50 118
50 124
50 126
50 131
50 135
50 139
50 142
50 147
50 150
50 162
50 167
50 171
50 173
50 178
50 179
50 181
50 182
50 193
50 198
50 200
50 204
50 215
50 220
50 239
50 244
50 245
50 248
50 256
50 261
50 274
50 276
50 278
50 279
50 282
50 285
50 287
50 294
51 54
51 59
51 61
51 71
51 72
51 77
51 78
51 79
51 91
51 102
51 104
51 107
51 115
51 122
51 125
51 131
51 133
51 144
51 150
51 151
51 160
51 161
51 166
51 170
51 191
51 193
51 195
51 198
51 202
51 209
51 213
51 220
51 222
51 230
51 237
51 243
51 248
51 259
51 260
51 266
51 269
51 276
51 277
51 278
51 279
51 284
51 285
51 291
51 295
51 298
51 299
52 54
52 56
52 57
52 60
52 68
52 70
52 74
52 80
52 82
52 84
52 85
52 99
52 104
52 114
52 118
52 126
52 128
52 130
52 135
52 140
52 144
52 158
52 159
52 164
52 167
52 170
52 172
52 181
52 182
52 183
52 184
52 195
52 196
52 197
52 207
52 222
52 239
52 248
52 255
52 257
52 264
52 266
52 271
52 278
52 282
52 290
52 291
52 293
52 294
53 59
53 62
53 63
53 65
53 68
53 71
53 78
53 81
53 82
53 84
53 86
53 89
53 104
53 105
53 113
53 129
53 131
53 148
53 150
53 152
53 160
53 162
53 166
53 170
53 171
53 174
53 180
53 191
53 194
53 197
53 204
53 212
53 214
53 222
53 225
53 227
53 228
53 232
53 236
53 239
53 246
53 247
53 256
53 259
53 264
53 272
53 274
53 277
53 278
53 279
53 282
53 290
54 59
54 63
54 64
54 66
54 70
54 77
54 79
54 81
54 84
54 85
54 90
54 98
54 99
54 106
54 116
54 117
54 120
54 121
54 127
54 130
54 134
54 135
54 138
54 139
54 140
54 143
54 146
54 150
54 167
54 172
54 173
54 175
54 176
54 182
54 186
54 189
54 191
54 195
54 196
54 200
54 203
54 207
54 209
54 210
54 213
54 219
54 222
54 225
54 227
54 233
54 236
54 238
54 242
54 243
54 244
54 259
54 263
54 271
54 276
54 295
54 299
55 76
55 79
55 94
55 96
55 101
55 115
55 116
55 118
55 122
55 123
55 129
55 138
55 145
55 152
55 155
55 157
55 158
55 168
55 183
55 213
55 215
55 222
55 226
55 227
55 239
55 244
55 251
55 266
55 268
55 273
55 274
55 276
55 286
55 290
55 292
55 297
56 64
56 67
56 71
56 76
56 84
56 88
56 91
56 94
56 99
56 100
56 103
56 107
56 113
56 114
56 118
56 121
56 127
56 130
56 137
56 141
56 151
56 152
56 153
56 158
56 159
56 167
56 170
56 171
56 177
56 183
56 186
56 189
56 192
56 196
56 197
56 202
56 207
56 209
56 212
56 215
56 227
56 228
56 236
56 245
56 246
56 248
56 249
56 258
56 268
56 269
56 273
56 278
56 280
56 282
56 284
56 286
56 289
56 291
56 293
56 294
56 299
57 60
57 63
57 64
57 65
57 68
57 70
57 78
57 86
57 87
57 88
57 90
57 93
57 94
57 99
57 104
57 106
57 110
57 111
57 112
57 123
57 125
57 128
57 137
57 140
57 146
57 155
57 176
57 184
57 187
57 190
57 192
57 199
57 203
57 207
57 210
57 215
57 226
57 246
57 250
57 263
57 268
57 270
57 286
57 288
57 291
57 298
58 62
58 69
58 72
58 75
58 77
58 84
58 87
58 91
58 94
58 98
58 100
58 115
58 117
58 124
58 133
58 136
58 139
58 142
58 153
58 156
58 163
58 164
58 182
58 184
58 195
58 205
58 222
58 226
58 231
58 233
58 246
58 248
58 253
58 258
58 261
58 266
58 276
58 279
58 284
58 285
58 293
58 297
59 66
59 71
59 84
59 91
59 98
59 99
59 113
59 120
59 123
59 135
59 140
59 149
59 150
59 157
59 164
59 167
59 170
59 171
59 172
59 173
59 176
59 177
59 179
59 183
59 184
59 186
59 187
59 191
59 199
59 208
59 209
59 216
59 225
59 240
59 245
59 246
59 249
59 250
59 255
59 260
59 268
59 270
59 277
59 282
59 284
59 286
59 294
60 62
60 64
60 70
60 71
60 77
60 84
60 91
60 94
60 106
60 107
60 118
60 123
60 127
60 132
60 134
60 136
60 139
60 146
60 151
60 152
60 154
60 158
60 161
60 163
60 165
60 166
60 174
60 182
60 188
60 199
60 202
60 203
60 209
60 211
60 213
60 224
60 226
60 228
60 229
60 230
60 238
60 242
60 256
60 259
60 261
60 278
60 279
60 283
60 288
60 290
60 292
60 294
60 295
60 296
61 67
61 68
61 70
61 71
61 72
61 73
61 78
61 79
61 82
61 85
61 100
61 102
61 104
61 107
61 111
61 120
61 150
61 151
61 156
61 160
61 162
61 168
61 173
61 175
61 194
61 195
61 206
61 209
61 217
61 219
61 223
61 224
61 227
61 230
61 235
61 236
61 239
61 244
61 245
61 258
61 260
61 266
61 267
61 272
61 276
61 282
61 284
61 288
61 295
61 296
62 69
62 73
62 74
62 75
62 96
62 107
62 112
62 113
62 116
62 121
62 125
62 139
62 148
62 149
62 154
62 157
62 164
62 167
62 178
62 181
62 189
62 194
62 211
62 212
62 229
62 232
62 235
62 244
62 246
62 247
62 249
62 250
62 262
62 265
62 268
62 269
62 271
62 275
62 279
62 286
62 287
62 292
62 294
62 295
62 298
62 299
63 73
63 75
63 83
63 85
63 88
63 92
63 101
63 110
63 114
63 115
63 116
63 123
63 124
63 131
63 133
63 137
63 143
63 155
63 173
63 177
63 182
63 185
63 195
63 198
63 200
63 204
63 205
63 206
63 216
63 221
63 223
63 231
63 234
63 255
63 258
63 260
63 261
63 263
63 265
63 271
63 279
63 287
63 291
63 295
63 297
63 298
63 299
64 65
64 69
64 72
64 96
64 97
64 99
64 101
64 114
64 116
64 119
64 122
64 129
64 134
64 135
64 138
64 139
64 142
64 146
64 155
64 163
64 166
64 168
64 170
64 174
64 176
64 178
64 181
64 184
64 193
64 197
64 202
64 210
64 214
64 217
64 219
64 232
64 244
64 251
64 252
64 257
64 260
64 264
64 279
64 287
64 290
65 68
65 87
65 90
65 108
65 114
65 121
65 136
65 138
65 143
65 148
65 153
65 159
65 163
65 164
65 180
65 185
65 187
65 191
65 204
65 205
65 206
65 211
65 218
65 226
65 227
65 262
65 265
65 268
65 270
65 273
65 278
65 294
65 295
65 299
66 68
66 75
66 82
66 86
66 95
66 97
66 107
66 115
66 129
66 133
66 138
66 141
66 147
66 149
66 151
66 153
66 161
66 165
66 168
66 173
66 180
66 181
66 182
66 184
66 185
66 193
66 199
66 200
66 205
66 208
66 209
66 217
66 222
66 224
66 227
66 236
66 239
66 240
66 242
66 246
66 248
66 252
66 253
66 257
66 259
66 260
66 262
66 263
66 264
66 266
66 271
66 278
66 280
66 284
66 285
66 289
66 299
67 69
67 72
67 77
67 80
67 86
67 93
67 95
67 110
67 119
67 132
67 138
67 140
67 141
67 146
67 152
67 160
67 165
67 166
67 167
67 173
67 174
67 175
67 183
67 184
67 186
67 190
67 191
67 192
67 194
67 200
67 204
67 223
67 231
67 232
67 238
67 241
67 245
67 248
67 251
67 252
67 253
67 254
67 256
67 262
67 266
67 282
68 79
68 82
68 94
68 102
68 107
68 110
68 114
68 118
68 120
68 129
68 130
68 131
68 135
68 139
68 147
68 149
68 158
68 165
68 167
68 172
68 175
68 180
68 181
68 182
68 184
68 185
68 187
68 196
68 200
68 201
68 206
68 210
68 216
68 222
68 229
68 235
68 239
68 253
68 268
68 273
68 276
68 279
68 286
68 287
68 294
68 296
69 70
69 72
69 74
69 76
69 86
69 87
69 89
69 93
69 104
69 110
69 116
69 119
69 121
69 131
69 133
69 134
69 138
69 145
69 148
69 152
69 156
69 160
69 164
69 167
69 168
69 171
69 173
69 183
69 187
69 189
69 194
69 195
69 196
69 207
69 209
69 210
69 215
69 219
69 229
69 237
69 240
69 244
69 245
69 248
69 249
69 255
69 256
69 257
69 268
69 277
69 278
69 289
69 290
69 299
70 74
70 75
70 78
70 88
70 89
70 92
70 96
70 98
70 101
70 111
70 116
70 118
70 125
70 131
70 135
70 136
70 138
70 141
70 142
70 146
70 153
70 155
70 157
70 159
70 171
70 176
70 178
70 183
70 184
70 185
70 186
70 187
70 189
70 195
70 196
70 205
70 213
70 226
70 227
70 232
70 233
70 251
70 258
70 267
70 279
70 280
70 287
70 299
71 75
71 77
71 79
71 83
71 84
71 86
71 99
71 112
71 113
71 116
71 119
71 125
71 130
71 133
71 137
71 140
71 146
71 151
71 154
71 158
71 162
71 163
71 166
71 169
71 171
71 186
71 190
71 193
71 195
71 213
71 219
71 230
71 231
71 242
71 251
71 254
71 257
71 258
71 259
71 262
71 265
71 282
71 290
71 291
71 292
71 298
72 82
72 88
72 93
72 97
72 102
72 107
72 113
72 114
72 115
72 118
72 130
72 131
72 135
72 137
72 139
72 140
72 146
72 157
72 158
72 163
72 164
72 165
72 171
72 175
72 177
72 183
72 188
72 192
72 193
72 195
72 198
72 203
72 208
72 218
72 221
72 224
72 225
72 226
72 227
72 230
72 238
72 240
72 246
72 247
72 249
72 257
72 273
72 281
72 283
72 292
72 294
72 298
72 299
73 80
73 84
73 92
73 99
73 101
73 117
73 122
73 123
73 131
73 144
73 145
73 148
73 152
73 160
73 163
73 170
73 172
73 174
73 178
73 179
73 190
73 200
73 205
73 207
73 220
73 221
73 231
73 235
73 238
73 239
73 249
73 250
73 252
73 255
73 256
73 257
73 258
73 260
73 261
73 265
73 282
73 283
73 289
73 291
73 293
73 295
74 77
74 85
74 87
74 89
74 90
74 96
74 97
74 100
74 102
74 104
74 106
74 109
74 113
74 117
74 118
74 119
74 126
74 127
74 132
74 133
74 137
74 138
74 150
74 154
74 160
74 165
74 171
74 175
74 178
74 188
74 196
74 209
74 216
74 227
74 237
74 241
74 244
74 257
74 263
74 269
74 273
74 277
74 278
74 286
74 287
74 295
75 78
75 93
75 97
75 120
75 122
75 123
75 124
75 125
75 141
75 144
75 145
75 147
75 150
75 153
75 171
75 177
75 184
75 188
75 189
75 193
75 210
75 215
75 217
75 228
75 230
75 232
75 236
75 240
75 241
75 246
75 250
75 256
75 262
75 288
75 290
75 292
75 296
75 299
76 91
76 94
76 97
76 123
76 129
76 132
76 139
76 148
76 155
76 156
76 158
76 177
76 178
76 180
76 185
76 188
76 194
76 203
76 205
76 218
76 226
76 229
76 235
76 240
76 241
76 243
76 249
76 251
76 261
76 265
76 270
76 271
76 281
76 282
76 285
76 288
76 294
77 79
77 80
77 86
77 93
77 96
77 98
77 108
77 109
77 114
77 125
77 127
77 128
77 130
77 132
77 135
77 138
77 140
77 147
77 153
77 170
77 174
77 179
77 184
77 199
77 207
77 210
77 213
77 218
77 223
77 224
77 230
77 239
77 244
77 247
77 251
77 252
77 263
77 272
77 283
77 286
77 287
78 108
78 126
78 127
78 129
78 131
78 133
78 135
78 138
78 142
78 151
78 152
78 156
78 167
78 173
78 175
78 180
78 187
78 189
78 191
78 199
78 200
78 209
78 210
78 213
78 218
78 223
78 229
78 237
78 244
78 262
78 263
78 265
78 274
78 280
78 282
78 288
78 293
78 295
78 297
78 299
79 80
79 82
79 84
79 85
79 88
79 90
79 93
79 94
79 95
79 96
79 99
79 102
79 103
79 106
79 122
79 128
79 136
79 140
79 143
79 145
79 154
79 159
79 160
79 161
79 164
79 165
79 168
79 171
79 186
79 196
79 210
79 212
79 213
79 214
79 217
79 218
79 220
79 226
79 237
79 239
79 244
79 249
79 251
79 259
79 263
79 267
79 276
79 279
79 287
79 299
80 81
80 82
80 90
80 94
80 102
80 104
80 126
80 132
80 149
80 161
80 166
80 168
80 178
80 182
80 184
80 186
80 190
80 193
80 207
80 209
80 216
80 217
80 218
80 219
80 220
80 223
80 227
80 228
80 235
80 237
80 242
80 245
80 255
80 267
80 269
80 271
80 277
80 279
80 284
81 84
81 91
81 92
81 94
81 98
81 99
81 102
81 103
81 104
81 114
81 123
81 149
81 152
81 155
81 156
81 163
81 173
81 175
81 184
81 185
81 188
81 191
81 196
81 201
81 202
81 204
81 209
81 216
81 222
81 227
81 236
81 254
81 268
81 271
81 272
81 273
81 274
81 277
81 278
81 279
81 283
81 288
81 289
81 292
81 297
81 299
82 93
82 97
82 103
82 122
82 130
82 132
82 135
82 137
82 148
82 149
82 153
82 157
82 160
82 163
82 172
82 175
82 188
82 189
82 193
82 199
82 201
82 203
82 204
82 215
82 224
82 232
82 233
82 236
82 237
82 241
82 242
82 244
82 254
82 264
82 265
82 272
82 273
82 276
82 278
82 279
82 280
82 285
82 286
82 287
82 289
82 291
82 293
83 84
83 90
83 95
83 97
83 107
83 112
83 115
83 127
83 129
83 132
83 133
83 144
83 145
83 152
83 157
83 162
83 163
83 164
83 168
83 171
83 176
83 185
83 187
83 190
83 193
83 199
83 200
83 203
83 211
83 217
83 233
83 236
83 250
83 251
83 255
83 256
83 257
83 259
83 263
83 264
83 269
83 276
83 277
83 278
83 279
83 282
83 285
83 294
84 92
84 100
84 111
84 117
84 132
84 133
84 136
84 139
84 144
84 145
84 146
84 150
84 155
84 163
84 164
84 172
84 178
84 180
84 181
84 196
84 198
84 207
84 208
84 215
84 216
84 218
84 220
84 221
84 224
84 233
84 234
84 235
84 236
84 238
84 239
84 244
84 246
84 247
84 252
84 263
84 267
84 270
84 274
84 275
84 276
84 280
84 281
84 283
84 284
84 285
84 293
85 87
85 89
85 95
85 96
85 99
85 101
85 105
85 107
85 110
85 111
85 116
85 117
85 119
85 127
85 129
85 130
85 143
85 146
85 147
85 150
85 156
85 163
85 176
85 182
85 185
85 204
85 205
85 207
85 213
85 216
85 225
85 238
85 242
85 243
85 252
85 263
85 267
85 269
85 270
85 272
85 279
85 296
85 298
86 89
86 93
86 97
86 103
86 106
86 119
86 125
86 126
86 133
86 134
86 139
86 142
86 144
86 158
86 164
86 174
86 181
86 183
86 197
86 203
86 207
86 214
86 218
86 232
86 235
86 236
86 243
86 247
86 251
86 252
86 255
86 257
86 267
86 268
86 269
86 276
86 278
86 279
86 287
86 295
86 298
86 299
87 94
87 96
87 102
87 112
87 114
87 115
87 125
87 126
87 127
87 130
87 132
87 142
87 143
87 144
87 160
87 161
87 162
87 173
87 196
87 197
87 210
87 217
87 238
87 241
87 242
87 253
87 279
87 283
87 284
87 285
87 291
87 297
87 299
88 97
88 100
88 109
88 113
88 117
88 126
88 127
88 132
88 135
88 152
88 153
88 154
88 165
88 167
88 169
88 180
88 183
88 189
88 192
88 200
88 201
88 202
88 217
88 218
88 220
88 223
88 227
88 229
88 234
88 247
88 254
88 259
88 265
88 272
88 286
88 295
89 96
89 105
89 111
89 113
89 115
89 129
89 132
89 136
89 137
89 144
89 145
89 150
89 151
89 154
89 167
89 175
89 176
89 178
89 180
89 182
89 186
89 191
89 201
89 205
89 209
89 210
89 214
89 224
89 230
89 232
89 238
89 244
89 246
89 250
89 253
89 255
89 262
89 272
89 288
89 293
89 296
90 93
90 103
90 104
90 105
90 106
90 138
90 142
90 157
90 160
90 168
90 171
90 172
90 177
90 185
90 186
90 187
90 188
90 190
90 195
90 196
90 197
90 199
90 205
90 222
90 227
90 229
90 230
90 237
90 240
90 243
90 251
90 260
90 262
90 268
90 271
90 279
90 295
90 296
91 92
91 94
91 111
91 112
91 118
91 122
91 123
91 129
91 133
91 138
91 146
91 150
91 159
91 164
91 168
91 170
91 173
91 181
91 192
91 202
91 203
91 209
91 214
91 216
91 221
91 222
91 226
91 227
91 233
91 238
91 239
91 241
91 246
91 251
91 258
91 261
91 264
91 279
91 286
91 291
92 96
92 98
92 100
92 105
92 112
92 117
92 133
92 134
92 149
92 157
92 158
92 163
92 164
92 166
92 168
92 170
92 173
92 176
92 180
92 185
92 186
92 199
92 201
92 202
92 205
92 209
92 214
92 221
92 225
92 234
92 242
92 243
92 244
92 247
92 251
92 254
92 255
92 279
92 281
92 282
92 287
93 95
93 96
93 97
93 101
93 110
93 115
93 134
93 136
93 140
93 146
93 147
93 153
93 158
93 159
93 184
93 185
93 194
93 195
93 196
93 198
93 211
93 218
93 219
93 230
93 235
93 236
93 243
93 245
93 253
93 254
93 256
93 261
93 263
93 270
93 272
93 273
93 274
93 275
93 280
93 286
93 291
93 296
94 101
94 113
94 115
94 119
94 122
94 124
94 128
94 139
94 140
94 143
94 146
94 153
94 154
94 160
94 168
94 173
94 174
94 179
94 180
94 182
94 184
94 194
94 200
94 205
94 208
94 215
94 218
94 237
94 245
94 250
94 252
94 253
94 254
94 263
94 270
94 278
94 283
94 287
94 288
95 97
95 101
95 107
95 108
95 110
95 114
95 116
95 117
95 118
95 123
95 125
95 127
95 130
95 139
95 143
95 146
95 147
95 148
95 150
95 153
95 160
95 164
95 169
95 171
95 174
95 187
95 197
95 214
95 220
95 239
95 241
95 250
95 254
95 260
95 269
95 277
95 278
95 282
95 286
95 289
95 290
95 292
96 102
96 105
96 110
96 112
96 113
96 115
96 116
96 134
96 140
96 141
96 144
96 145
96 146
96 156
96 168
96 171
96 172
96 178
96 184
96 190
96 195
96 198
96 202
96 203
96 212
96 213
96 214
96 215
96 220
96 223
96 229
96 237
96 250
96 251
96 252
96 258
96 260
96 266
96 285
96 286
97 103
97 110
97 128
97 129
97 132
97 140
97 141
97 148
97 151
97 152
97 163
97 166
97 168
97 172
97 175
97 178
97 193
97 202
97 207
97 215
97 227
97 232
97 242
97 246
97 258
97 259
97 267
97 271
97 273
97 274
97 283
97 286
98 104
98 119
98 120
98 135
98 140
98 146
98 147
98 156
98 166
98 168
98 171
98 194
98 195
98 199
98 200
98 209
98 213
98 214
98 216
98 217
98 226
98 239
98 241
98 243
98 244
98 253
98 272
98 279
98 281
98 283
98 284
98 285
98 292
98 293
98 294
98 295
98 298
99 102
99 105
99 108
99 116
99 131
99 139
99 145
99 153
99 160
99 161
99 167
99 172
99 180
99 185
99 190
99 194
99 196
99 197
99 207
99 211
99 217
99 218
99 224
99 229
99 241
99 244
99 248
99 252
99 255
99 264
99 265
99 275
99 278
99 280
99 286
99 289
99 294
100 101
100 110
100 130
100 132
100 138
100 141
100 146
100 154
100 155
100 162
100 166
100 167
100 178
100 184
100 188
100 194
100 208
100 220
100 222
100 223
100 225
100 228
100 229
100 234
100 237
100 240
100 242
100 246
100 249
100 259
100 268
100 269
100 271
100 273
100 278
100 285
100 294
101 107
101 108
101 113
101 114
101 119
101 120
101 128
101 129
101 139
101 153
101 159
101 167
101 169
101 179
101 182
101 186
101 189
101 197
101 220
101 227
101 228
101 230
101 231
101 245
101 252
101 255
101 257
101 268
101 270
101 273
101 275
101 284
101 288
101 291
101 298
102 108
102 119
102 126
102 129
102 139
102 149
102 154
102 155
102 160
102 163
102 177
102 180
102 198
102 200
102 202
102 205
102 207
102 208
102 212
102 216
102 231
102 249
102 266
102 270
102 279
102 280
102 281
102 284
102 286
102 289
103 106
103 127
103 149
103 151
103 158
103 162
103 174
103 185
103 186
103 193
103 198
103 200
103 201
103 204
103 205
103 211
103 212
103 214
103 217
103 219
103 226
103 228
103 229
103 234
103 235
103 237
103 239
103 245
103 252
103 256
103 264
103 271
103 280
103 284
103 286
103 292
103 293
104 110
104 113
104 128
104 139
104 140
104 143
104 149
104 150
104 154
104 157
104 159
104 166
104 167
104 170
104 173
104 179
104 194
104 209
104 221
104 228
104 232
104 238
104 242
104 243
104 246
104 257
104 270
104 277
104 279
104 285
104 286
104 288
104 293
105 106
105 110
105 123
105 125
105 132
105 135
105 136
105 144
105 147
105 166
105 173
105 175
105 185
105 187
105 192
105 197
105 203
105 211
105 216
105 217
105 223
105 225
105 226
105 232
105 233
105 234
105 238
105 248
105 253
105 256
105 258
105 260
105 286
105 288
105 289
105 294
106 111
106 114
106 119
106 126
106 128
106 129
106 132
106 134
106 143
106 148
106 161
106 162
106 169
106 170
106 174
106 177
106 182
106 189
106 190
106 191
106 200
106 208
106 214
106 216
106 218
106 220
106 222
106 225
106 226
106 227
106 228
106 231
106 233
106 236
106 238
106 244
106 245
106 248
106 258
106 266
106 276
106 281
106 289
106 299
107 109
107 115
107 118
107 121
107 124
107 128
107 136
107 138
107 160
107 163
107 164
107 170
107 176
107 185
107 186
107 196
107 198
107 201
107 203
107 213
107 214
107 217
107 219
107 231
107 235
107 239
107 241
107 249
107 252
107 256
107 260
107 261
107 267
107 268
107 271
107 273
107 282
107 290
108 118
108 121
108 122
108 128
108 129
108 141
108 144
108 145
108 148
108 153
108 164
108 170
108 173
108 177
108 189
108 190
108 194
108 200
108 205
108 206
108 207
108 208
108 209
108 214
108 216
108 220
108 221
108 228
108 230
108 251
108 253
108 267
108 270
108 276
108 278
108 283
108 290
109 112
109 114
109 116
109 118
109 121
109 122
109 124
109 135
109 138
109 141
109 142
109 143
109 144
109 146
109 147
109 153
109 154
109 155
109 161
109 166
109 175
109 188
109 189
109 194
109 203
109 205
109 214
109 217
109 218
109 222
109 223
109 224
109 228
109 235
109 245
109 250
109 254
109 259
109 263
109 277
109 282
109 288
109 299
110 111
110 121
110 126
110 128
110 132
110 133
110 143
110 144
110 148
110 149
110 153
110 156
110 157
110 162
110 165
110 168
110 171
110 188
110 195
110 205
110 207
110 210
110 212
110 224
110 225
110 235
110 242
110 245
110 249
110 250
110 251
110 268
110 269
110 270
110 272
110 274
110 280
110 281
110 283
110 289
110 290
110 292
110 295
110 297
111 116
111 118
111 131
111 134
111 135
111 137
111 138
111 139
111 142
111 145
111 149
111 150
111 154
111 156
111 157
111 158
111 160
111 163
111 168
111 189
111 193
111 195
111 198
111 200
111 205
111 213
111 214
111 219
111 228
111 230
111 232
111 236
111 239
111 245
111 267
111 268
111 269
111 270
111 275
111 277
111 281
111 283
111 286
111 293
111 294
111 297
111 299
112 114
112 117
112 118
112 121
112 123
112 129
112 134
112 142
112 147
112 148
112 156
112 158
112 162
112 163
112 170
112 171
112 173
112 179
112 181
112 183
112 185
112 186
112 191
112 192
112 194
112 199
112 209
112 211
112 216
112 223
112 234
112 240
112 243
112 245
112 246
112 252
112 258
112 262
112 263
112 273
112 277
112 281
112 282
112 283
112 288
112 298
112 299
113 116
113 123
113 128
113 129
113 130
113 132
113 133
113 134
113 140
113 141
113 148
113 151
113 161
113 163
113 164
113 165
113 166
113 185
113 190
113 200
113 211
113 212
113 214
113 221
113 223
113 227
113 232
113 237
113 239
113 241
113 244
113 253
113 254
113 255
113 256
113 266
113 269
113 278
113 291
113 297
114 115
114 117
114 128
114 134
114 135
114 140
114 142
114 150
114 155
114 157
114 158
114 159
114 161
114 165
114 175
114 178
114 179
114 185
114 189
114 192
114 194
114 197
114 198
114 201
114 205
114 208
114 234
114 237
114 243
114 244
114 246
114 250
114 259
114 268
114 270
114 272
114 277
114 282
114 283
114 291
114 293
114 295
115 123
115 134
115 137
115 140
115 142
115 147
115 148
115 151
115 152
115 163
115 182
115 183
115 189
115 190
115 196
115 198
115 201
115 205
115 209
115 211
115 214
115 216
115 217
115 218
115 220
115 221
115 224
115 226
115 240
115 243
115 254
115 255
115 258
115 263
115 271
115 272
115 278
115 282
115 286
115 288
115 291
115 292
115 296
116 121
116 122
116 124
116 125
116 126
116 142
116 143
116 145
116 156
116 163
116 165
116 167
116 169
116 171
116 173
116 175
116 177
116 180
116 181
116 192
116 193
116 195
116 200
116 207
116 208
116 211
116 219
116 225
116 239
116 250
116 255
116 256
116 262
116 265
116 273
116 281
116 289
116 294
116 297
117 133
117 134
117 137
117 141
117 149
117 154
117 162
117 164
117 165
117 169
117 171
117 174
117 176
117 178
117 197
117 202
117 207
117 210
117 213
117 216
117 219
117 224
117 235
117 239
117 250
117 260
117 264
117 266
117 267
117 285
117 286
117 287
117 290
117 291
117 297
118 132
118 133
118 145
118 146
118 148
118 156
118 162
118 168
118 171
118 175
118 177
118 182
118 183
118 192
118 198
118 199
118 202
118 216
118 217
118 225
118 227
118 234
118 237
118 242
118 243
118 246
118 253
118 258
118 260
118 263
118 267
118 268
118 279
118 289
118 293
118 294
119 120
119 127
119 136
119 137
119 141
119 155
119 164
119 169
119 177
119 198
119 205
119 206
119 207
119 209
119 210
119 211
119 217
119 220
119 224
119 227
119 229
119 230
119 231
119 232
119 241
119 242
119 250
119 254
119 256
119 257
119 258
119 287
120 131
120 134
120 138
120 153
120 154
120 158
120 163
120 164
120 175
120 180
120 185
120 188
120 207
120 210
120 221
120 229
120 231
120 233
120 236
120 242
120 247
120 254
120 261
120 266
120 269
120 273
120 274
120 278
120 284
120 285
120 290
120 294
120 297
121 128
121 132
121 133
121 137
121 139
121 141
121 142
121 145
121 147
121 152
121 159
121 160
121 169
121 170
121 171
121 173
121 181
121 182
121 183
121 193
121 205
121 222
121 239
121 242
121 245
121 252
121 259
121 266
121 271
121 277
121 283
121 284
121 296
122 124
122 129
122 135
122 137
122 140
122 150
122 152
122 153
122 154
122 161
122 162
122 165
122 188
122 198
122 205
122 206
122 207
122 208
122 210
122 212
122 225
122 237
122 240
122 248
122 259
122 262
122 265
122 268
122 271
122 274
122 276
122 279
122 281
122 288
122 296
122 299
123 128
123 132
123 135
123 141
123 147
123 148
123 159
123 167
123 181
123 184
123 187
123 188
123 189
123 190
123 193
123 201
123 202
123 203
123 205
123 209
123 216
123 220
123 229
123 232
123 235
123 236
123 240
123 251
123 253
123 258
123 262
123 268
123 270
123 275
123 276
123 294
123 296
123 297
124 129
124 132
124 134
124 138
124 139
124 142
124 152
124 158
124 161
124 168
124 170
124 172
124 176
124 179
124 180
124 181
124 203
124 206
124 207
124 229
124 230
124 234
124 237
124 243
124 248
124 250
124 251
124 255
124 259
124 263
124 264
124 265
124 268
124 276
124 277
124 280
124 281
124 283
124 286
124 289
124 290
124 293
125 127
125 133
125 142
125 143
125 148
125 151
125 157
125 160
125 161
125 166
125 172
125 173
125 175
125 183
125 185
125 206
125 211
125 216
125 223
125 236
125 242
125 245
125 247
125 256
125 259
125 260
125 264
125 271
125 275
125 280
125 282
125 287
125 288
125 291
125 292
125 293
125 296
125 299
126 128
126 131
126 134
126 136
126 148
126 149
126 150
126 166
126 167
126 172
126 175
126 182
126 185
126 191
126 192
126 194
126 196
126 200
126 213
126 228
126 231
126 232
126 233
126 257
126 258
126 263
126 280
126 281
126 284
126 289
126 294
126 297
127 135
127 142
127 145
127 148
127 158
127 165
127 177
127 179
127 184
127 186
127 188
127 194
127 196
127 215
127 216
127 219
127 230
127 233
127 239
127 251
127 254
127 258
127 260
127 262
127 272
127 273
127 275
127 282
127 285
127 287
127 292
127 295
128 135
128 143
128 147
128 155
128 160
128 161
128 164
128 165
128 167
128 168
128 175
128 178
128 181
128 182
128 184
128 195
128 197
128 204
128 207
128 217
128 232
128 238
128 242
128 248
128 257
128 260
128 262
128 273
128 276
128 277
128 280
128 287
128 294
128 295
129 139
129 145
129 150
129 153
129 160
129 162
129 165
129 167
129 175
129 176
129 178
129 179
129 182
129 183
129 185
129 189
129 190
129 194
129 195
129 201
129 203
129 207
129 213
129 219
129 226
129 230
129 234
129 236
129 238
129 242
129 246
129 249
129 256
129 259
129 265
129 268
129 270
129 278
129 280
129 281
129 282
129 283
129 286
129 293
129 295
129 296
130 132
130 135
130 148
130 154
130 158
130 162
130 164
130 170
130 172
130 177
130 179
130 181
130 182
130 190
130 215
130 216
130 223
130 226
130 234
130 235
130 241
130 242
130 246
130 254
130 258
130 267
130 268
130 269
130 277
130 278
130 280
130 282
130 293
130 295
130 296
131 144
131 152
131 155
131 160
131 168
131 170
131 185
131 186
131 189
131 198
131 199
131 210
131 211
131 219
131 220
131 240
131 241
131 250
131 253
131 258
131 259
131 272
131 277
131 280
131 282
131 283
131 286
131 287
131 297
131 298
132 134
132 135
132 143
132 144
132 149
132 157
132 168
132 172
132 174
132 189
132 190
132 194
132 200
132 204
132 209
132 211
132 212
132 214
132 223
132 227
132 228
132 232
132 235
132 240
132 245
132 257
132 264
132 265
132 266
132 272
132 273
132 274
132 282
132 287
132 293
132 298
133 147
133 149
133 158
133 162
133 170
133 179
133 195
133 199
133 203
133 204
133 210
133 218
133 227
133 235
133 238
133 239
133 241
133 242
133 253
133 256
133 261
133 264
133 266
133 274
133 277
133 279
133 282
134 143
134 152
134 168
134 169
134 181
134 186
134 191
134 196
134 200
134 204
134 228
134 230
134 233
134 234
134 236
134 237
134 238
134 239
134 244
134 246
134 253
134 261
134 262
134 267
134 268
134 269
134 273
134 274
134 280
134 281
134 283
134 288
134 291
134 295
134 296
134 299
135 137
135 138
135 139
135 144
135 145
135 146
135 150
135 157
135 163
135 167
135 171
135 176
135 178
135 183
135 186
135 187
135 204
135 208
135 209
135 216
135 218
135 225
135 227
135 230
135 234
135 240
135 253
135 255
135 268
135 283
135 289
135 290
136 142
136 144
136 149
136 153
136 156
136 158
136 160
136 161
136 176
136 177
136 180
136 182
136 183
136 187
136 205
136 207
136 209
136 213
136 216
136 219
136 220
136 225
136 236
136 243
136 246
136 252
136 256
136 265
136 267
136 288
136 290
136 294
136 299
137 147
137 150
137 152
137 161
137 169
137 174
137 180
137 182
137 186
137 187
137 188
137 194
137 195
137 198
137 199
137 201
137 210
137 213
137 224
137 232
137 241
137 245
137 250
137 255
137 263
137 270
137 285
137 286
137 293
137 296
137 297
137 298
138 145
138 147
138 151
138 156
138 164
138 177
138 179
138 180
138 183
138 184
138 185
138 194
138 196
138 201
138 204
138 208
138 211
138 214
138 219
138 224
138 225
138 229
138 231
138 239
138 249
138 268
138 273
138 279
138 282
138 287
138 297
138 299
139 142
139 145
139 155
139 159
139 165
139 166
139 172
139 174
139 188
139 192
139 193
139 195
139 208
139 223
139 230
139 231
139 234
139 243
139 248
139 252
139 257
139 258
139 268
139 270
139 274
139 279
139 284
139 286
139 287
139 289
139 290
139 292
139 293
139 296
140 144
140 150
140 153
140 155
140 169
140 172
140 177
140 178
140 179
140 180
140 188
140 190
140 192
140 196
140 200
140 203
140 204
140 205
140 218
140 221
140 222
140 225
140 229
140 233
140 234
140 245
140 254
140 260
140 263
140 273
140 276
140 282
140 287
140 289
140 291
140 297
141 142
141 145
141 157
141 165
141 168
141 181
141 194
141 196
141 197
141 199
141 206
141 208
141 216
141 222
141 231
141 233
141 235
141 240
141 245
141 246
141 249
141 252
141 263
141 267
141 268
141 281
141 282
141 286
141 299
142 145
142 149
142 152
142 154
142 158
142 161
142 167
142 179
142 184
142 185
142 186
142 188
142 193
142 207
142 208
142 211
142 218
142 222
142 224
142 231
142 240
142 241
142 254
142 259
142 261
142 262
142 263
142 266
142 268
142 269
142 276
142 279
142 286
142 294
142 295
143 161
143 163
143 171
143 172
143 177
143 186
143 188
143 189
143 195
143 197
143 200
143 207
143 211
143 221
143 224
143 236
143 239
143 240
143 242
143 250
143 252
143 268
143 273
143 277
143 291
144 148
144 156
144 160
144 163
144 164
144 165
144 166
144 169
144 170
144 175
144 178
144 179
144 180
144 187
144 191
144 203
144 206
144 216
144 222
144 224
144 225
144 227
144 228
144 235
144 238
144 243
144 244
144 256
144 264
144 267
144 268
144 270
144 273
144 275
144 278
144 281
144 283
144 285
144 287
144 290
144 295
144 299
145 149
145 151
145 152
145 157
145 161
145 167
145 172
145 175
145 178
145 180
145 183
145 186
145 191
145 192
145 197
145 203
145 206
145 216
145 218
145 219
145 224
145 226
145 230
145 232
145 238
145 240
145 244
145 246
145 249
145 250
145 256
145 257
145 258
145 259
145 261
145 262
145 266
145 276
145 283
145 284
145 286
145 292
145 294
146 155
146 159
146 160
146 164
146 165
146 167
146 169
146 170
146 173
146 176
146 188
146 193
146 198
146 201
146 205
146 206
146 207
146 217
146 222
146 226
146 234
146 237
146 249
146 254
146 263
146 265
146 266
146 269
146 270
146 276
146 277
146 283
146 286
146 294
146 297
146 299
147 149
147 156
147 157
147 158
147 169
147 173
147 185
147 187
147 197
147 198
147 199
147 202
147 207
147 213
147 214
147 216
147 217
147 225
147 228
147 229
147 232
147 235
147 236
147 244
147 246
147 251
147 253
147 257
147 264
147 267
147 272
147 282
147 293
148 149
148 152
148 157
148 160
148 161
148 163
148 165
148 167
148 170
148 171
148 182
148 183
148 188
148 189
148 194
148 200
148 206
148 211
148 212
148 214
148 215
148 217
148 220
148 226
148 236
148 238
148 246
148 257
148 264
148 272
148 278
148 279
148 283
148 286
148 288
148 291
148 294
148 297
148 299
149 151
149 153
149 154
149 155
149 157
149 162
149 180
149 182
149 189
149 196
149 201
149 202
149 204
149 206
149 208
149 218
149 222
149 225
149 227
149 245
149 248
149 252
149 253
149 261
149 266
149 267
149 270
149 283
149 287
149 291
149 292
149 299
150 151
150 184
150 188
150 191
150 193
150 197
150 198
150 201
150 204
150 205
150 207
150 214
150 216
150 218
150 221
150 224
150 225
150 228
150 238
150 246
150 253
150 256
150 257
150 259
150 275
150 287
150 289
151 155
151 158
151 159
151 160
151 161
151 168
151 173
151 176
151 178
151 189
151 194
151 197
151 204
151 206
151 209
151 211
151 212
151 222
151 225
151 227
151 230
151 237
151 245
151 251
151 252
151 260
151 262
151 271
151 274
151 282
151 289
151 291
152 153
152 154
152 159
152 160
152 165
152 169
152 174
152 175
152 177
152 181
152 191
152 199
152 200
152 208
152 211
152 220
152 231
152 246
152 255
152 270
152 271
152 277
152 297
152 299
153 154
153 161
153 168
153 170
153 173
153 178
153 179
153 183
153 185
153 193
153 194
153 202
153 206
153 209
153 217
153 220
153 225
153 228
153 229
153 232
153 242
153 245
153 246
153 249
153 263
153 265
153 267
153 273
153 274
153 277
153 283
153 287
153 289
153 293
153 295
153 298
154 164
154 167
154 169
154 172
154 176
154 188
154 200
154 212
154 215
154 217
154 220
154 228
154 229
154 231
154 234
154 235
154 244
154 245
154 248
154 265
154 266
154 267
154 268
154 272
154 288
154 290
154 293
154 299
155 157
155 159
155 167
155 172
155 176
155 177
155 182
155 185
155 187
155 188
155 189
155 196
155 197
155 203
155 204
155 213
155 216
155 218
155 223
155 230
155 235
155 240
155 244
155 245
155 247
155 248
155 249
155 250
155 257
155 258
155 261
155 268
155 272
155 275
155 279
155 281
155 282
155 292
156 158
156 159
156 161
156 166
156 179
156 182
156 184
156 186
156 187
156 203
156 207
156 208
156 216
156 221
156 228
156 230
156 232
156 238
156 251
156 252
156 253
156 259
156 261
156 266
156 267
156 269
156 272
156 275
156 276
156 281
156 283
156 285
156 287
156 292
156 293
156 297
157 158
157 164
157 169
157 175
157 176
157 177
157 180
157 184
157 186
157 205
157 209
157 216
157 223
157 226
157 233
157 234
157 237
157 245
157 257
157 259
157 261
157 262
157 263
157 264
157 270
157 275
157 278
157 280
157 283
157 285
157 291
157 294
158 161
158 162
158 164
158 174
158 177
158 178
158 179
158 183
158 188
158 189
158 192
158 193
158 194
158 197
158 202
158 204
158 206
158 208
158 209
158 212
158 215
158 216
158 223
158 226
158 237
158 252
158 253
158 255
158 256
158 260
158 261
158 268
158 270
158 273
158 282
158 286
158 288
158 294
158 296
158 298
159 162
159 168
159 172
159 177
159 178
159 182
159 185
159 186
159 189
159 193
159 194
159 207
159 213
159 226
159 229
159 230
159 261
159 268
159 272
159 284
159 287
159 288
159 290
160 169
160 172
160 174
160 176
160 183
160 184
160 189
160 190
160 193
160 197
160 198
160 202
160 206
160 213
160 216
160 224
160 228
160 236
160 244
160 249
160 250
160 254
160 257
160 265
160 267
160 268
160 278
160 292
161 165
161 181
161 182
161 189
161 190
161 193
161 200
161 203
161 208
161 210
161 211
161 212
161 222
161 226
161 228
161 231
161 234
161 238
161 241
161 248
161 251
161 252
161 262
161 263
161 265
161 266
161 267
161 269
161 271
161 277
161 286
161 289
161 293
162 164
162 169
162 178
162 187
162 190
162 193
162 195
162 198
162 201
162 202
162 208
162 209
162 211
162 213
162 218
162 222
162 223
162 226
162 228
162 234
162 237
162 248
162 249
162 253
162 254
162 260
162 265
162 269
162 270
162 271
162 278
162 297
162 298
163 171
163 184
163 185
163 190
163 193
163 202
163 207
163 213
163 216
163 227
163 230
163 233
163 237
163 241
163 243
163 249
163 251
163 256
163 261
163 268
163 271
163 278
163 280
163 282
163 283
163 292
163 296
164 168
164 175
164 183
164 189
164 191
164 196
164 197
164 200
164 201
164 222
164 231
164 235
164 243
164 245
164 246
164 253
164 255
164 261
164 266
164 267
164 270
164 271
164 272
164 282
164 289
164 293
165 166
165 168
165 171
165 172
165 182
165 196
165 205
165 220
165 227
165 229
165 231
165 236
165 255
165 256
165 257
165 258
165 261
165 263
165 264
165 271
165 273
165 277
165 284
165 289
165 291
165 297
166 169
166 174
166 184
166 188
166 196
166 199
166 210
166 215
166 216
166 217
166 249
166 251
166 253
166 255
166 256
166 265
166 266
166 268
166 279
166 286
166 288
166 290
166 291
166 293
167 169
167 174
167 175
167 178
167 180
167 184
167 187
167 200
167 202
167 208
167 210
167 216
167 219
167 225
167 228
167 229
167 230
167 234
167 236
167 238
167 248
167 254
167 258
167 260
167 273
167 280
167 288
167 298
168 169
168 170
168 176
168 177
168 179
168 185
168 195
168 200
168 203
168 205
168 212
168 213
168 219
168 220
168 222
168 225
168 226
168 232
168 237
168 242
168 243
168 259
168 267
168 269
168 275
168 284
168 286
168 287
168 291
168 295
168 296
169 170
169 186
169 188
169 189
169 194
169 206
169 212
169 215
169 227
169 229
169 232
169 235
169 248
169 267
169 271
169 276
169 279
169 288
169 293
169 295
170 177
170 181
170 187
170 190
170 191
170 192
170 194
170 198
170 201
170 202
170 206
170 207
170 213
170 215
170 223
170 226
170 229
170 241
170 250
170 261
170 270
170 273
170 282
170 293
170 299
171 173
171 176
171 182
171 183
171 185
171 189
171 191
171 199
171 206
171 209
171 212
171 213
171 235
171 236
171 243
171 244
171 248
171 251
171 256
171 261
171 263
171 270
171 276
171 288
172 178
172 180
172 181
172 189
172 194
172 199
172 203
172 207
172 209
172 211
172 212
172 214
172 230
172 233
172 239
172 241
172 243
172 246
172 248
172 252
172 257
172 260
172 273
172 280
172 286
172 287
172 289
172 297
173 176
173 186
173 191
173 208
173 210
173 215
173 216
173 217
173 219
173 220
173 221
173 224
173 234
173 239
173 240
173 250
173 255
173 261
173 262
173 266
173 267
173 268
173 277
173 281
173 282
173 289
174 176
174 179
174 180
174 181
174 183
174 190
174 191
174 193
174 198
174 205
174 213
174 216
174 218
174 219
174 220
174 222
174 228
174 229
174 233
174 235
174 239
174 241
174 242
174 243
174 262
174 268
174 269
174 273
174 275
174 280
174 281
174 295
175 179
175 183
175 185
175 186
175 187
175 204
175 210
175 213
175 217
175 220
175 226
175 239
175 246
175 251
175 252
175 262
175 269
175 272
175 276
175 277
175 279
175 282
175 285
175 294
175 295
176 180
176 181
176 182
176 195
176 201
176 220
176 223
176 228
176 240
176 246
176 254
176 266
176 270
176 277
176 278
176 280
176 285
176 289
176 290
177 184
177 187
177 189
177 195
177 196
177 198
177 206
177 211
177 220
177 221
177 227
177 241
177 246
177 249
177 250
177 258
177 272
177 273
177 279
177 281
177 285
177 289
177 290
177 291
177 295
177 299
178 188
178 201
178 203
178 207
178 215
178 221
178 224
178 225
178 227
178 232
178 237
178 239
178 254
178 256
178 258
178 259
178 262
178 264
178 268
178 281
178 282
178 283
178 289
178 291
178 292
178 293
178 298
179 182
179 186
179 190
179 191
179 196
179 200
179 202
179 212
179 216
179 217
179 220
179 225
179 226
179 228
179 239
179 248
179 253
179 255
179 259
179 267
179 269
179 273
179 275
179 277
179 282
179 288
179 299
180 190
180 193
180 194
180 196
180 201
180 212
180 215
180 216
180 217
180 218
180 221
180 222
180 228
180 237
180 238
180 242
180 249
180 258
180 263
180 273
180 277
180 279
180 283
180 286
180 288
180 297
180 298
181 183
181 185
181 198
181 204
181 208
181 211
181 214
181 217
181 224
181 231
181 244
181 247
181 253
181 257
181 259
181 262
181 271
181 278
181 286
181 291
181 297
182 187
182 190
182 194
182 199
182 203
182 210
182 233
182 235
182 238
182 241
182 243
182 252
182 263
182 268
182 286
182 289
182 292
182 294
183 189
183 195
183 198
183 201
183 203
183 208
183 213
183 226
183 228
183 229
183 233
183 235
183 240
183 241
183 246
183 250
183 252
183 258
183 265
183 274
183 277
183 282
183 298
184 192
184 196
184 198
184 201
184 206
184 209
184 220
184 230
184 231
184 234
184 239
184 243
184 246
184 256
184 265
184 271
184 285
184 290
184 298
185 190
185 195
185 201
185 203
185 206
185 216
185 218
185 222
185 224
185 227
185 238
185 241
185 246
185 249
185 252
185 254
185 264
185 270
185 277
185 292
185 298
186 193
186 205
186 211
186 223
186 227
186 242
186 245
186 247
186 248
186 250
186 259
186 261
186 262
186 263
186 268
186 269
186 270
186 272
186 275
186 292
187 195
187 200
187 210
187 211
187 215
187 224
187 226
187 229
187 232
187 233
187 236
187 237
187 238
187 244
187 247
187 249
187 252
187 260
187 261
187 263
187 266
187 275
187 276
187 278
187 291
187 296
188 189
188 195
188 199
188 207
188 214
188 216
188 217
188 246
188 250
188 254
188 266
188 267
188 272
188 276
188 277
188 281
188 293
189 198
189 202
189 204
189 205
189 209
189 214
189 215
189 228
189 232
189 238
189 240
189 242
189 246
189 253
189 256
189 259
189 265
189 266
189 276
189 281
189 285
189 287
189 289
189 295
189 297
190 196
190 197
190 202
190 203
190 204
190 215
190 216
190 221
190 226
190 227
190 230
190 234
190 235
190 239
190 243
190 248
190 250
190 251
190 254
190 260
190 269
190 271
190 274
190 280
190 283
190 284
190 292
190 293
190 294
191 192
191 210
191 212
191 215
191 217
191 222
191 232
191 242
191 244
191 258
191 259
191 271
191 272
191 275
191 280
191 281
191 284
191 288
191 290
191 295
192 194
192 196
192 198
192 201
192 204
192 205
192 221
192 225
192 229
192 233
192 235
192 238
192 239
192 240
192 246
192 247
192 248
192 252
192 260
192 263
192 268
192 274
192 275
192 284
192 286
192 295
193 199
193 201
193 212
193 219
193 220
193 229
193 231
193 233
193 235
193 239
193 248
193 253
193 256
193 257
193 262
193 266
193 270
193 271
193 272
193 281
193 287
193 297
194 199
194 200
194 205
194 207
194 208
194 213
194 217
194 219
194 220
194 222
194 225
194 230
194 235
194 236
194 240
194 241
194 249
194 258
194 259
194 260
194 270
194 274
194 288
194 292
195 198
195 201
195 202
195 203
195 204
195 218
195 220
195 221
195 222
195 223
195 232
195 237
195 239
195 240
195 242
195 244
195 247
195 248
195 253
195 263
195 275
195 277
195 278
195 281
195 284
195 285
195 287
195 289
195 292
195 294
195 295
196 197
196 199
196 209
196 210
196 220
196 225
196 226
196 233
196 245
196 247
196 253
196 263
196 266
196 267
196 272
196 276
196 288
196 289
196 292
196 294
196 298
197 201
197 205
197 215
197 220
197 232
197 240
197 248
197 249
197 251
197 256
197 258
197 261
197 263
197 266
197 268
197 277
197 287
197 293
198 200
198 201
198 204
198 207
198 209
198 214
198 217
198 218
198 219
198 231
198 236
198 240
198 244
198 249
198 252
198 260
198 262
198 265
198 271
198 281
198 282
198 286
198 291
198 293
199 203
199 206
199 214
199 215
199 217
199 218
199 222
199 230
199 234
199 236
199 237
199 238
199 250
199 253
199 258
199 260
199 265
199 268
199 282
199 283
199 284
199 288
199 290
199 291
199 297
200 207
200 209
200 210
200 220
200 222
200 231
200 232
200 238
200 240
200 245
200 247
200 258
200 259
200 260
200 266
200 269
200 274
200 283
200 284
200 287
200 289
200 290
200 298
201 207
201 213
201 217
201 220
201 230
201 237
201 238
201 255
201 257
201 261
201 267
201 270
201 276
201 278
201 279
201 281
201 283
201 287
201 292
201 297
201 299
202 203
202 205
202 210
202 218
202 226
202 238
202 239
202 243
202 246
202 247
202 252
202 253
202 257
202 261
202 273
202 274
202 288
202 289
203 204
203 208
203 213
203 217
203 220
203 225
203 226
203 232
203 239
203 247
203 253
203 271
203 273
203 275
203 282
203 286
203 296
204 210
204 219
204 221
204 228
204 230
204 233
204 234
204 235
204 244
204 253
204 254
204 261
204 262
204 264
204 273
204 279
204 282
204 288
204 293
205 209
205 215
205 221
205 229
205 232
205 233
205 235
205 236
205 237
205 242
205 252
205 255
205 256
205 260
205 264
205 270
205 273
205 282
205 284
205 288
205 292
205 295
205 298
206 207
206 208
206 211
206 219
206 220
206 230
206 237
206 240
206 242
206 246
206 247
206 248
206 250
206 253
206 263
206 273
206 277
206 282
206 285
206 288
206 290
207 211
207 218
207 219
207 222
207 228
207 232
207 233
207 235
207 242
207 254
207 256
207 265
207 271
207 275
207 277
207 280
207 283
207 294
207 297
207 299
208 217
208 218
208 219
208 220
208 223
208 224
208 232
208 237
208 238
208 245
208 249
208 252
208 256
208 259
208 261
208 264
208 273
208 275
208 279
208 287
208 288
208 290
209 212
209 218
209 221
209 223
209 227
209 237
209 244
209 245
209 246
209 247
209 261
209 262
209 263
209 270
209 271
209 282
209 286
209 288
209 295
210 211
210 216
210 224
210 233
210 241
210 244
210 261
210 267
210 275
210 287
210 289
210 298
211 212
211 222
211 242
211 244
211 245
211 247
211 248
211 255
211 256
211 257
211 265
211 266
211 275
211 279
211 281
211 284
211 289
211 295
211 297
211 299
212 215
212 230
212 232
212 236
212 242
212 247
212 256
212 259
212 265
212 278
212 280
212 281
212 283
212 286
212 292
212 295
213 216
213 218
213 219
213 223
213 231
213 236
213 239
213 245
213 248
213 255
213 257
213 264
213 270
213 271
213 274
213 280
213 288
213 290
213 291
213 292
213 294
213 298
214 218
214 225
214 228
214 236
214 240
214 241
214 243
214 244
214 248
214 250
214 254
214 264
214 266
214 283
214 286
214 289
214 291
214 293
214 294
214 296
215 218
215 219
215 221
215 229
215 235
215 242
215 243
215 244
215 247
215 251
215 263
215 276
215 278
215 280
215 281
215 283
215 288
215 296
215 299
216 217
216 226
216 227
216 233
216 237
216 241
216 243
216 248
216 250
216 251
216 252
216 253
216 259
216 262
216 264
216 265
216 266
216 270
216 277
216 282
216 283
216 284
216 285
216 286
216 299
217 220
217 221
217 223
217 230
217 237
217 244
217 256
217 266
217 271
217 282
217 285
217 287
217 291
218 224
218 242
218 244
218 251
218 252
218 262
218 273
218 284
218 293
218 299
219 225
219 226
219 242
219 253
219 254
219 256
219 263
219 269
219 275
219 277
219 282
219 294
219 295
220 221
220 222
220 229
220 232
220 234
220 242
220 243
220 248
220 253
220 255
220 262
220 268
220 277
220 278
220 282
220 284
220 292
220 294
220 295
220 296
221 225
221 227
221 233
221 236
221 251
221 260
221 262
221 263
221 266
221 267
221 280
221 281
221 286
221 289
221 295
222 224
222 225
222 229
222 235
222 238
222 239
222 243
222 253
222 270
222 274
222 277
222 281
222 283
222 285
222 290
222 297
223 243
223 244
223 248
223 250
223 253
223 255
223 257
223 258
223 263
223 266
223 272
223 275
223 279
223 282
223 283
223 288
223 290
223 293
223 296
223 297
224 225
224 227
224 235
224 240
224 243
224 244
224 245
224 253
224 265
224 270
224 273
224 275
224 282
224 290
224 294
224 295
224 297
224 298
225 229
225 239
225 242
225 247
225 253
225 257
225 265
225 272
225 279
225 285
225 295
226 241
226 242
226 243
226 253
226 256
226 262
226 264
226 273
226 274
226 281
226 285
226 287
226 293
226 295
226 297
226 298
227 230
227 231
227 232
227 234
227 241
227 244
227 247
227 248
227 249
227 258
227 278
227 280
227 283
227 290
227 291
227 292
228 231
228 233
228 247
228 254
228 257
228 260
228 264
228 265
228 270
228 276
228 279
228 280
228 282
228 283
228 286
228 291
228 292
228 295
228 299
229 233
229 239
229 240
229 244
229 245
229 246
229 249
229 263
229 264
229 266
229 268
229 273
229 278
229 281
229 284
229 286
229 288
229 293
229 299
230 233
230 236
230 238
230 250
230 252
230 255
230 259
230 263
230 264
230 267
230 270
230 274
230 276
230 282
230 295
230 298
231 240
231 241
231 247
231 254
231 259
231 260
231 265
231 266
231 275
231 279
231 284
231 286
231 288
231 289
231 290
231 292
231 297
232 235
232 239
232 243
232 249
232 250
232 254
232 263
232 270
232 276
232 289
232 295
233 235
233 249
233 254
233 256
233 263
233 267
233 277
233 278
233 279
233 280
233 288
233 290
233 291
233 293
233 299
234 235
234 238
234 242
234 246
234 251
234 259
234 263
234 269
234 272
234 281
234 282
234 293
235 244
235 248
235 251
235 252
235 260
235 265
235 270
235 288
235 290
235 292
236 258
236 265
236 278
236 281
236 288
236 296
236 299
237 243
237 270
237 273
237 274
237 275
237 283
238 244
238 248
238 249
238 258
238 259
238 261
238 265
238 267
238 268
238 293
238 295
238 298
238 299
239 243
239 254
239 258
239 263
239 273
239 275
239 280
239 281
239 284
239 288
240 241
240 246
240 247
240 250
240 251
240 261
240 263
240 265
240 267
240 268
240 270
240 274
240 275
240 276
240 279
240 282
240 291
240 295
240 296
241 251
241 257
241 259
241 261
241 263
241 264
241 268
241 275
241 279
241 283
241 285
241 290
241 294
242 261
242 265
242 269
242 270
242 282
242 284
242 285
242 286
242 287
242 297
242 299
243 263
243 272
243 281
243 284
243 293
243 294
243 299
244 247
244 256
244 260
244 264
244 272
244 274
244 275
244 279
244 281
244 282
244 288
244 289
244 292
245 248
245 249
245 254
245 266
245 267
245 273
245 274
245 275
245 285
245 289
245 291
245 297
246 248
246 250
246 258
246 262
246 267
246 268
246 269
246 271
246 281
246 286
246 290
246 296
247 251
247 253
247 258
247 259
247 264
247 269
247 270
247 271
247 272
247 280
247 295
248 250
248 251
248 252
248 260
248 266
248 271
248 275
248 293
248 294
248 296
249 251
249 255
249 256
249 257
249 261
249 271
249 272
249 276
249 282
249 287
249 290
249 293
249 299
250 253
250 259
250 278
250 279
250 292
250 295
250 297
251 252
251 254
251 265
251 269
251 281
251 288
251 292
251 297
252 254
252 271
252 280
252 289
252 292
252 296
252 299
253 258
253 260
253 264
253 269
253 280
253 285
253 289
253 294
253 295
254 256
254 258
254 271
254 275
254 278
254 298
255 256
255 258
255 268
255 272
255 276
255 277
255 281
255 282
255 284
255 286
255 294
255 298
255 299
256 271
256 275
256 282
256 283
256 284
256 292
256 297
256 298
257 260
257 261
257 273
257 278
257 280
257 281
257 292
257 299
258 260
258 266
258 267
258 272
258 274
258 287
258 292
258 294
258 299
259 260
259 262
259 265
259 270
259 274
259 276
259 280
259 285
259 294
260 266
260 268
260 271
260 274
260 278
260 284
260 291
260 293
260 298
260 299
261 267
261 269
261 271
261 274
261 280
261 289
261 293
261 297
262 267
262 276
262 281
262 284
262 294
262 296
262 297
263 268
263 270
263 276
263 284
263 286
263 287
263 298
264 284
264 287
264 293
265 272
265 273
265 275
265 276
265 280
265 284
265 285
265 287
265 289
266 278
266 279
266 282
266 288
266 293
266 297
266 298
267 268
267 269
267 271
267 276
267 277
267 279
267 280
267 284
267 285
267 289
267 290
267 292
267 293
267 296
267 299
268 271
268 273
268 274
268 275
268 281
268 285
268 289
268 290
268 296
269 277
269 284
269 290
269 296
270 273
270 277
270 280
270 282
270 284
270 285
270 286
270 295
270 299
271 279
271 283
271 289
272 273
272 276
272 283
272 284
272 289
272 292
272 293
272 296
273 276
273 277
273 285
273 291
273 294
274 280
274 281
274 282
274 285
274 292
274 297
275 277
275 284
275 288
275 289
275 291
276 280
276 291
276 296
277 289
277 290
277 292
277 296
278 280
278 281
278 283
278 293
279 284
279 291
279 293
280 283
280 287
280 292
280 296
280 297
280 298
281 284
282 288
282 290
282 296
282 297
283 285
283 288
283 289
283 293
283 298
283 299
284 296
285 288
285 290
285 296
286 287
286 291
286 293
286 295
286 296
287 290
287 298
289 292
289 295
289 298
290 299
291 296
292 294
292 295
292 296
292 298
292 299
294 299
296 299
297 299
