300 1629
0 22
0 162
0 171
0 199
0 202
0 223
0 254
1 3
1 40
1 136
1 139
1 157
1 180
1 186
1 195
1 228
1 269
1 270
2 5
2 32
2 52
2 53
2 60
2 76
2 144
2 152
2 174
2 213
2 263
2 267
2 276
2 297
2 298
3 11
3 14
3 33
3 44
3 56
3 92
3 105
3 145
3 232
4 38
4 42
4 58
4 62
4 105
4 151
4 193
4 198
5 11
5 14
5 17
5 50
5 128
5 169
5 189
5 219
5 225
5 229
5 255
5 259
5 288
6 82
6 99
6 133
6 149
6 195
6 203
6 253
6 277
6 282
7 27
7 79
7 112
7 115
7 134
7 156
7 172
7 217
7 231
7 257
8 113
8 181
8 192
8 213
8 215
8 223
8 230
8 257
8 283
9 47
9 87
9 130
9 145
9 181
9 188
9 200
9 201
9 242
9 248
9 249
9 294
10 25
10 70
10 72
10 156
10 172
10 179
10 233
10 284
11 15
11 26
11 44
11 48
11 137
11 180
11 254
11 258
12 20
12 99
12 121
12 132
12 230
12 241
12 283
13 28
13 63
13 181
13 195
13 231
13 241
13 292
13 293
14 173
14 184
14 248
14 276
14 278
15 41
15 142
15 146
15 191
15 233
15 242
15 257
15 258
15 289
16 89
16 98
16 100
16 168
16 179
16 234
16 243
16 265
16 267
17 26
17 49
17 55
17 133
17 204
17 299
18 19
18 27
18 45
18 76
18 78
18 83
18 97
18 105
18 108
18 123
18 183
18 201
18 202
18 254
18 258
18 264
18 279
18 291
19 28
19 78
19 155
19 161
19 171
19 237
19 269
20 21
20 34
20 36
20 37
20 97
20 105
20 121
20 130
20 204
20 252
20 259
20 296
21 72
21 131
21 137
21 160
21 257
21 268
22 89
22 96
22 100
22 104
22 148
22 168
22 209
22 218
22 260
23 73
23 75
23 105
23 114
23 167
23 211
23 218
23 231
23 248
23 270
23 292
23 298
24 39
24 59
24 85
24 153
24 162
24 216
24 231
24 260
25 38
25 41
25 86
25 144
25 195
25 247
25 283
25 287
26 87
26 107
26 134
26 190
26 191
26 215
26 254
26 255
26 257
26 279
27 49
27 77
27 151
27 175
27 184
27 203
27 239
27 265
27 274
28 86
28 148
28 156
28 186
28 187
28 190
28 224
28 227
29 61
29 113
29 131
29 137
29 145
29 157
29 168
29 246
29 247
29 292
30 62
30 86
30 120
30 152
30 197
30 201
30 215
30 236
30 284
31 60
31 84
31 103
31 112
31 146
31 149
31 160
31 181
31 187
32 38
32 90
32 103
32 131
32 147
32 149
32 170
32 189
32 214
32 248
32 269
33 43
33 60
33 95
33 119
33 122
33 153
33 168
33 196
33 244
34 61
34 168
34 174
34 238
34 260
34 286
34 287
34 289
35 45
35 98
35 110
35 209
35 226
35 234
35 238
35 282
35 286
36 68
36 72
36 80
36 113
36 129
36 171
36 216
36 284
37 39
37 44
37 83
37 185
37 207
37 211
37 225
37 237
37 247
37 260
38 48
38 66
38 72
38 93
38 129
38 204
38 241
38 289
39 44
39 47
39 77
39 89
39 208
39 210
39 238
39 253
40 50
40 52
40 78
40 90
40 103
40 109
40 113
40 121
40 186
40 188
40 253
40 281
40 288
41 75
41 86
41 109
41 147
41 176
41 179
41 191
41 213
41 244
41 266
41 269
41 298
41 299
42 82
42 88
42 96
42 130
42 168
42 188
42 208
42 217
42 281
42 287
43 79
43 86
43 101
43 128
43 159
43 160
43 172
43 182
43 213
43 228
43 270
43 288
43 298
44 51
44 55
44 69
44 131
44 210
44 220
44 226
44 261
44 296
45 72
45 83
45 130
45 154
45 159
45 209
45 216
45 234
45 254
45 275
46 122
46 131
46 173
46 246
46 273
47 82
47 203
47 204
47 225
47 249
47 262
47 278
47 286
47 296
48 94
48 101
48 104
48 146
48 181
48 203
48 209
48 220
48 229
48 240
48 250
48 252
48 268
48 280
48 287
49 80
49 94
49 205
49 228
49 248
49 250
49 264
50 69
50 80
50 81
50 120
50 134
50 142
50 220
50 272
50 287
51 116
51 137
51 167
51 179
51 184
51 216
51 235
51 251
51 260
52 75
52 147
52 160
52 190
52 207
52 226
52 233
52 258
52 284
53 68
53 92
53 100
53 106
53 109
53 110
53 112
53 183
53 192
53 201
53 204
53 205
53 207
53 219
53 267
53 268
53 281
54 69
54 84
54 107
54 201
54 204
54 214
54 217
54 218
55 56
55 58
55 120
55 125
55 147
55 168
55 204
55 205
55 249
55 265
55 282
55 296
56 134
56 151
56 161
56 267
56 275
56 277
57 71
57 83
57 114
57 189
57 192
57 195
57 222
57 226
57 244
57 294
58 81
58 82
58 117
58 147
58 168
58 264
58 275
58 296
59 70
59 110
59 115
59 138
59 168
59 191
59 298
60 72
60 97
60 113
60 127
60 145
60 187
61 79
61 114
61 118
61 126
61 130
61 133
61 165
61 166
61 272
62 76
62 82
62 92
62 121
62 138
62 166
62 171
62 194
62 215
62 224
62 248
62 275
63 65
63 70
63 104
63 133
63 154
63 192
63 200
63 222
63 252
63 281
64 91
64 119
64 158
64 192
64 193
64 196
64 221
64 222
64 245
64 278
65 86
65 128
65 172
65 176
65 264
66 78
66 93
66 103
66 133
66 151
66 158
66 181
66 238
66 239
66 269
66 288
67 132
67 162
67 199
67 236
67 260
67 262
68 77
68 105
68 112
68 113
68 125
68 140
68 215
68 243
68 262
68 282
69 84
69 120
69 124
69 126
69 145
69 167
69 172
69 183
69 193
69 232
69 252
69 254
70 72
70 130
70 133
70 143
70 152
70 157
70 209
70 223
70 272
70 287
70 297
71 150
71 243
71 280
71 289
71 293
72 87
72 90
72 112
72 129
72 147
72 157
72 166
72 191
72 236
72 244
72 261
73 105
73 108
73 158
73 186
73 251
73 254
73 261
73 284
73 286
73 291
74 104
74 119
74 120
74 154
74 200
74 207
74 268
74 279
74 296
75 129
75 172
75 180
75 182
75 198
75 206
75 231
75 232
75 256
75 260
75 299
76 89
76 91
76 94
76 215
76 220
76 273
76 294
76 295
77 83
77 169
77 195
77 200
77 207
77 254
78 198
78 248
79 84
79 85
79 104
79 109
79 224
79 255
79 280
79 292
80 111
80 173
80 182
80 184
80 243
80 268
81 100
81 124
81 125
81 131
81 140
81 141
81 147
81 167
81 169
81 171
81 187
81 189
81 206
81 227
82 163
82 180
82 202
82 217
82 232
82 270
83 89
83 94
83 160
83 161
83 163
83 192
83 211
83 285
84 88
84 99
84 133
84 179
85 87
85 134
85 138
85 189
85 217
85 241
85 256
85 272
85 283
86 118
86 190
86 194
86 201
86 249
86 258
86 266
86 278
86 299
87 89
87 100
87 101
87 231
87 242
87 272
88 176
88 224
88 225
88 230
88 255
88 256
88 261
88 270
88 280
89 105
89 160
89 194
89 209
89 215
89 236
89 244
90 126
90 213
90 237
90 245
91 94
91 231
91 239
91 250
91 255
91 262
91 276
92 115
92 128
92 145
92 160
92 162
92 174
92 187
92 219
92 237
92 282
92 298
93 95
93 119
93 170
93 174
93 214
93 220
93 268
94 107
94 111
94 117
94 118
94 129
94 143
94 144
94 148
94 176
94 201
94 210
94 253
94 283
94 284
95 103
95 110
95 212
95 227
95 234
95 248
95 269
95 281
95 293
96 99
96 108
96 114
96 136
96 155
96 203
96 280
96 299
97 100
97 198
97 199
97 210
97 229
97 278
98 198
98 203
98 268
99 103
99 137
99 139
99 140
99 153
99 169
99 176
99 179
99 217
99 287
99 299
100 122
100 125
100 158
100 161
100 199
100 215
100 245
101 121
101 134
101 164
101 178
101 188
101 192
101 194
101 273
101 297
102 118
102 121
102 136
102 164
102 165
102 167
102 176
102 178
102 254
103 133
103 163
103 233
103 257
104 148
104 216
104 251
104 256
104 264
104 275
104 299
105 131
105 165
105 211
105 226
105 279
105 285
105 297
106 124
106 128
106 135
106 187
106 188
106 197
106 270
106 291
107 153
107 165
107 230
107 277
108 141
108 144
108 198
108 199
108 214
108 229
108 280
109 128
109 167
109 182
109 242
109 295
110 152
110 153
110 170
110 198
110 244
110 262
110 267
110 288
111 130
111 140
111 147
111 151
111 173
111 198
111 260
111 293
112 155
112 161
112 193
112 287
113 126
113 243
113 276
113 289
113 298
114 208
114 230
114 237
114 238
115 181
115 187
115 229
115 241
115 258
116 140
116 149
116 157
116 206
116 215
116 226
116 269
116 297
117 146
117 153
117 164
117 170
117 234
117 248
117 250
117 279
118 128
118 165
118 205
118 240
118 295
119 123
119 133
119 224
119 253
119 263
119 292
120 171
120 182
120 222
120 294
121 144
121 149
121 195
121 200
121 217
121 221
121 234
121 274
122 144
122 202
122 231
122 249
122 288
122 291
122 294
123 161
123 169
123 170
123 176
123 220
123 225
123 248
123 275
123 299
124 167
124 180
124 188
124 224
124 251
124 260
124 262
124 270
125 140
125 166
125 186
125 204
125 225
125 231
125 243
125 262
125 265
125 269
125 286
126 152
126 166
126 185
126 200
126 223
126 230
126 265
126 270
127 137
127 142
127 171
127 241
127 257
128 132
128 134
128 156
128 175
128 204
128 215
128 245
129 194
129 198
130 233
130 239
130 253
130 268
131 138
131 146
131 187
131 222
132 178
132 192
132 197
132 202
132 267
132 268
132 271
133 177
133 184
133 189
133 201
133 214
133 223
133 252
133 261
133 269
133 287
134 135
134 153
134 159
134 164
134 188
134 203
134 271
135 139
135 153
135 171
135 172
135 221
135 242
135 253
135 271
136 219
136 225
136 239
136 255
136 259
136 267
136 274
137 139
137 152
137 162
137 180
137 183
137 185
137 199
137 210
137 212
137 240
138 147
138 211
138 240
138 252
138 266
138 277
138 289
139 171
139 180
139 256
139 261
139 278
140 223
140 258
140 266
141 149
141 156
141 176
141 238
141 270
141 292
142 177
142 180
142 194
142 197
142 204
142 232
142 253
142 274
142 283
142 296
143 157
143 168
143 177
143 181
143 192
143 212
144 147
144 157
144 160
144 177
144 195
144 209
144 218
144 227
145 161
145 174
145 209
145 241
145 278
145 288
146 181
147 192
147 247
147 255
147 269
147 275
147 293
148 223
148 225
148 232
149 154
149 188
149 189
149 217
149 221
149 225
149 298
150 158
150 166
150 177
150 180
150 199
150 223
150 256
150 261
150 293
151 164
151 187
151 191
151 222
151 266
151 290
151 294
152 157
152 174
152 188
152 220
152 228
152 230
152 231
152 285
153 208
153 241
153 263
153 267
153 274
154 159
154 192
154 230
154 263
154 287
155 163
155 177
155 198
155 221
155 235
156 182
156 205
156 280
157 168
157 234
157 257
158 173
158 188
158 234
158 256
158 295
159 168
159 193
159 266
160 184
160 190
160 223
160 280
161 182
161 213
161 291
162 221
162 228
162 235
162 259
162 270
162 291
163 189
163 204
163 210
163 230
163 242
163 256
163 262
163 286
164 199
164 208
164 223
164 226
164 233
164 261
164 264
164 272
164 275
164 277
164 281
164 294
164 297
165 239
165 286
166 168
166 225
166 272
166 275
166 296
166 297
167 191
167 210
167 262
167 292
168 233
168 236
168 255
168 267
168 289
169 199
169 219
169 234
169 260
169 275
170 185
170 198
170 253
170 287
171 205
171 289
172 229
172 239
172 285
172 295
173 225
173 255
173 258
174 185
174 202
174 210
174 230
174 231
174 254
174 274
175 202
175 213
175 230
176 238
176 271
176 288
176 295
177 240
177 293
178 196
178 197
178 221
178 231
178 238
178 249
178 283
178 288
179 214
179 234
179 274
180 185
180 191
180 202
180 222
180 231
180 241
180 242
180 248
180 251
181 214
181 236
181 282
182 220
182 260
183 193
183 201
183 213
183 274
184 193
184 195
184 241
184 254
184 277
184 280
184 281
185 229
185 240
185 271
186 199
186 242
186 268
186 282
186 288
186 297
187 189
187 273
187 279
188 190
188 205
188 259
188 280
188 299
189 190
189 191
189 221
189 226
189 246
190 262
191 226
191 234
191 245
191 252
191 265
192 202
192 239
193 206
193 210
193 227
193 233
193 238
194 261
194 273
194 296
195 204
195 292
195 296
196 252
196 286
196 295
197 239
197 240
197 269
197 299
198 244
199 239
199 251
199 256
199 274
200 224
200 229
200 231
200 236
200 240
200 255
200 277
201 269
202 206
202 210
202 285
203 205
203 248
203 283
204 215
204 269
204 287
205 246
206 219
206 228
206 235
206 296
207 225
207 240
207 247
207 290
208 237
208 248
208 249
208 262
208 295
209 244
209 267
209 269
209 285
209 294
210 215
210 221
210 248
210 253
210 258
210 293
211 227
211 228
212 226
212 269
212 273
213 225
213 240
213 249
213 258
213 259
213 285
213 290
214 243
214 282
214 296
215 223
215 271
216 227
216 251
217 228
217 244
217 254
217 291
218 252
219 235
219 239
219 245
219 259
219 290
220 222
220 229
220 267
221 283
221 299
222 245
222 255
222 290
223 233
223 242
224 247
224 291
225 237
226 249
226 266
227 242
227 289
228 284
228 296
229 245
229 278
229 286
229 295
232 239
232 271
232 280
232 283
233 241
233 265
234 272
234 295
235 240
236 272
236 293
237 252
237 257
237 272
237 286
238 265
238 289
240 254
240 262
240 273
240 298
241 289
242 286
243 273
244 277
244 296
245 262
245 298
246 268
246 281
247 268
247 292
247 297
248 283
249 253
249 278
249 279
249 293
250 261
251 288
252 264
253 256
253 290
254 276
255 278
255 281
256 261
256 286
257 268
257 276
259 278
259 292
261 277
262 273
262 291
263 277
263 292
264 282
264 284
265 299
266 280
266 287
267 268
267 299
268 279
268 298
270 291
271 295
273 299
274 276
274 296
275 291
276 293
276 297
277 295
278 282
279 282
280 290
280 294
282 294
282 299
283 295
284 285
284 292
287 291
288 296
292 294
293 298
