300 3819
0 8
0 12
0 16
0 20
0 33
0 43
0 65
0 66
0 75
0 86
0 111
0 118
0 137
0 164
0 200
0 228
0 231
0 258
0 275
0 292
0 295
1 5
1 11
1 19
1 34
1 38
1 43
1 53
1 81
1 84
1 86
1 140
1 161
1 187
1 192
1 195
1 209
1 214
1 217
1 218
1 232
1 236
1 264
1 265
1 266
1 284
1 291
1 297
2 16
2 45
2 53
2 56
2 66
2 68
2 77
2 78
2 82
2 93
2 103
2 125
2 131
2 134
2 144
2 152
2 167
2 171
2 172
2 187
2 199
2 216
2 232
2 237
2 258
2 299
3 7
3 10
3 14
3 22
3 35
3 41
3 45
3 51
3 69
3 82
3 98
3 106
3 119
3 122
3 128
3 161
3 162
3 169
3 175
3 196
3 200
3 205
3 214
3 239
3 247
3 263
3 270
3 278
4 49
4 92
4 101
4 102
4 103
4 112
4 114
4 131
4 167
4 194
4 200
4 203
4 238
4 244
4 250
4 278
5 6
5 33
5 45
5 70
5 76
5 90
5 97
5 103
5 111
5 134
5 136
5 140
5 141
5 150
5 156
5 179
5 184
5 186
5 187
5 198
5 214
5 215
5 222
5 241
5 257
5 271
5 274
5 297
6 21
6 29
6 40
6 43
6 49
6 61
6 77
6 103
6 129
6 130
6 142
6 143
6 158
6 161
6 167
6 189
6 221
6 225
6 241
6 257
6 260
6 294
7 9
7 18
7 30
7 32
7 34
7 38
7 56
7 61
7 72
7 76
7 87
7 110
7 145
7 156
7 163
7 185
7 198
7 206
7 256
7 261
7 282
7 286
8 9
8 30
8 40
8 54
8 57
8 75
8 90
8 104
8 125
8 133
8 150
8 159
8 162
8 171
8 189
8 195
8 207
8 209
8 228
8 230
8 244
8 253
8 261
8 284
8 286
8 290
8 293
8 296
9 14
9 39
9 47
9 51
9 60
9 63
9 65
9 76
9 79
9 81
9 84
9 90
9 91
9 96
9 107
9 118
9 121
9 148
9 185
9 220
9 241
9 243
9 252
9 264
9 265
9 268
9 273
9 277
9 299
10 19
10 44
10 54
10 57
10 59
10 65
10 70
10 74
10 76
10 78
10 83
10 91
10 109
10 131
10 132
10 143
10 158
10 178
10 183
10 188
10 197
10 206
10 254
10 255
10 258
10 268
10 280
10 285
10 292
11 15
11 32
11 34
11 44
11 51
11 58
11 87
11 88
11 111
11 117
11 124
11 136
11 153
11 156
11 167
11 187
11 203
11 208
11 217
11 247
11 251
11 254
11 259
11 273
11 276
11 280
11 288
11 289
12 19
12 33
12 36
12 47
12 50
12 56
12 57
12 58
12 64
12 65
12 73
12 76
12 81
12 101
12 135
12 154
12 177
12 185
12 192
12 194
12 195
12 201
12 202
12 222
12 223
12 234
12 245
12 282
12 284
12 286
12 299
13 30
13 43
13 47
13 69
13 71
13 89
13 90
13 104
13 118
13 126
13 135
13 141
13 149
13 178
13 181
13 184
13 190
13 200
13 206
13 212
13 219
13 235
13 248
13 256
14 19
14 23
14 31
14 33
14 43
14 52
14 69
14 72
14 75
14 87
14 113
14 121
14 122
14 124
14 126
14 139
14 154
14 155
14 175
14 188
14 201
14 208
14 224
14 245
14 251
14 257
14 259
14 272
14 277
14 288
14 299
15 26
15 47
15 48
15 51
15 60
15 67
15 89
15 93
15 96
15 100
15 104
15 116
15 117
15 118
15 119
15 124
15 126
15 176
15 189
15 206
15 208
15 247
15 252
15 288
15 296
15 298
16 18
16 29
16 45
16 48
16 49
16 77
16 80
16 81
16 93
16 94
16 95
16 106
16 112
16 120
16 143
16 173
16 187
16 243
16 255
16 266
16 271
16 285
16 299
17 30
17 63
17 81
17 105
17 108
17 122
17 129
17 139
17 146
17 157
17 168
17 178
17 181
17 221
17 233
17 267
17 271
17 291
17 292
18 26
18 46
18 83
18 93
18 102
18 105
18 107
18 179
18 180
18 207
18 233
18 239
18 261
18 295
19 44
19 67
19 109
19 111
19 114
19 129
19 135
19 138
19 139
19 155
19 198
19 205
19 219
19 221
19 235
19 266
19 271
19 277
19 278
19 286
19 290
20 24
20 46
20 49
20 82
20 111
20 139
20 151
20 152
20 160
20 170
20 171
20 172
20 178
20 206
20 213
20 217
20 236
20 251
20 271
20 281
20 289
21 25
21 35
21 36
21 39
21 50
21 57
21 61
21 83
21 89
21 92
21 96
21 116
21 119
21 120
21 138
21 139
21 144
21 149
21 150
21 168
21 177
21 192
21 211
21 240
21 245
21 256
21 267
21 269
21 277
21 287
22 24
22 27
22 45
22 59
22 61
22 72
22 75
22 77
22 89
22 95
22 133
22 138
22 142
22 147
22 148
22 162
22 165
22 185
22 189
22 192
22 197
22 239
22 241
22 268
22 272
22 273
22 277
22 279
22 280
23 27
23 35
23 64
23 78
23 121
23 122
23 144
23 147
23 165
23 166
23 175
23 179
23 180
23 188
23 194
23 213
23 214
23 236
23 245
23 249
23 250
23 254
23 260
23 261
23 266
23 292
24 32
24 61
24 67
24 70
24 72
24 73
24 93
24 129
24 169
24 173
24 200
24 204
24 218
24 225
24 227
24 274
24 285
24 287
25 32
25 35
25 47
25 50
25 52
25 66
25 67
25 68
25 70
25 76
25 77
25 87
25 91
25 112
25 120
25 129
25 195
25 204
25 219
25 227
25 229
25 233
25 234
25 239
25 244
25 251
25 261
25 266
25 267
25 272
25 293
26 39
26 55
26 61
26 74
26 80
26 81
26 86
26 89
26 90
26 95
26 110
26 112
26 114
26 121
26 124
26 126
26 127
26 128
26 140
26 143
26 155
26 157
26 160
26 165
26 166
26 171
26 177
26 180
26 218
26 232
26 235
26 237
26 246
26 252
26 260
26 277
26 280
26 287
26 297
27 30
27 45
27 51
27 53
27 54
27 61
27 64
27 70
27 78
27 99
27 115
27 121
27 132
27 139
27 146
27 152
27 159
27 171
27 185
27 189
27 191
27 199
27 209
27 216
27 236
27 237
27 248
27 260
27 278
27 286
27 289
27 292
27 298
28 32
28 49
28 51
28 62
28 71
28 84
28 92
28 101
28 108
28 109
28 110
28 113
28 118
28 175
28 189
28 205
28 216
28 227
28 228
28 263
28 274
28 279
29 33
29 43
29 69
29 76
29 79
29 83
29 124
29 151
29 158
29 164
29 169
29 170
29 203
29 210
29 212
29 217
29 219
29 245
29 250
30 40
30 70
30 75
30 82
30 87
30 101
30 124
30 127
30 129
30 146
30 165
30 174
30 185
30 205
30 211
30 215
30 259
30 267
30 270
30 280
30 282
30 284
30 291
30 294
30 297
30 298
30 299
31 39
31 42
31 51
31 56
31 57
31 101
31 106
31 116
31 135
31 140
31 144
31 154
31 166
31 171
31 186
31 196
31 210
31 218
31 228
31 241
31 244
31 273
31 282
31 297
32 45
32 49
32 56
32 61
32 77
32 80
32 86
32 144
32 145
32 162
32 169
32 171
32 176
32 181
32 192
32 221
32 224
32 236
32 246
32 259
32 280
32 282
33 38
33 53
33 68
33 87
33 102
33 120
33 133
33 144
33 177
33 184
33 191
33 202
33 206
33 214
33 226
33 228
33 235
33 241
33 253
33 257
33 260
33 270
33 278
33 294
34 57
34 63
34 64
34 67
34 89
34 93
34 142
34 169
34 170
34 179
34 188
34 197
34 206
34 213
34 223
34 230
34 259
34 260
34 261
34 276
34 289
35 69
35 71
35 72
35 77
35 89
35 98
35 101
35 129
35 134
35 152
35 156
35 160
35 177
35 183
35 185
35 193
35 211
35 212
35 215
35 216
35 233
35 247
35 250
35 278
35 283
36 42
36 45
36 52
36 53
36 100
36 126
36 141
36 143
36 146
36 170
36 201
36 227
36 233
36 240
36 241
36 244
36 269
36 277
36 283
37 42
37 53
37 60
37 70
37 88
37 96
37 108
37 124
37 141
37 149
37 151
37 153
37 154
37 158
37 163
37 173
37 174
37 189
37 197
37 202
37 217
37 220
37 236
37 239
37 242
37 243
37 253
37 263
37 275
37 277
38 39
38 63
38 75
38 89
38 92
38 112
38 119
38 120
38 131
38 140
38 148
38 164
38 169
38 185
38 226
38 260
38 265
38 268
38 275
38 292
38 298
39 48
39 57
39 70
39 82
39 96
39 103
39 117
39 118
39 120
39 124
39 127
39 132
39 148
39 158
39 186
39 188
39 220
39 225
39 237
39 257
39 260
39 261
39 264
39 269
39 291
39 296
40 64
40 91
40 159
40 183
40 188
40 189
40 209
40 215
40 229
40 230
40 237
40 241
40 244
40 267
40 277
40 294
41 53
41 77
41 88
41 100
41 104
41 127
41 151
41 159
41 180
41 183
41 186
41 188
41 189
41 205
41 229
41 245
41 246
41 264
41 265
41 273
41 279
41 280
41 287
42 45
42 56
42 67
42 73
42 98
42 117
42 118
42 122
42 156
42 159
42 164
42 183
42 214
42 227
42 228
42 246
42 272
42 278
42 295
42 297
43 61
43 75
43 111
43 125
43 142
43 152
43 160
43 170
43 187
43 193
43 216
43 245
43 257
43 261
43 270
43 281
43 286
43 287
44 49
44 80
44 95
44 101
44 120
44 129
44 134
44 135
44 136
44 137
44 142
44 158
44 181
44 216
44 227
44 236
44 238
44 240
44 247
44 249
44 257
44 261
44 294
45 53
45 94
45 105
45 112
45 114
45 135
45 136
45 155
45 159
45 185
45 186
45 199
45 201
45 207
45 210
45 216
45 220
45 228
45 265
45 271
45 291
46 53
46 65
46 85
46 105
46 135
46 140
46 160
46 175
46 197
46 198
46 201
46 202
46 208
46 211
46 212
46 215
46 236
46 253
46 263
46 272
47 62
47 75
47 83
47 93
47 96
47 134
47 135
47 138
47 141
47 152
47 166
47 167
47 170
47 176
47 178
47 186
47 201
47 207
47 216
47 224
47 234
47 237
47 255
47 260
47 264
47 276
47 282
47 285
47 294
48 66
48 69
48 81
48 84
48 92
48 99
48 103
48 108
48 117
48 131
48 135
48 142
48 150
48 151
48 167
48 173
48 191
48 201
48 210
48 230
48 232
48 243
48 245
48 279
48 296
49 52
49 75
49 79
49 88
49 104
49 110
49 115
49 127
49 129
49 138
49 145
49 149
49 170
49 173
49 215
49 217
49 233
49 252
49 280
49 283
49 295
50 54
50 57
50 63
50 77
50 79
50 124
50 138
50 141
50 150
50 153
50 159
50 163
50 211
50 220
50 223
50 253
50 284
50 286
51 60
51 62
51 67
51 104
51 113
51 130
51 158
51 213
51 221
51 234
51 237
51 243
51 248
51 255
51 268
51 270
51 275
52 58
52 95
52 110
52 128
52 129
52 143
52 153
52 169
52 187
52 222
52 235
52 248
52 253
52 258
52 274
52 289
52 298
53 108
53 111
53 134
53 141
53 154
53 197
53 207
53 230
53 236
53 260
53 270
53 286
53 292
53 298
54 56
54 72
54 74
54 77
54 82
54 93
54 101
54 107
54 113
54 114
54 115
54 117
54 126
54 129
54 134
54 138
54 154
54 178
54 186
54 232
54 251
54 265
54 278
55 56
55 61
55 62
55 87
55 106
55 114
55 146
55 147
55 158
55 166
55 170
55 173
55 175
55 178
55 182
55 183
55 200
55 216
55 236
55 254
55 282
55 291
56 58
56 60
56 66
56 68
56 70
56 71
56 83
56 85
56 93
56 98
56 114
56 130
56 149
56 196
56 199
56 205
56 221
56 223
56 246
56 261
56 274
56 278
56 280
56 290
57 69
57 72
57 124
57 128
57 136
57 197
57 207
57 208
57 211
57 217
57 219
57 228
57 237
57 260
57 275
58 60
58 63
58 69
58 98
58 116
58 122
58 130
58 134
58 140
58 151
58 155
58 159
58 165
58 177
58 178
58 188
58 192
58 195
58 199
58 202
58 225
58 241
58 247
58 251
58 252
58 253
58 264
58 281
59 77
59 91
59 116
59 124
59 134
59 141
59 168
59 169
59 191
59 192
59 223
59 238
59 242
59 247
59 267
59 276
59 277
59 289
59 292
60 61
60 66
60 77
60 97
60 123
60 148
60 154
60 162
60 191
60 196
60 198
60 202
60 226
60 230
60 256
60 268
60 271
60 285
60 290
60 298
61 83
61 84
61 100
61 107
61 118
61 123
61 138
61 141
61 153
61 162
61 163
61 179
61 183
61 201
61 229
61 236
61 251
61 252
61 292
61 294
62 109
62 128
62 139
62 146
62 162
62 176
62 178
62 192
62 198
62 206
62 221
62 224
62 232
62 239
62 258
62 259
62 266
62 268
62 269
62 286
63 110
63 111
63 116
63 118
63 125
63 137
63 139
63 140
63 143
63 155
63 159
63 163
63 170
63 171
63 191
63 195
63 211
63 227
63 254
63 258
63 259
63 270
63 279
63 284
63 292
64 65
64 69
64 85
64 102
64 105
64 115
64 121
64 140
64 145
64 146
64 150
64 162
64 170
64 175
64 198
64 235
64 263
64 267
64 269
64 292
65 71
65 80
65 86
65 94
65 96
65 102
65 106
65 112
65 138
65 153
65 158
65 193
65 239
65 252
65 255
65 260
65 267
65 269
65 273
65 299
66 76
66 81
66 103
66 109
66 112
66 117
66 120
66 137
66 153
66 196
66 197
66 205
66 233
66 256
66 280
66 281
67 71
67 93
67 98
67 133
67 148
67 162
67 175
67 181
67 187
67 200
67 211
67 217
67 242
67 270
67 272
67 285
67 294
68 76
68 101
68 106
68 115
68 125
68 131
68 139
68 144
68 183
68 190
68 196
68 221
68 222
68 236
68 244
68 250
68 261
68 268
68 272
68 284
68 290
68 296
69 76
69 133
69 177
69 183
69 199
69 218
69 226
69 235
69 240
69 248
69 264
69 269
69 273
69 282
69 286
70 85
70 104
70 143
70 152
70 158
70 159
70 177
70 191
70 206
70 215
70 221
70 224
70 226
70 270
70 286
70 296
71 131
71 134
71 147
71 151
71 157
71 174
71 231
71 234
71 247
71 258
71 265
71 274
71 275
71 280
72 74
72 85
72 106
72 130
72 140
72 146
72 175
72 196
72 209
72 217
72 220
72 245
72 246
72 247
72 251
72 259
72 266
72 269
72 271
72 281
72 282
73 85
73 94
73 96
73 108
73 124
73 140
73 141
73 161
73 195
73 207
73 240
73 241
73 246
73 252
73 261
73 267
73 268
73 287
74 116
74 131
74 151
74 161
74 215
74 239
74 243
74 249
74 253
74 263
74 287
74 298
75 83
75 91
75 127
75 130
75 151
75 168
75 178
75 190
75 191
75 192
75 197
75 249
75 256
75 271
75 274
75 276
75 284
75 285
75 291
75 298
75 299
76 89
76 95
76 105
76 109
76 110
76 120
76 123
76 141
76 158
76 177
76 196
76 228
76 240
76 241
76 244
76 274
76 276
76 278
76 283
77 96
77 123
77 130
77 131
77 144
77 148
77 162
77 166
77 173
77 174
77 190
77 191
77 192
77 207
77 208
77 222
77 230
77 275
78 87
78 94
78 119
78 127
78 134
78 146
78 153
78 154
78 160
78 169
78 193
78 196
78 213
78 214
78 219
78 222
78 229
78 236
78 246
78 249
78 252
78 275
78 291
78 297
79 86
79 100
79 103
79 137
79 154
79 177
79 178
79 182
79 187
79 195
79 208
79 223
79 226
79 231
79 272
79 273
79 276
79 280
79 287
80 89
80 92
80 115
80 126
80 130
80 149
80 167
80 178
80 180
80 212
80 213
80 233
80 237
80 258
80 294
81 85
81 91
81 114
81 118
81 132
81 155
81 164
81 172
81 193
81 202
81 210
81 211
81 219
81 221
81 241
81 242
81 251
81 256
81 262
81 265
81 271
81 299
82 84
82 92
82 110
82 131
82 138
82 182
82 194
82 232
82 245
82 250
82 277
83 89
83 101
83 108
83 118
83 137
83 146
83 156
83 163
83 170
83 178
83 193
83 211
83 235
83 241
83 264
83 271
83 274
84 103
84 128
84 137
84 138
84 159
84 171
84 179
84 204
84 209
84 220
84 228
84 231
84 237
84 242
84 269
84 294
84 295
85 97
85 120
85 167
85 168
85 174
85 189
85 231
85 240
85 264
85 269
85 277
86 91
86 112
86 120
86 127
86 133
86 141
86 147
86 160
86 167
86 180
86 189
86 194
86 231
86 235
86 266
86 279
86 284
86 288
87 118
87 125
87 135
87 149
87 150
87 156
87 171
87 194
87 200
87 209
87 219
87 237
87 242
87 248
88 91
88 96
88 99
88 110
88 111
88 116
88 138
88 151
88 158
88 177
88 197
88 219
88 221
88 226
88 246
88 254
88 256
88 259
88 278
88 294
89 104
89 121
89 141
89 150
89 174
89 190
89 198
89 237
89 241
89 243
89 253
89 266
89 276
90 115
90 119
90 122
90 130
90 136
90 140
90 143
90 167
90 178
90 185
90 188
90 194
90 203
90 224
90 234
90 245
90 291
91 100
91 129
91 134
91 154
91 157
91 180
91 186
91 191
91 200
91 226
91 230
91 247
91 248
91 274
91 287
91 298
92 111
92 125
92 150
92 169
92 170
92 182
92 199
92 206
92 228
92 242
92 254
92 261
92 274
92 290
93 96
93 102
93 132
93 135
93 140
93 143
93 152
93 155
93 175
93 188
93 191
93 203
93 224
93 243
93 261
93 262
93 268
93 281
93 291
94 117
94 137
94 160
94 174
94 180
94 185
94 212
94 214
94 224
94 228
94 241
94 278
94 283
94 288
94 299
95 102
95 109
95 111
95 114
95 132
95 137
95 162
95 179
95 181
95 185
95 213
95 222
95 244
95 249
95 255
95 271
95 275
95 284
95 297
96 104
96 110
96 114
96 118
96 121
96 126
96 129
96 130
96 137
96 151
96 153
96 159
96 211
96 218
96 224
96 227
96 229
96 255
96 259
96 270
96 274
96 278
96 284
96 290
97 120
97 134
97 137
97 151
97 154
97 155
97 157
97 163
97 171
97 173
97 177
97 203
97 205
97 218
97 228
97 232
97 273
97 281
97 293
98 106
98 125
98 135
98 170
98 181
98 183
98 199
98 225
98 227
98 244
98 245
98 247
98 262
98 273
99 124
99 153
99 161
99 169
99 170
99 180
99 182
99 201
99 206
99 216
99 250
99 252
99 264
99 282
99 289
100 101
100 103
100 114
100 118
100 123
100 125
100 144
100 152
100 154
100 163
100 168
100 169
100 208
100 213
100 221
100 234
100 254
100 255
100 262
100 287
100 292
101 107
101 111
101 112
101 126
101 128
101 184
101 196
101 217
101 219
101 221
101 239
101 246
101 258
101 266
101 285
102 106
102 113
102 127
102 132
102 134
102 138
102 148
102 171
102 175
102 180
102 195
102 221
102 226
102 258
102 277
102 279
102 281
103 107
103 111
103 115
103 125
103 149
103 152
103 175
103 176
103 235
103 244
103 247
103 250
103 261
103 272
103 290
104 116
104 127
104 133
104 135
104 139
104 149
104 163
104 166
104 180
104 181
104 190
104 213
104 218
104 219
104 233
104 238
104 269
104 270
104 280
104 299
105 123
105 124
105 130
105 138
105 150
105 162
105 168
105 182
105 187
105 193
105 201
105 232
105 241
105 250
105 256
105 264
106 115
106 118
106 133
106 151
106 155
106 196
106 209
106 212
106 217
106 220
106 232
106 234
106 263
106 267
106 296
107 114
107 123
107 130
107 132
107 133
107 168
107 195
107 202
107 219
107 225
107 227
107 234
107 236
107 248
107 256
107 258
107 259
107 266
107 280
107 285
107 298
107 299
108 116
108 128
108 129
108 131
108 145
108 158
108 166
108 175
108 179
108 183
108 214
108 240
108 258
108 266
108 269
108 286
109 110
109 113
109 131
109 137
109 159
109 166
109 177
109 180
109 185
109 210
109 212
109 214
109 232
109 244
109 283
109 297
110 115
110 119
110 139
110 142
110 156
110 161
110 163
110 172
110 203
110 209
110 226
110 231
110 235
110 262
111 123
111 126
111 150
111 157
111 165
111 172
111 174
111 179
111 181
111 189
111 201
111 217
111 221
111 233
111 236
111 244
111 268
111 288
112 132
112 140
112 160
112 163
112 164
112 165
112 171
112 191
112 211
112 214
112 221
112 223
112 231
112 248
112 267
112 272
112 275
112 293
113 126
113 143
113 147
113 148
113 154
113 183
113 188
113 214
113 219
113 234
113 260
113 265
114 124
114 142
114 154
114 165
114 176
114 189
114 243
114 248
114 257
114 264
114 281
114 286
114 291
115 117
115 119
115 140
115 162
115 166
115 171
115 176
115 180
115 186
115 222
115 226
115 227
115 231
115 235
115 239
115 242
115 270
115 281
115 282
115 298
116 122
116 141
116 160
116 189
116 194
116 217
116 229
116 238
116 272
116 273
116 280
116 289
117 161
117 197
117 199
117 240
117 249
117 251
117 285
117 295
118 172
118 195
118 228
118 232
118 245
118 253
118 262
118 273
119 137
119 141
119 154
119 155
119 185
119 193
119 198
119 208
119 211
119 218
119 248
119 259
119 263
119 272
119 277
119 295
120 123
120 133
120 135
120 141
120 158
120 172
120 194
120 216
120 228
120 238
120 292
121 127
121 136
121 137
121 155
121 168
121 170
121 182
121 193
121 195
121 198
121 205
121 219
121 245
121 248
121 255
121 257
121 263
121 285
121 294
122 132
122 137
122 148
122 157
122 161
122 173
122 178
122 204
122 222
122 226
122 232
122 269
122 294
122 298
123 130
123 141
123 163
123 176
123 177
123 181
123 200
123 212
123 216
123 218
123 246
123 260
123 267
123 274
123 288
123 289
124 129
124 142
124 185
124 192
124 203
124 214
124 232
124 236
124 246
124 262
124 266
124 297
125 131
125 136
125 152
125 168
125 173
125 187
125 188
125 203
125 236
125 238
125 246
125 255
125 257
125 268
125 270
125 278
125 287
125 292
125 299
126 145
126 146
126 147
126 156
126 157
126 184
126 185
126 191
126 194
126 201
126 218
126 244
126 267
126 268
126 282
127 152
127 166
127 170
127 184
127 189
127 190
127 196
127 201
127 250
127 274
128 130
128 168
128 178
128 195
128 199
128 232
128 250
129 133
129 156
129 163
129 168
129 172
129 181
129 184
129 189
129 191
129 194
129 196
129 210
129 217
129 221
129 245
129 260
129 271
129 275
129 280
130 161
130 170
130 173
130 176
130 180
130 189
130 192
130 197
130 221
130 222
130 225
130 242
130 255
130 272
130 279
131 138
131 144
131 145
131 169
131 175
131 177
131 194
131 201
131 206
131 207
131 218
131 230
131 247
131 254
131 263
131 266
131 268
131 296
132 139
132 141
132 183
132 186
132 189
132 193
132 208
132 215
132 218
132 225
132 230
132 254
132 267
133 149
133 190
133 212
133 219
133 225
133 228
133 259
133 260
133 265
133 293
134 138
134 139
134 142
134 145
134 155
134 172
134 229
134 232
134 235
134 246
134 250
134 262
134 267
134 278
134 290
135 139
135 140
135 150
135 182
135 189
135 200
135 203
135 204
135 213
135 224
135 234
135 244
135 268
136 146
136 155
136 163
136 170
136 172
136 187
136 189
136 255
136 256
136 262
136 264
136 297
137 147
137 161
137 167
137 168
137 173
137 202
137 217
137 219
137 246
137 259
137 267
137 268
137 273
137 279
138 141
138 149
138 163
138 181
138 186
138 187
138 192
138 237
138 256
138 258
138 281
138 287
138 290
139 143
139 144
139 149
139 161
139 181
139 190
139 205
139 218
139 220
139 225
139 233
139 256
139 258
139 277
139 279
139 291
139 296
140 144
140 149
140 150
140 166
140 167
140 178
140 191
140 210
140 215
140 216
140 217
140 230
140 241
140 291
141 147
141 161
141 166
141 176
141 193
141 214
141 222
141 238
141 242
141 246
141 253
142 144
142 150
142 181
142 189
142 190
142 236
142 239
142 243
142 265
142 286
142 288
142 296
143 161
143 175
143 176
143 178
143 179
143 226
143 250
143 255
143 269
143 285
143 288
143 298
144 147
144 149
144 156
144 241
144 247
144 251
144 273
144 282
145 172
145 188
145 202
145 207
145 239
145 268
145 269
145 287
145 294
146 153
146 155
146 161
146 166
146 171
146 177
146 187
146 197
146 205
146 206
146 213
146 214
146 251
146 262
146 272
146 282
146 297
146 298
147 171
147 208
147 217
147 219
147 231
147 233
147 239
147 241
147 251
147 253
147 269
147 270
147 273
147 275
147 293
148 162
148 173
148 190
148 194
148 212
148 216
148 227
148 228
148 234
148 238
148 256
148 268
148 275
148 295
149 150
149 173
149 184
149 201
149 213
149 219
149 230
149 238
149 254
149 259
149 278
149 282
149 285
149 290
150 182
150 191
150 192
150 206
150 282
151 162
151 175
151 184
151 185
151 212
151 220
151 245
151 254
151 270
151 281
151 291
151 294
152 154
152 169
152 180
152 183
152 188
152 189
152 190
152 201
152 206
152 219
152 229
152 263
152 268
152 270
152 290
152 291
152 299
153 154
153 166
153 182
153 184
153 188
153 199
153 206
153 235
153 244
153 259
153 275
153 284
153 288
153 296
154 175
154 192
154 220
154 227
154 228
154 229
154 234
154 237
154 247
154 281
154 284
155 171
155 175
155 176
155 187
155 190
155 199
155 214
155 238
155 257
155 270
155 277
155 282
156 165
156 176
156 177
156 179
156 180
156 184
156 191
156 212
156 246
156 256
156 257
156 258
156 262
156 275
156 287
156 296
157 168
157 173
157 178
157 180
157 186
157 200
157 201
157 204
157 208
157 223
157 225
157 234
157 243
157 244
158 166
158 167
158 178
158 181
158 188
158 198
158 207
158 215
158 223
158 253
158 255
158 266
158 269
158 270
158 282
158 295
159 191
159 193
159 203
159 244
159 247
159 260
159 283
159 284
159 286
160 170
160 174
160 176
160 194
160 220
160 235
160 265
160 282
161 182
161 203
161 218
161 223
161 228
161 242
161 248
161 252
161 259
161 293
161 294
161 299
162 173
162 210
162 240
162 267
162 285
162 290
162 292
162 293
163 166
163 182
163 206
163 213
163 237
163 241
163 242
163 244
163 257
163 262
163 265
163 271
163 282
163 288
164 166
164 170
164 183
164 189
164 208
164 242
164 245
164 266
164 287
164 291
165 173
165 174
165 186
165 190
165 192
165 193
165 195
165 216
165 235
165 237
165 239
165 240
165 244
165 265
165 288
166 195
166 196
166 205
166 206
166 213
166 215
166 217
166 222
166 237
166 246
166 261
166 262
166 266
166 279
166 282
166 297
166 298
167 174
167 179
167 186
167 202
167 208
167 213
167 221
167 230
167 234
167 236
167 262
167 272
167 274
167 275
167 279
167 287
167 294
168 182
168 201
168 202
168 204
168 209
168 217
168 223
168 224
168 269
168 273
168 277
168 285
168 286
169 177
169 184
169 201
169 204
169 215
169 231
169 240
169 245
169 246
169 248
169 271
169 272
169 273
169 277
169 278
169 290
169 293
169 298
170 174
170 184
170 189
170 199
170 223
170 233
170 266
170 273
171 179
171 193
171 199
171 200
171 207
171 208
171 231
171 237
171 238
171 243
171 249
171 255
171 256
171 270
171 279
172 181
172 219
172 225
172 232
172 236
172 248
172 265
173 193
173 198
173 206
173 211
173 217
173 224
173 225
173 239
173 244
173 258
173 267
173 284
173 286
173 295
173 298
174 183
174 204
174 209
174 226
174 238
174 254
174 268
174 286
175 180
175 201
175 206
175 211
175 224
175 259
175 261
175 264
175 293
176 183
176 198
176 201
176 205
176 242
176 243
176 249
176 253
176 261
176 263
176 279
176 283
176 299
177 189
177 221
177 238
177 240
177 275
177 284
177 285
177 290
177 298
178 186
178 189
178 207
178 218
178 225
178 228
178 251
178 264
178 275
178 291
179 181
179 184
179 189
179 193
179 220
179 231
179 243
179 247
179 265
179 269
179 279
179 280
179 283
179 285
180 194
180 202
180 207
180 210
180 226
180 227
180 278
180 293
180 296
181 188
181 196
181 197
181 198
181 226
181 228
181 262
181 265
181 268
182 198
182 202
182 213
182 214
182 226
182 231
182 236
182 261
182 262
182 273
182 294
183 198
183 201
183 208
183 220
183 252
183 274
183 283
183 293
183 299
184 194
184 197
184 212
184 217
184 231
184 232
184 250
184 254
184 256
184 271
184 272
184 276
184 285
184 287
184 295
184 299
185 212
185 217
185 228
185 238
185 253
185 276
185 278
185 280
186 192
186 204
186 211
186 219
186 237
186 249
186 254
186 256
186 262
186 269
186 272
186 273
186 295
187 227
187 231
187 244
187 266
187 280
187 282
187 298
188 189
188 203
188 204
188 215
188 232
188 246
188 270
188 271
189 190
189 214
189 222
189 226
189 236
189 258
189 266
190 203
190 232
190 241
190 243
190 244
190 251
190 266
190 291
191 214
191 218
191 229
191 236
191 243
191 256
191 264
191 273
191 278
191 280
191 288
192 207
192 223
192 225
192 235
192 254
192 261
192 267
192 268
192 279
192 288
193 220
193 235
193 238
193 256
193 269
193 289
193 290
193 298
194 195
194 197
194 205
194 218
194 222
194 246
194 248
194 252
194 260
194 276
194 278
194 283
194 284
194 295
195 197
195 209
195 236
195 237
195 238
195 242
195 243
195 269
195 290
196 204
196 219
196 232
196 260
196 283
197 203
197 204
197 218
197 228
197 230
197 239
197 247
197 250
197 273
197 288
197 293
197 294
197 299
198 222
198 242
198 253
198 265
198 275
198 280
198 289
198 296
198 297
199 235
199 259
199 265
199 268
199 277
200 224
200 226
200 229
200 240
200 245
200 254
200 266
200 269
200 281
200 284
201 269
201 275
201 281
201 291
201 299
202 216
202 223
202 227
202 229
202 234
202 241
202 260
202 263
203 204
203 205
203 223
203 238
203 256
203 260
203 263
203 272
203 275
203 289
203 293
204 218
204 232
204 236
204 243
204 278
205 208
205 210
205 211
205 246
205 247
205 268
205 271
205 281
205 293
206 219
206 234
206 238
206 248
206 253
206 281
206 294
206 297
206 299
207 224
207 233
207 253
207 268
207 270
207 284
207 290
207 292
208 216
208 228
208 241
208 248
208 253
208 261
208 298
209 231
209 232
209 258
209 266
209 276
210 219
210 241
210 249
210 252
210 261
210 285
210 298
211 212
211 235
211 239
211 241
211 254
211 280
211 290
212 227
212 233
212 286
212 287
213 218
213 221
213 229
213 236
213 253
213 287
213 289
213 294
214 220
214 230
214 239
214 240
214 252
214 277
214 280
214 282
214 285
215 229
215 267
215 268
215 292
215 294
215 298
216 243
216 245
216 253
216 281
216 293
217 218
217 243
217 250
217 252
217 259
217 267
217 273
217 292
217 295
217 297
218 241
218 247
218 266
218 280
219 222
219 255
219 260
219 264
219 269
220 244
220 259
220 281
220 296
221 226
221 244
221 290
221 295
221 298
222 231
222 235
222 243
222 247
222 259
222 271
222 278
223 225
223 245
223 263
223 265
223 270
223 287
223 290
223 294
223 296
223 297
223 298
223 299
224 226
224 227
224 233
224 245
224 249
224 270
224 288
224 292
224 299
225 235
225 275
226 243
226 246
226 248
226 250
226 270
226 280
227 229
227 233
227 267
227 272
227 279
227 282
227 289
227 296
228 233
228 238
228 255
228 265
228 287
228 291
228 292
228 297
229 249
229 266
229 275
229 284
229 296
230 235
230 238
230 246
230 252
230 280
230 289
231 235
231 240
231 261
231 262
231 267
231 271
231 289
231 296
232 235
232 258
232 280
232 291
233 244
233 263
233 264
233 265
233 269
233 271
233 280
234 240
234 246
234 253
234 269
234 284
235 246
235 251
235 254
235 257
235 261
235 269
235 270
235 278
235 291
236 261
236 269
236 272
236 291
236 296
237 240
237 246
237 256
237 259
238 252
238 266
238 267
238 289
238 291
239 299
240 260
240 271
240 286
240 296
240 299
241 259
241 271
241 274
241 279
242 250
242 264
242 267
242 282
243 252
243 257
243 290
243 295
243 298
244 248
244 256
244 265
244 270
244 275
244 279
244 298
245 250
245 275
246 255
246 256
246 280
246 290
246 293
246 297
247 254
247 259
247 293
247 295
248 263
248 270
248 280
248 290
249 271
249 275
249 278
250 253
250 263
250 287
250 291
251 269
252 279
252 285
252 287
253 254
253 256
253 259
253 262
253 282
253 284
253 286
253 290
253 293
254 271
254 289
254 296
255 267
255 273
255 277
255 287
255 294
256 271
256 277
256 280
256 296
257 258
257 263
257 268
258 261
258 295
259 267
259 270
259 284
260 285
260 297
261 263
261 266
261 275
261 281
261 283
261 284
261 297
262 284
263 289
263 291
263 299
264 270
264 274
264 281
264 287
265 267
265 289
265 290
266 274
266 280
266 297
267 283
268 277
268 291
268 294
269 272
269 286
269 291
269 299
270 278
270 280
270 281
270 286
271 284
271 285
272 285
272 296
273 281
273 283
273 284
273 298
274 279
274 281
274 285
275 281
275 290
277 280
278 284
278 287
278 288
278 291
278 296
279 280
279 281
279 288
279 292
279 298
280 284
280 297
280 299
281 285
283 298
283 299
284 287
284 289
284 290
284 295
284 296
285 296
285 299
286 292
287 299
288 291
289 299
290 297
291 292
294 296
295 297
