300 1656
0 32
0 66
0 81
0 178
0 190
0 192
0 248
0 278
0 279
0 288
1 30
1 31
1 94
1 128
1 144
1 173
1 184
1 208
1 254
1 262
2 34
2 80
2 119
2 129
2 145
2 154
2 213
2 217
2 222
2 252
3 9
3 53
3 74
3 86
3 88
3 107
3 126
3 140
3 142
3 205
3 232
3 257
3 272
4 8
4 12
4 39
4 132
4 159
4 176
4 190
4 213
4 224
4 260
5 14
5 21
5 134
5 182
6 21
6 57
6 71
6 79
6 106
6 144
6 198
6 274
7 26
7 27
7 33
7 45
7 55
7 76
7 103
7 107
7 115
7 120
7 126
7 166
7 184
7 201
7 244
7 246
7 263
7 288
7 295
8 29
8 63
8 111
8 124
8 163
8 181
8 188
8 196
8 213
9 105
9 119
9 123
9 153
9 158
9 174
9 263
10 13
10 29
10 48
10 52
10 59
10 136
10 143
10 155
10 156
10 168
10 180
10 264
11 23
11 35
11 45
11 64
11 77
11 78
11 101
11 106
11 134
11 175
11 222
12 157
12 173
12 190
12 254
13 84
13 99
13 125
13 132
13 137
13 150
13 164
13 170
13 179
13 209
13 211
13 270
13 277
14 17
14 63
14 64
14 77
14 90
14 141
14 252
14 269
14 293
14 297
15 170
15 173
15 209
15 214
15 223
15 228
15 246
15 285
15 292
16 71
16 73
16 93
16 132
16 136
16 153
16 222
16 245
16 273
17 110
17 136
17 142
17 187
17 193
17 195
17 203
17 205
17 257
17 269
17 290
18 53
18 75
18 109
18 148
18 173
18 199
18 208
18 228
18 243
18 254
18 289
19 21
19 35
19 44
19 73
19 82
19 113
19 134
19 202
19 222
20 30
20 41
20 53
20 97
20 140
20 147
20 160
20 177
20 178
20 189
20 212
20 236
21 38
21 43
21 53
21 81
21 151
21 174
21 179
21 215
21 235
21 254
21 275
21 295
22 25
22 32
22 42
22 103
22 132
22 179
22 188
22 200
22 242
22 252
22 260
23 129
23 151
23 160
23 169
23 193
23 207
23 226
23 227
23 235
23 241
23 255
23 271
23 291
23 299
24 45
24 99
24 105
24 136
24 151
25 37
25 64
25 92
25 103
25 104
25 141
25 156
25 162
25 205
25 207
25 210
25 213
25 289
25 296
26 29
26 36
26 79
26 88
26 94
26 165
26 187
27 48
27 69
27 106
27 256
27 265
27 280
28 64
28 88
28 108
28 119
28 160
28 189
28 231
29 39
29 77
29 103
29 109
29 123
29 169
29 193
29 211
29 246
30 43
30 47
30 49
30 100
30 107
30 115
30 118
30 123
30 162
30 173
30 253
30 284
30 291
31 59
31 60
31 156
31 167
31 208
31 281
32 69
32 95
32 116
32 154
32 159
32 167
32 180
32 200
32 210
32 229
32 297
33 90
33 126
33 154
33 167
33 243
33 251
33 286
34 83
34 98
34 141
34 152
34 217
34 252
34 257
35 48
35 88
35 97
35 200
35 221
35 223
35 242
35 252
35 279
36 51
36 60
36 162
36 177
36 200
36 205
36 214
36 216
36 295
37 69
37 192
37 251
37 254
38 61
38 78
38 95
38 124
38 132
38 187
38 200
38 217
38 253
38 284
38 287
39 41
39 68
39 92
39 129
39 158
39 242
39 251
39 262
39 272
39 275
40 84
40 156
40 169
40 173
40 218
40 255
40 263
40 265
40 270
40 274
40 278
41 44
41 45
41 47
41 134
41 190
41 201
41 214
41 239
41 274
41 298
42 50
42 100
42 103
42 111
42 113
42 124
42 204
42 208
42 261
42 296
43 87
43 105
43 136
43 138
43 147
43 190
43 246
43 270
44 78
44 127
44 131
44 167
44 269
44 272
44 274
44 292
45 58
45 70
45 78
45 91
45 103
45 164
45 178
45 179
45 218
45 234
45 240
45 253
45 265
45 278
45 297
46 53
46 95
46 104
46 140
46 141
46 156
46 219
46 229
46 247
46 291
46 294
47 68
47 93
47 115
47 161
47 275
47 285
48 86
48 104
48 130
48 144
48 176
48 241
48 247
48 249
48 256
48 268
48 283
48 285
49 51
49 79
49 100
49 128
49 161
49 193
49 202
49 241
49 296
50 88
50 121
50 135
50 151
50 152
50 176
50 204
50 213
50 215
50 232
50 237
50 241
50 243
50 252
50 275
50 299
51 74
51 90
51 210
51 211
51 212
51 229
51 268
52 123
52 199
52 223
52 227
52 235
52 253
52 259
52 267
52 269
53 91
53 118
53 200
53 231
53 264
53 266
53 272
53 280
54 66
54 74
54 88
54 91
54 161
54 184
54 214
54 220
54 229
54 263
54 265
54 297
55 57
55 60
55 83
55 123
55 125
55 150
55 229
55 254
55 280
55 296
56 78
56 88
56 109
56 152
56 179
56 218
56 219
56 270
56 271
56 278
56 279
56 281
57 87
57 112
57 126
57 154
57 182
57 200
57 216
57 218
57 232
57 253
57 255
57 296
58 81
58 89
58 91
58 96
58 159
58 174
58 192
58 222
59 81
59 95
59 99
59 104
59 202
59 209
59 216
59 223
59 265
59 286
59 290
60 87
60 158
60 226
60 279
61 63
61 70
61 92
61 106
61 125
61 141
61 168
61 253
61 258
62 71
62 116
62 143
62 214
62 263
62 293
63 125
63 143
63 180
63 189
63 190
63 219
63 285
64 65
64 78
64 80
64 111
64 162
64 183
64 189
64 211
65 121
65 128
65 142
65 175
65 218
65 236
65 247
65 286
66 104
66 113
66 124
66 138
66 143
66 210
66 211
66 228
66 246
66 252
66 261
66 272
66 282
66 287
67 73
67 80
67 105
67 131
67 162
67 252
67 278
68 223
68 235
68 249
68 251
68 267
68 280
69 99
69 140
69 232
69 272
70 100
70 103
70 120
70 141
70 156
70 177
70 180
70 184
70 186
70 197
70 231
70 238
70 249
70 255
70 261
71 78
71 90
71 122
71 155
71 199
71 282
71 285
71 289
72 79
72 82
72 97
72 129
72 140
72 160
72 189
72 226
72 245
72 246
73 89
73 114
73 147
73 175
73 208
73 212
73 275
74 92
74 97
74 126
74 142
74 153
74 167
74 248
74 251
74 260
74 274
74 284
75 130
75 157
75 186
75 191
75 197
75 202
76 77
76 120
76 121
76 133
76 150
76 179
76 180
76 219
76 234
76 253
76 279
77 79
77 99
77 107
77 150
77 151
77 237
77 238
77 299
78 79
78 99
78 140
78 141
78 165
78 201
78 237
78 257
79 93
79 184
79 198
79 233
79 238
79 242
80 108
80 154
80 200
80 217
80 252
80 253
80 262
80 286
81 97
81 130
81 141
81 144
81 158
81 159
81 179
81 182
81 191
81 216
81 218
81 225
81 232
81 242
81 259
81 265
82 91
82 108
82 123
82 181
82 224
82 280
82 286
83 91
83 180
83 197
83 212
83 225
83 240
83 249
84 133
84 151
84 152
84 155
84 205
84 211
84 238
84 241
84 259
85 109
85 163
85 196
85 249
85 277
86 90
86 110
86 145
86 155
86 175
86 178
86 181
86 193
86 246
86 258
86 279
87 88
87 128
87 134
87 136
87 137
87 162
87 166
87 209
87 225
88 89
88 97
88 130
88 140
88 147
88 164
88 172
88 226
88 231
88 236
88 255
88 284
88 294
89 156
89 207
89 211
89 254
89 288
89 291
89 292
90 125
90 216
90 270
90 275
90 299
91 122
91 126
91 173
91 177
91 197
91 198
91 204
91 208
91 252
92 119
92 124
92 142
92 185
92 218
92 267
92 277
93 98
93 101
93 123
93 210
93 225
93 238
93 258
93 259
93 266
94 96
94 102
94 134
94 159
94 225
94 241
94 242
94 269
95 145
95 160
95 182
95 218
95 238
95 275
96 104
96 137
96 183
96 215
96 243
96 276
97 104
97 162
97 167
97 174
97 203
97 204
97 215
97 220
97 226
97 244
97 292
98 130
98 142
98 173
98 181
98 288
99 137
99 176
99 213
99 231
99 280
100 119
100 212
100 222
100 229
100 247
100 261
101 153
101 199
101 228
101 264
102 130
102 173
102 201
102 233
102 266
102 287
102 288
103 142
103 156
103 162
103 189
103 204
103 238
103 252
103 255
103 260
103 263
103 273
103 279
103 281
103 295
104 154
104 221
104 232
104 237
104 279
104 281
104 292
105 146
105 149
105 153
105 167
105 177
105 202
105 222
105 263
106 126
106 137
106 168
106 175
106 205
106 221
106 242
106 251
106 281
106 295
107 113
107 200
107 268
107 272
108 162
108 231
108 276
108 280
109 194
109 209
109 214
109 284
109 288
109 294
110 139
110 140
110 148
110 220
110 222
110 279
110 282
110 291
111 124
111 174
111 229
111 242
111 249
111 267
111 288
111 292
112 135
112 202
112 221
112 243
112 247
112 255
112 257
113 116
113 123
113 150
113 152
113 157
113 163
113 201
113 223
114 151
114 189
114 201
114 227
114 240
114 244
114 262
114 285
115 125
115 164
115 180
115 187
115 210
115 239
115 247
115 268
116 120
116 143
116 169
116 172
116 178
116 183
116 208
116 218
116 224
116 226
116 248
116 250
117 124
117 135
117 172
117 180
117 218
117 263
117 264
117 273
117 290
117 294
117 295
118 139
118 140
118 173
118 184
118 193
118 215
118 231
118 267
118 270
118 295
119 122
119 130
119 143
119 205
119 211
119 224
119 227
119 250
119 254
120 132
120 133
120 168
120 183
120 206
120 219
120 250
120 252
120 271
120 287
120 296
121 137
121 161
121 254
121 258
121 259
121 263
122 155
122 219
122 251
122 280
122 294
123 127
123 170
123 186
123 198
123 229
123 249
123 280
123 283
123 295
124 140
124 159
124 188
124 198
124 239
124 259
124 267
125 206
125 207
125 232
125 284
125 298
126 263
126 291
127 148
127 175
127 210
127 225
127 236
127 238
127 239
127 263
127 288
128 148
128 165
128 166
128 174
128 182
128 192
128 231
128 233
128 273
129 149
129 189
129 219
129 228
129 245
129 264
129 270
129 275
130 149
130 213
130 229
130 234
130 248
131 162
131 164
131 181
131 211
131 214
131 274
132 150
132 151
132 204
132 207
132 224
132 277
132 288
133 172
133 269
133 285
133 293
134 137
134 140
134 147
135 153
135 154
135 158
135 178
135 183
135 207
135 216
135 235
135 253
136 177
136 188
136 191
136 267
136 281
137 142
137 234
137 283
137 289
138 150
138 177
138 196
138 200
138 215
138 221
138 234
139 179
139 194
139 203
139 226
139 291
139 296
140 147
140 157
140 195
140 222
140 231
140 265
141 164
141 167
141 255
141 279
142 170
142 214
142 244
142 249
142 251
142 264
142 271
143 144
143 168
143 176
143 244
144 164
144 276
144 299
145 161
145 163
145 207
145 211
145 220
145 229
145 260
145 292
146 148
146 150
146 168
146 193
146 194
146 199
146 217
146 255
146 269
146 272
146 280
146 282
147 168
147 169
147 230
147 268
147 269
148 161
148 170
148 178
148 203
148 214
148 270
149 215
149 239
149 256
150 184
150 236
150 259
151 180
151 210
151 213
151 216
151 220
151 289
152 157
152 213
152 214
152 241
152 242
152 253
152 260
152 267
152 289
152 296
153 174
153 203
153 248
153 252
153 289
154 169
154 252
154 293
155 203
155 214
155 216
155 266
156 167
156 214
156 295
157 236
157 240
157 283
158 167
158 239
158 240
158 244
158 252
159 171
159 173
159 178
159 179
159 204
159 211
159 217
159 229
159 260
159 294
160 201
160 241
160 290
161 195
161 219
162 197
162 205
162 246
162 250
162 286
163 201
163 276
164 180
164 220
164 290
165 225
165 233
165 279
165 292
166 171
166 206
166 246
167 168
167 174
167 180
167 188
167 220
167 237
167 259
167 271
167 282
168 180
168 239
169 180
169 183
169 184
169 199
169 211
169 220
169 232
169 272
169 287
170 176
170 215
170 223
170 270
170 283
171 201
171 228
171 235
171 244
172 181
172 186
172 235
172 239
172 260
172 271
172 292
172 297
173 184
173 186
173 284
173 293
174 180
174 223
174 240
174 249
174 271
175 220
175 227
175 230
176 188
176 191
176 258
176 282
176 293
176 297
177 187
177 226
177 232
177 255
177 291
178 206
178 218
178 224
178 227
178 245
179 250
180 229
180 245
181 196
181 208
181 232
181 260
181 284
182 199
182 272
182 290
183 202
183 209
183 234
183 240
183 245
183 264
184 212
184 257
184 289
185 202
185 207
185 230
185 290
185 291
185 298
186 192
186 203
186 220
186 261
186 281
186 289
187 234
187 236
187 249
187 255
187 282
187 287
188 261
188 275
188 279
188 281
189 221
189 259
190 216
190 238
190 263
191 192
191 195
191 213
191 225
191 266
191 283
192 244
192 246
193 256
193 273
193 292
193 298
194 274
194 288
194 298
195 230
195 255
195 276
196 209
196 248
196 255
196 266
197 203
197 220
197 223
197 249
197 251
197 266
197 286
198 214
198 217
198 226
198 262
198 276
199 234
199 240
199 269
200 222
200 264
201 227
201 233
201 263
201 291
202 221
202 237
202 286
203 210
203 230
203 259
203 261
203 268
203 273
203 282
204 212
205 280
205 292
206 228
206 229
207 214
207 231
207 272
207 286
208 253
209 224
209 225
209 231
210 219
210 291
210 293
210 294
211 214
211 280
211 286
212 225
212 226
212 246
212 294
213 216
213 230
213 244
213 247
213 299
214 238
214 258
214 286
215 252
215 263
215 269
215 294
216 222
216 229
216 255
216 258
216 263
216 272
217 219
217 236
217 242
217 283
218 253
218 257
218 284
218 287
219 252
219 270
220 221
220 225
220 270
220 295
220 296
221 258
221 275
221 295
222 233
222 259
222 283
222 295
223 282
223 285
224 245
224 258
225 273
226 243
226 262
227 237
228 239
228 244
228 249
228 271
228 286
229 234
229 269
229 280
230 237
230 275
231 237
232 241
232 256
232 279
232 294
233 275
234 255
234 282
235 276
235 290
236 265
236 271
236 281
238 259
238 280
238 286
240 264
240 268
241 243
241 273
241 274
242 285
243 284
243 285
244 267
244 289
244 291
245 247
245 256
247 253
247 293
248 250
248 296
249 275
250 253
251 271
252 258
252 270
252 287
254 278
258 266
258 270
258 288
259 262
259 295
261 268
261 274
263 296
264 265
264 281
265 271
265 278
266 280
266 295
267 286
268 298
269 292
272 285
273 277
273 296
274 290
275 297
276 277
276 290
277 284
277 298
278 288
279 285
280 289
280 297
281 294
281 295
282 294
283 284
288 289
288 299
292 298
