300 1654
0 14
0 25
0 63
0 67
0 78
0 91
0 93
0 139
0 147
0 162
0 167
0 214
0 235
1 64
1 69
1 86
1 94
1 154
1 167
1 186
1 192
1 234
2 12
2 46
2 47
2 52
2 87
2 175
2 207
2 248
3 9
3 77
3 94
3 105
3 114
3 135
3 183
3 184
3 190
3 195
3 233
4 75
4 126
4 190
4 221
4 279
5 30
5 42
5 116
5 149
5 153
5 209
5 215
5 222
5 240
5 248
5 267
6 7
6 25
6 51
6 57
6 85
6 101
6 124
6 158
6 218
6 221
6 263
6 269
7 27
7 95
7 104
7 146
7 190
7 197
7 246
7 249
7 252
7 253
8 13
8 20
8 36
8 54
8 119
8 134
8 210
8 252
8 262
8 292
9 14
9 18
9 67
9 139
9 157
9 167
9 172
9 189
9 193
9 279
9 296
10 73
10 78
10 110
10 127
10 131
10 151
10 152
10 177
10 195
10 216
10 234
10 248
10 274
10 280
10 281
11 33
11 61
11 63
11 65
11 115
11 132
11 159
11 212
11 231
12 20
12 36
12 77
12 96
12 112
12 131
12 213
12 285
13 14
13 15
13 16
13 32
13 35
13 62
13 66
13 94
13 132
13 136
13 150
13 152
13 159
13 163
13 181
13 278
14 17
14 71
14 124
14 131
14 152
14 164
14 270
14 273
14 287
15 23
15 38
15 76
15 87
15 98
15 118
15 174
15 187
15 236
15 272
15 291
15 292
16 20
16 62
16 106
16 155
16 161
16 172
16 200
16 205
16 228
16 281
16 288
17 43
17 53
17 67
17 99
17 179
17 195
17 222
17 224
17 237
17 268
17 289
17 299
18 77
18 78
18 94
18 102
18 142
18 146
18 185
18 223
18 228
18 248
18 269
18 298
19 34
19 59
19 106
19 159
19 164
19 208
19 216
19 243
19 245
19 254
19 257
19 288
19 294
20 38
20 67
20 117
20 123
20 126
20 211
20 217
20 248
20 299
21 64
21 123
21 178
21 185
21 198
21 199
21 232
21 247
21 248
21 280
21 287
21 299
22 28
22 53
22 56
22 90
22 101
22 134
22 149
22 178
22 193
22 209
22 253
22 258
23 44
23 80
23 118
23 129
23 168
23 188
23 239
23 272
24 40
24 46
24 67
24 93
24 119
24 224
24 258
24 259
24 264
24 265
24 277
25 29
25 43
25 51
25 70
25 111
25 169
25 247
25 255
25 265
25 289
26 28
26 76
26 100
26 170
26 206
26 216
26 218
26 223
26 241
26 251
26 292
27 33
27 62
27 92
27 110
27 113
27 153
27 178
27 252
27 265
28 36
28 50
28 62
28 68
28 145
28 148
28 192
28 202
28 205
28 213
28 217
28 226
28 227
28 259
28 264
28 266
28 280
29 32
29 67
29 116
29 118
29 135
29 162
29 193
29 276
29 284
29 296
30 34
30 45
30 117
30 144
30 161
30 180
30 189
30 212
30 228
30 261
30 283
30 294
31 32
31 62
31 64
31 142
31 178
31 181
31 187
31 191
31 222
31 230
31 234
31 260
31 275
31 296
31 298
32 53
32 85
32 94
32 98
32 169
32 183
32 189
32 202
32 260
32 269
33 67
33 111
33 219
33 227
34 36
34 102
34 152
34 166
34 175
34 230
34 249
34 251
34 270
34 295
35 49
35 74
35 78
35 138
35 169
35 177
35 242
36 38
36 44
36 75
36 81
36 125
36 161
36 183
36 208
37 70
37 74
37 99
37 132
37 157
37 162
37 202
37 208
37 211
37 212
37 218
37 268
38 74
38 116
38 151
38 210
38 218
38 228
38 248
38 252
39 43
39 68
39 97
39 143
39 151
39 179
39 225
39 286
40 53
40 80
40 83
40 146
40 147
40 177
40 182
40 198
40 231
40 251
40 271
41 61
41 111
41 118
41 143
41 150
41 194
41 228
41 235
41 257
41 266
41 281
41 294
42 51
42 60
42 107
42 130
42 160
42 171
42 199
42 266
42 291
43 56
43 65
43 144
43 164
43 176
43 245
43 254
43 259
43 278
43 279
44 105
44 107
44 111
44 122
44 127
44 129
44 170
44 175
44 182
44 209
44 226
44 236
44 289
45 62
45 81
45 108
45 152
45 181
45 203
45 270
46 47
46 93
46 125
46 186
46 189
46 195
46 203
46 224
46 233
46 263
46 294
46 298
47 132
47 140
47 149
47 151
47 159
47 196
47 197
47 207
47 217
47 226
48 71
48 121
48 167
48 204
48 205
48 268
48 283
48 285
49 137
49 146
49 153
49 164
49 187
49 205
49 221
49 246
49 264
49 276
49 288
50 70
50 83
50 87
50 110
50 165
50 192
50 208
50 226
51 129
51 204
51 228
51 248
51 268
51 285
52 110
52 118
52 163
52 179
52 186
52 191
52 230
52 250
52 255
52 258
52 270
53 98
53 143
53 158
53 165
53 237
53 255
53 267
54 70
54 102
54 109
54 219
54 288
55 59
55 71
55 72
55 109
55 118
55 119
55 133
55 148
55 194
55 196
55 232
55 282
56 151
56 176
56 190
56 197
56 213
56 244
57 59
57 84
57 105
57 120
57 124
57 125
57 131
57 176
57 181
57 190
57 220
57 255
57 278
57 298
57 299
58 71
58 76
58 84
58 85
58 104
58 106
58 114
58 137
58 199
58 208
58 240
58 251
58 289
59 77
59 100
59 180
59 221
59 233
59 254
59 259
59 271
59 299
60 69
60 75
60 176
60 225
60 232
60 251
60 262
60 276
60 280
61 68
61 93
61 94
61 108
61 127
61 151
61 170
61 196
61 279
61 297
62 73
62 96
62 97
62 109
62 124
62 131
62 222
62 245
62 256
62 285
62 297
63 70
63 71
63 80
63 84
63 90
63 92
63 98
63 148
63 247
64 118
64 137
64 149
64 176
64 236
64 280
64 299
65 75
65 84
65 144
65 150
65 166
65 175
65 283
65 297
66 141
66 143
66 151
66 172
66 208
66 256
66 287
66 290
67 76
67 103
67 154
68 95
68 141
68 186
68 207
68 226
68 241
69 162
69 165
69 175
69 190
69 212
69 251
69 268
69 278
70 77
70 84
70 115
70 145
70 146
70 222
70 242
70 267
70 288
71 82
71 109
71 111
71 112
71 116
71 118
71 186
71 187
71 205
71 286
72 84
72 105
72 114
72 121
72 125
72 180
72 181
72 244
72 279
73 172
73 230
74 79
74 96
74 115
74 120
74 205
74 206
74 213
74 223
74 228
74 229
74 235
74 284
74 296
75 145
75 170
75 188
75 227
75 293
76 142
76 167
76 200
76 205
76 210
76 216
76 297
77 87
77 206
77 222
77 259
77 272
78 149
78 207
78 223
78 232
79 106
79 112
79 136
79 194
79 199
79 205
79 211
79 232
79 237
79 282
79 288
80 82
80 86
80 95
80 114
80 188
80 217
80 252
80 259
80 271
81 83
81 88
81 92
81 99
81 113
81 117
81 177
82 152
82 267
82 270
82 280
83 144
83 181
83 197
83 222
83 233
83 256
83 298
84 104
84 131
84 154
84 166
84 211
84 266
84 282
84 286
85 124
85 127
85 154
85 159
85 192
85 210
85 220
85 242
85 264
86 118
86 129
86 159
86 181
86 219
86 233
86 234
86 236
86 237
86 255
86 297
87 106
87 152
87 211
87 217
87 242
87 252
87 265
88 124
88 136
88 164
88 195
88 210
88 211
88 267
89 105
89 125
89 256
90 113
90 119
90 160
90 234
90 265
91 93
91 111
91 141
91 149
91 216
91 223
91 266
91 298
92 127
92 131
92 143
92 161
92 185
92 207
92 213
92 241
92 294
93 135
93 220
93 238
93 240
94 98
94 103
94 108
94 120
94 127
94 165
94 171
94 183
94 285
94 294
95 162
95 181
95 200
95 234
95 259
95 273
95 274
95 275
96 97
96 98
96 144
96 171
96 198
96 234
96 249
96 262
96 278
96 282
97 99
97 149
97 153
97 163
97 164
97 214
97 223
97 231
97 295
98 127
98 146
98 199
98 263
98 296
99 189
99 226
99 263
99 283
100 109
100 128
100 129
100 162
100 176
100 253
100 256
100 287
100 293
101 147
101 230
101 232
101 260
101 271
101 285
101 288
102 113
102 132
102 145
102 154
102 173
102 180
102 192
102 238
102 264
102 279
103 109
103 184
103 221
103 253
103 288
104 128
104 148
104 223
104 281
105 112
105 247
105 250
105 278
106 196
106 197
106 214
106 228
107 146
107 162
107 187
107 209
107 214
107 246
107 248
107 254
107 260
107 273
108 134
108 154
108 161
108 178
108 179
108 190
108 231
108 237
109 111
109 139
109 159
109 168
109 246
109 247
110 124
110 156
110 194
110 219
110 226
110 244
110 252
110 279
110 280
111 219
111 227
111 229
111 248
111 251
112 155
112 184
112 188
112 208
112 233
113 124
113 133
113 215
113 240
113 264
113 283
113 293
114 131
114 175
114 211
114 214
114 231
114 239
114 257
114 280
115 216
115 237
115 243
115 253
115 254
115 297
116 138
116 159
116 186
116 205
116 206
116 278
117 167
117 169
117 184
117 193
117 215
117 245
117 290
118 135
118 206
118 210
118 216
118 222
118 262
118 275
119 121
119 149
119 177
119 236
120 157
120 168
120 201
120 209
120 224
120 259
120 265
120 266
120 288
121 149
121 187
121 198
121 232
121 277
121 282
122 126
122 130
122 148
122 211
122 228
122 229
122 268
122 273
122 282
123 144
123 158
123 174
123 195
123 200
123 247
123 292
123 299
124 174
124 182
124 184
124 201
124 207
124 240
124 277
124 281
124 289
124 295
125 158
125 171
125 174
125 190
125 230
125 239
125 283
126 140
126 185
126 220
126 228
126 265
126 272
127 135
127 148
127 200
127 207
127 216
127 242
127 253
127 297
128 161
128 163
128 182
128 221
128 248
128 249
129 191
129 209
129 275
129 277
129 287
130 188
130 190
130 256
130 281
130 288
131 141
131 147
131 229
131 271
131 284
131 290
132 134
132 200
132 205
132 237
132 245
132 257
132 264
133 141
133 150
133 184
133 250
133 270
133 271
134 158
134 193
134 202
134 216
134 223
134 271
135 137
135 138
135 167
135 196
135 201
135 207
135 253
135 256
135 258
135 283
135 296
136 146
136 180
136 184
136 209
136 223
136 241
136 246
137 156
137 172
137 190
137 193
137 255
137 288
138 152
138 172
138 220
138 254
138 255
138 274
138 276
138 277
138 279
139 145
139 148
139 154
139 168
139 238
139 241
139 265
139 280
139 287
140 164
140 238
140 245
140 246
140 250
140 258
140 266
140 277
140 297
141 150
141 165
141 167
141 200
141 202
141 208
141 213
141 225
141 282
142 143
142 145
142 152
142 153
142 198
142 215
142 244
142 288
143 150
143 173
143 210
143 225
143 255
144 149
144 169
144 183
144 221
144 231
144 247
144 252
144 292
145 191
145 218
145 228
145 291
146 219
146 237
146 256
146 290
147 156
147 161
147 208
147 215
147 293
148 149
149 157
149 211
149 268
149 269
149 292
150 155
150 191
150 196
150 222
150 241
150 252
150 268
151 167
151 179
151 286
152 154
152 293
153 179
153 213
153 222
153 273
153 294
154 221
155 184
155 236
155 263
155 289
156 160
156 168
156 172
156 218
156 227
156 231
156 297
157 163
157 171
157 174
157 186
157 200
157 217
157 253
157 267
157 288
157 290
157 297
158 183
158 208
158 210
158 247
158 280
158 290
159 266
159 275
159 285
160 174
160 217
160 242
160 257
160 287
160 294
161 183
161 226
161 247
161 252
161 285
162 171
162 214
162 241
162 276
162 298
163 164
163 183
163 212
163 284
164 178
164 205
164 235
164 265
164 287
165 166
165 204
165 218
165 236
165 240
165 286
166 185
166 216
166 235
166 244
166 270
166 273
167 173
167 184
168 172
168 182
168 216
168 234
169 208
169 215
169 263
170 171
171 214
171 230
171 253
171 258
171 285
171 293
172 183
172 192
172 210
172 229
172 263
172 283
172 289
173 175
173 192
173 226
174 226
174 245
174 265
174 277
175 220
175 293
176 179
176 186
176 209
176 214
176 224
176 237
176 242
176 257
177 182
177 189
177 213
177 237
177 256
177 277
178 196
178 199
178 203
179 184
179 205
179 221
179 263
179 264
179 283
179 284
179 286
180 183
180 190
180 204
180 228
180 237
180 274
180 286
181 227
181 268
182 282
183 227
183 249
183 278
183 284
183 293
183 295
184 224
184 274
184 286
184 298
185 204
185 206
185 214
185 243
185 272
185 288
186 227
186 248
186 284
186 293
187 202
187 264
187 294
188 211
188 233
188 275
188 279
188 284
188 298
189 198
189 218
189 267
189 271
189 287
190 217
190 219
190 222
191 192
191 193
191 195
191 221
191 222
191 266
192 267
192 295
193 207
193 227
193 246
193 269
193 274
193 288
194 247
194 267
194 270
194 272
194 278
195 231
195 271
195 273
196 201
196 273
196 276
197 212
197 238
197 291
198 244
199 201
199 209
199 212
199 224
199 250
199 258
200 252
200 272
200 276
200 280
200 299
201 210
201 211
201 225
201 254
201 266
201 277
202 275
203 287
204 274
205 224
205 255
205 288
206 211
206 222
206 228
206 235
206 266
206 268
206 284
207 228
207 230
207 271
208 210
208 229
209 217
209 239
209 253
209 265
209 270
209 276
210 245
210 248
210 262
210 263
211 237
211 263
211 289
212 233
212 242
212 294
212 295
213 229
213 249
213 269
213 272
214 246
214 248
214 281
215 277
216 222
216 232
216 241
216 252
217 226
217 227
217 265
217 269
218 287
219 259
219 280
219 291
219 296
219 299
220 223
220 230
220 256
220 268
220 286
221 238
221 257
222 266
223 246
223 261
223 264
223 299
224 229
224 299
225 232
225 256
225 261
225 273
225 282
226 282
226 289
228 230
228 243
229 280
230 277
231 272
232 241
232 250
232 255
232 284
233 257
233 268
234 242
234 275
235 260
236 269
236 298
237 247
237 261
237 263
237 270
237 291
237 293
238 246
238 286
239 259
239 260
239 279
240 258
240 262
240 283
240 296
241 244
241 263
241 272
241 282
241 283
241 293
242 244
242 257
243 265
243 277
243 294
244 292
245 265
246 257
246 286
247 252
247 270
248 257
248 261
249 252
249 267
249 293
251 263
251 273
252 273
252 290
253 288
253 298
254 269
254 270
255 282
256 295
257 281
258 261
259 260
259 272
260 296
261 262
261 264
261 265
261 273
262 277
262 291
264 298
265 269
266 299
267 278
268 274
268 282
268 284
269 270
270 284
271 286
274 293
277 297
278 289
283 291
284 287
284 298
294 299
296 297
