120 488
0 8
0 12
0 21
0 32
0 59
0 65
0 67
0 73
0 107
0 115
1 29
1 93
1 105
2 11
2 21
2 27
2 33
2 37
2 40
2 97
2 108
2 111
2 112
3 6
3 7
3 13
3 17
3 38
3 52
3 68
3 107
3 109
3 118
4 12
4 24
4 27
4 38
4 85
4 86
4 88
4 98
4 118
5 12
5 13
5 17
5 19
5 26
5 27
5 51
5 81
5 91
5 115
6 19
6 21
6 42
6 58
6 79
7 23
7 46
7 82
7 86
7 98
7 116
8 12
8 31
8 48
8 91
8 100
8 109
9 15
9 24
9 26
9 30
9 35
9 72
10 40
10 65
10 74
10 83
10 84
10 96
10 119
11 49
11 59
11 60
11 77
11 90
11 93
11 101
11 107
12 13
12 14
12 23
12 36
12 40
12 82
12 89
12 100
12 104
12 105
12 113
13 18
13 32
13 54
13 60
13 67
13 84
13 102
13 111
14 40
14 42
14 46
14 72
14 85
15 21
15 59
15 61
15 62
15 69
15 79
15 117
16 17
16 25
16 43
16 74
16 83
16 87
16 92
16 104
16 111
16 118
17 19
17 31
17 43
17 85
17 90
17 91
17 109
17 115
18 21
18 34
18 40
18 41
18 52
18 53
18 54
18 62
18 70
18 73
18 78
18 81
18 89
18 96
18 97
18 106
18 108
18 111
18 117
19 23
19 33
19 42
19 54
19 58
19 80
19 97
20 34
20 40
20 71
20 76
20 79
20 101
21 28
21 32
21 40
21 47
21 52
21 53
21 60
21 62
21 71
21 89
21 94
21 119
22 81
22 115
22 116
23 39
23 41
23 46
23 66
23 74
23 79
23 80
24 27
24 28
24 55
24 63
24 72
24 83
24 112
25 45
25 66
25 68
25 112
26 85
26 94
26 111
27 42
27 46
27 48
27 81
27 87
27 104
28 51
28 53
28 56
28 61
28 82
28 83
28 113
29 31
29 91
29 102
30 40
30 51
30 56
30 62
30 77
30 80
30 81
30 90
30 97
31 35
31 59
31 78
31 91
31 105
31 115
31 119
32 50
32 52
32 107
32 109
33 52
33 65
33 88
33 101
33 105
33 119
34 35
34 42
34 49
34 66
34 69
34 77
34 113
34 115
35 36
35 48
35 109
36 61
36 70
36 91
36 108
37 52
37 58
37 64
37 73
37 104
37 110
37 116
38 63
38 96
39 46
39 63
39 89
39 95
39 98
39 100
40 44
40 53
40 56
40 62
40 72
40 76
40 89
41 50
41 72
41 82
41 100
42 64
42 83
42 107
43 45
43 64
43 112
44 61
44 62
44 66
44 74
45 67
45 77
45 80
45 90
45 91
45 97
45 106
45 112
45 119
46 54
46 77
46 86
46 88
46 119
47 61
47 72
47 81
47 112
47 119
48 76
48 79
48 105
49 56
49 71
49 94
50 63
50 100
51 63
51 73
51 76
51 93
52 54
52 93
52 110
53 54
53 62
53 78
53 82
53 83
53 88
53 89
53 112
54 71
54 87
54 94
54 96
55 81
55 92
55 102
55 103
55 105
55 115
56 91
56 109
57 63
57 75
57 99
57 104
57 113
58 60
58 86
58 95
58 99
58 116
58 118
59 61
59 73
59 77
59 98
59 105
59 110
59 112
60 85
60 93
60 112
61 74
61 77
61 83
61 95
62 63
62 71
62 72
62 89
62 105
62 110
62 114
63 77
63 86
63 90
63 93
64 69
64 74
64 87
64 103
65 78
65 83
65 114
66 84
66 102
67 73
68 71
68 76
68 111
69 99
69 102
69 103
69 106
69 115
70 85
70 103
70 107
70 109
70 112
70 113
70 117
71 85
71 92
72 89
72 96
72 108
73 75
73 81
73 86
73 106
74 83
74 89
74 97
74 99
74 105
75 77
76 83
77 85
77 103
78 103
78 119
79 102
79 118
80 85
80 102
80 104
80 114
80 115
82 85
82 86
82 90
82 117
83 108
84 107
84 114
85 88
85 106
86 100
86 101
87 91
87 92
87 105
87 111
88 115
89 100
89 107
89 114
90 100
90 107
90 111
91 93
91 103
91 105
92 106
92 118
93 100
93 119
95 98
95 100
95 111
96 98
97 108
98 107
100 101
100 110
101 116
102 107
103 105
103 116
103 117
103 119
105 114
110 119
114 118
