300 2414
0 104
0 121
0 131
0 137
0 177
0 182
0 223
0 237
0 256
0 284
1 25
1 58
1 60
1 77
1 85
1 148
1 210
1 211
1 249
1 286
2 4
2 26
2 28
2 44
2 58
2 83
2 107
2 114
2 116
2 152
2 180
2 193
2 215
2 242
2 253
2 261
2 277
3 13
3 21
3 71
3 80
3 82
3 86
3 105
3 112
3 183
3 190
3 191
3 192
3 237
3 240
3 241
3 249
3 261
3 263
3 269
3 275
3 290
4 70
4 93
4 96
4 172
4 185
4 188
4 208
4 209
4 219
4 221
4 228
4 236
4 250
4 259
4 294
5 18
5 29
5 32
5 56
5 99
5 106
5 172
5 212
5 227
5 244
5 253
5 267
5 289
5 290
6 13
6 19
6 24
6 40
6 47
6 53
6 86
6 87
6 116
6 128
6 157
6 160
6 168
6 194
6 238
6 239
6 240
6 245
6 249
6 290
7 57
7 61
7 81
7 89
7 90
7 122
7 175
7 183
7 213
7 264
7 270
7 271
7 272
7 274
7 288
8 35
8 36
8 92
8 136
8 147
8 160
8 219
8 222
8 252
8 272
8 280
9 104
9 113
9 151
9 222
9 228
9 298
10 19
10 24
10 28
10 36
10 41
10 62
10 71
10 74
10 76
10 79
10 96
10 104
10 110
10 111
10 123
10 125
10 133
10 143
10 207
10 215
10 219
10 230
10 241
10 266
10 283
10 288
11 20
11 24
11 66
11 97
11 99
11 106
11 115
11 117
11 127
11 143
11 182
11 271
12 54
12 111
12 140
12 157
12 168
12 173
12 197
12 201
12 219
12 227
12 252
12 267
13 39
13 51
13 54
13 59
13 76
13 80
13 81
13 136
13 157
13 171
13 184
13 186
13 297
14 36
14 53
14 72
14 84
14 95
14 124
14 127
14 144
14 154
14 159
14 164
14 175
14 232
14 258
14 284
15 43
15 53
15 103
15 107
15 117
15 120
15 121
15 130
15 160
15 170
15 190
15 207
15 212
15 228
15 258
15 283
15 291
16 31
16 33
16 72
16 112
16 117
16 163
16 215
16 225
16 236
16 246
16 253
16 280
17 34
17 45
17 47
17 48
17 50
17 73
17 85
17 102
17 126
17 132
17 135
17 174
17 177
17 186
17 230
17 240
17 268
17 270
17 286
17 290
17 295
18 47
18 60
18 76
18 81
18 102
18 145
18 157
18 178
18 181
18 183
18 205
18 210
18 229
18 245
18 252
18 266
18 270
18 283
18 292
18 299
19 28
19 33
19 49
19 71
19 106
19 108
19 158
19 160
19 163
19 177
19 189
19 234
19 241
19 298
20 84
20 89
20 97
20 113
20 116
20 123
20 127
20 134
20 135
20 175
20 202
20 232
20 235
20 261
20 299
21 39
21 44
21 54
21 63
21 64
21 75
21 78
21 111
21 128
21 136
21 138
21 145
21 225
21 228
21 252
21 289
21 290
22 35
22 102
22 124
22 141
22 148
22 176
22 189
22 196
22 246
22 250
22 263
22 281
22 288
23 33
23 50
23 73
23 74
23 76
23 100
23 109
23 115
23 117
23 123
23 129
23 154
23 183
23 201
23 218
23 256
23 258
24 43
24 61
24 66
24 73
24 92
24 115
24 177
24 190
24 195
24 255
24 266
24 272
24 280
25 57
25 59
25 115
25 119
25 148
25 184
25 192
25 217
25 290
26 35
26 38
26 56
26 64
26 65
26 68
26 72
26 119
26 129
26 130
26 184
26 195
26 214
26 273
27 28
27 49
27 53
27 78
27 88
27 123
27 129
27 135
27 140
27 148
27 150
27 224
27 250
27 258
27 270
27 296
28 30
28 37
28 52
28 53
28 97
28 113
28 136
28 164
28 196
28 202
28 255
29 55
29 75
29 77
29 92
29 120
29 126
29 189
29 197
29 205
29 274
29 282
29 284
30 54
30 61
30 64
30 102
30 163
30 167
30 197
30 236
30 260
30 271
30 281
31 46
31 60
31 63
31 74
31 102
31 129
31 136
31 162
31 179
31 185
31 193
31 195
31 196
31 216
31 226
31 229
31 267
31 269
31 273
32 46
32 118
32 137
32 140
32 165
32 204
32 208
32 216
32 223
32 227
32 234
32 246
32 276
32 298
33 40
33 49
33 51
33 67
33 70
33 77
33 110
33 139
33 145
33 163
33 169
33 201
33 203
33 222
33 266
33 279
34 35
34 47
34 50
34 58
34 60
34 85
34 91
34 105
34 126
34 132
34 140
34 152
34 179
34 182
34 185
34 202
34 221
34 229
34 268
34 286
34 288
34 295
35 46
35 54
35 72
35 96
35 98
35 103
35 138
35 146
35 150
35 160
35 163
35 290
35 294
35 296
36 64
36 67
36 92
36 126
36 142
36 149
36 179
36 208
36 217
36 283
36 290
36 294
37 41
37 45
37 52
37 128
37 130
37 131
37 133
37 136
37 184
37 186
37 190
37 258
37 267
37 289
38 100
38 128
38 135
38 139
38 148
38 149
38 159
38 160
38 176
38 187
38 205
38 219
38 236
38 241
38 252
38 255
39 41
39 63
39 79
39 96
39 103
39 115
39 131
39 221
39 229
39 235
39 272
39 274
39 276
39 297
40 56
40 135
40 158
40 252
40 255
40 261
40 264
40 278
40 285
40 288
41 58
41 75
41 78
41 101
41 102
41 108
41 110
41 152
41 154
41 168
41 195
41 198
41 217
41 224
41 233
41 246
41 281
41 285
41 287
42 47
42 63
42 116
42 184
42 254
42 288
42 294
43 77
43 83
43 98
43 148
43 152
43 158
43 165
43 172
43 175
43 207
43 209
43 222
43 252
43 258
43 287
43 293
43 295
44 50
44 51
44 56
44 74
44 96
44 138
44 190
44 218
44 222
44 237
44 246
44 275
44 279
44 283
44 295
45 64
45 73
45 86
45 101
45 108
45 116
45 132
45 136
45 159
45 195
45 197
45 234
45 235
45 243
45 269
45 270
46 68
46 81
46 110
46 139
46 163
46 183
46 190
46 201
46 204
46 231
46 268
47 50
47 57
47 85
47 124
47 126
47 132
47 138
47 152
47 165
47 183
47 195
47 224
47 249
47 268
47 277
47 286
47 295
48 64
48 67
48 81
48 97
48 109
48 111
48 116
48 211
48 216
48 222
48 227
48 230
48 243
48 247
48 249
49 63
49 65
49 71
49 73
49 93
49 146
49 198
49 216
50 64
50 65
50 85
50 114
50 116
50 126
50 132
50 139
50 150
50 180
50 199
50 232
50 237
50 255
50 257
50 261
50 268
50 269
50 273
50 274
50 276
50 282
50 286
50 292
50 295
51 52
51 66
51 102
51 104
51 119
51 163
51 175
51 232
51 247
51 250
51 251
51 259
51 288
52 59
52 87
52 93
52 105
52 145
52 149
52 177
52 194
52 205
52 211
52 228
52 236
52 247
52 255
52 262
52 276
52 277
52 291
53 54
53 70
53 76
53 101
53 107
53 119
53 121
53 131
53 152
53 174
53 178
53 194
53 224
53 261
53 292
54 95
54 113
54 117
54 119
54 179
54 185
54 192
54 208
54 240
54 243
54 245
54 252
55 59
55 87
55 89
55 111
55 118
55 119
55 125
55 128
55 134
55 148
55 157
55 166
55 170
55 182
55 186
55 202
55 221
55 235
55 242
55 246
55 259
55 267
55 274
55 291
56 57
56 62
56 66
56 171
56 186
56 201
56 206
56 221
56 255
56 258
56 262
56 271
56 278
56 283
56 289
56 291
57 81
57 82
57 110
57 132
57 138
57 144
57 165
57 171
57 186
57 209
57 276
57 293
58 59
58 68
58 76
58 79
58 109
58 120
58 125
58 132
58 155
58 157
58 165
58 193
58 195
58 201
58 247
58 291
58 297
59 69
59 72
59 111
59 112
59 113
59 124
59 147
59 168
59 200
59 205
59 208
59 216
59 230
59 239
59 291
59 299
60 76
60 84
60 87
60 108
60 114
60 121
60 154
60 184
60 189
60 195
60 220
60 233
60 234
60 246
60 253
60 296
61 63
61 72
61 106
61 109
61 113
61 121
61 139
61 178
61 191
61 216
61 217
61 263
61 267
61 288
61 296
61 299
62 69
62 72
62 80
62 85
62 90
62 91
62 99
62 112
62 122
62 134
62 145
62 146
62 148
62 158
62 162
62 165
62 171
62 201
62 203
62 224
62 231
62 254
62 264
62 269
62 274
62 276
62 294
63 65
63 140
63 188
63 202
63 203
63 204
63 221
63 239
63 258
63 281
64 97
64 118
64 125
64 152
64 170
64 189
64 194
64 205
64 211
64 220
64 221
64 228
64 250
65 72
65 102
65 116
65 154
65 187
65 191
65 197
65 208
65 234
65 262
66 134
66 173
66 183
66 185
67 69
67 110
67 116
67 122
67 125
67 147
67 157
67 171
67 187
67 194
67 211
67 236
68 70
68 73
68 87
68 111
68 131
68 179
68 215
68 223
68 237
68 241
68 250
68 253
68 292
69 107
69 109
69 156
69 225
69 252
69 263
69 265
69 276
69 290
69 299
70 94
70 100
70 154
70 167
70 170
70 197
70 229
70 247
70 258
70 259
70 288
70 294
71 101
71 104
71 152
71 200
71 207
71 296
72 79
72 93
72 200
72 282
72 288
72 297
73 75
73 76
73 81
73 116
73 139
73 158
73 178
73 183
73 186
73 191
73 225
73 243
73 287
74 78
74 89
74 94
74 95
74 102
74 111
74 139
74 179
74 183
74 203
74 236
74 246
74 299
75 91
75 92
75 130
75 161
75 171
75 183
75 185
75 239
75 273
75 286
75 291
76 79
76 96
76 100
76 116
76 117
76 123
76 128
76 147
76 148
76 156
76 162
76 173
76 177
76 228
76 266
76 274
77 89
77 163
77 164
77 170
77 175
77 201
77 203
77 219
77 252
77 254
77 256
77 265
77 273
77 282
78 86
78 115
78 120
78 128
78 149
78 218
78 230
78 234
78 258
78 261
78 280
79 88
79 89
79 90
79 126
79 127
79 147
79 160
79 169
79 170
79 176
79 209
79 232
79 258
79 259
80 88
80 110
80 131
80 134
80 146
80 165
80 169
80 195
80 196
80 226
81 144
81 222
81 240
81 252
81 258
81 290
81 291
82 115
82 126
82 143
82 191
82 199
82 204
82 218
82 271
83 86
83 95
83 116
83 118
83 129
83 133
83 139
83 144
83 164
83 172
83 175
83 180
83 203
83 231
83 245
83 298
84 110
84 157
84 183
84 196
84 209
84 247
84 259
84 271
84 285
85 126
85 132
85 142
85 206
85 216
85 222
85 239
85 249
85 264
85 268
85 286
85 295
86 95
86 98
86 138
86 142
86 179
86 190
86 215
86 217
87 105
87 106
87 108
87 122
87 163
87 177
87 178
87 248
88 106
88 128
88 160
88 172
88 195
88 201
88 216
88 221
88 238
88 289
88 293
89 108
89 139
89 187
89 203
89 236
89 238
89 244
89 278
89 289
90 133
90 150
90 165
90 199
90 223
90 251
90 254
90 282
90 292
91 123
91 134
91 135
91 149
91 154
91 185
91 197
91 215
91 224
91 271
91 286
92 94
92 109
92 173
92 174
92 191
92 221
92 241
92 278
92 284
93 106
93 109
93 113
93 121
93 199
93 203
93 205
93 212
93 250
93 257
93 268
93 283
93 290
94 107
94 133
94 145
94 157
94 164
94 170
94 172
94 181
94 191
94 201
94 208
94 229
94 239
94 243
94 253
94 284
94 286
94 289
95 128
95 182
95 243
96 114
96 118
96 136
96 149
96 172
96 181
96 199
96 202
96 230
96 247
97 117
97 153
97 157
97 161
97 162
97 176
97 188
97 228
97 254
97 280
97 290
97 299
98 142
98 154
98 155
98 156
98 184
98 201
98 204
98 206
98 213
98 238
98 241
98 283
98 297
99 106
99 155
99 178
99 180
99 186
99 203
99 224
99 230
99 238
99 282
99 299
100 116
100 117
100 133
100 192
100 193
100 212
100 228
100 261
100 265
100 271
100 287
100 296
101 108
101 146
101 239
101 242
101 294
101 296
102 114
102 117
102 121
102 141
102 178
102 193
102 196
102 208
102 231
102 259
102 263
103 120
103 130
103 152
103 175
103 183
103 211
103 265
103 269
104 115
104 145
104 147
104 149
104 209
104 227
104 231
104 236
104 238
104 253
104 259
104 264
105 120
105 130
105 136
105 141
105 142
105 146
105 155
105 156
105 198
105 199
105 219
105 228
105 251
105 284
105 289
106 130
106 150
106 203
106 205
106 238
106 262
107 110
107 181
107 202
107 227
107 231
107 235
107 246
107 267
107 269
108 115
108 120
108 162
108 188
108 203
108 204
108 211
108 226
109 118
109 127
109 132
109 184
109 220
109 223
109 224
109 256
109 257
109 274
109 289
109 295
110 125
110 126
110 188
110 224
110 229
110 237
110 242
110 245
110 260
110 264
110 290
110 296
111 116
111 226
111 277
112 113
112 130
112 143
112 152
112 162
112 164
112 166
112 172
112 177
112 203
112 250
112 271
112 276
112 277
112 286
113 143
113 204
113 212
113 222
113 271
113 277
113 278
114 116
114 180
114 187
114 189
114 201
114 234
114 283
114 289
115 122
115 126
115 136
115 137
115 165
115 167
115 177
115 210
115 222
115 230
115 232
115 236
115 238
115 252
116 142
116 160
116 179
116 197
116 199
116 214
116 219
116 252
117 118
117 135
117 136
117 144
117 159
117 214
117 252
117 292
118 135
118 143
118 155
118 161
118 187
118 206
118 217
118 220
118 227
118 244
118 246
118 254
118 295
119 144
119 148
119 167
119 169
119 183
119 191
119 230
119 241
119 298
120 149
120 152
120 164
120 170
120 200
120 214
120 226
120 231
120 246
120 247
121 125
121 131
121 135
121 198
121 200
121 256
122 143
122 155
122 179
122 215
123 127
123 135
123 144
123 191
123 258
123 267
123 277
123 281
123 284
123 287
123 292
123 297
124 126
124 174
124 185
124 254
124 270
125 126
125 156
125 159
125 169
125 178
125 195
125 208
125 213
125 216
125 240
125 269
126 132
126 150
126 198
126 214
126 217
126 226
126 228
126 236
126 237
126 241
126 266
126 268
126 286
126 291
126 295
126 298
127 154
127 169
127 202
127 213
127 238
127 283
127 295
128 137
128 167
128 183
128 212
128 213
128 252
128 273
129 140
129 180
129 214
129 245
129 246
129 252
129 257
129 286
129 288
130 147
130 172
130 182
130 206
130 210
130 216
130 219
130 221
130 234
130 263
130 269
130 278
130 284
130 293
130 295
130 296
131 138
131 145
131 151
131 191
131 197
131 198
131 206
131 219
131 228
131 241
131 256
132 134
132 152
132 173
132 187
132 212
132 238
132 241
132 268
132 286
132 290
132 292
132 295
133 136
133 148
133 156
133 183
133 203
133 209
133 241
133 242
133 250
133 264
133 278
133 289
134 144
134 246
134 254
134 263
134 280
134 294
134 297
135 152
135 182
135 219
135 223
135 264
135 297
136 170
136 201
136 205
136 234
136 246
136 247
136 291
137 185
137 222
137 240
137 290
138 182
138 197
138 232
138 240
138 243
138 254
138 257
138 262
138 280
139 144
139 188
139 193
139 208
139 217
139 268
139 273
140 150
140 175
140 184
140 188
140 222
140 233
140 234
140 246
140 255
140 257
140 264
141 166
141 171
141 178
141 191
141 204
141 208
141 223
142 164
142 189
142 233
142 235
142 246
142 249
142 255
142 265
143 183
143 188
143 199
143 207
143 212
143 233
143 236
143 264
143 277
143 284
143 289
144 204
144 221
144 223
144 228
144 231
144 269
145 205
145 221
145 284
146 176
146 188
146 190
146 230
146 231
146 265
147 166
147 175
147 192
147 210
147 226
147 237
147 270
148 216
148 243
148 285
149 197
149 214
149 215
149 225
149 233
149 244
149 259
149 275
149 297
150 162
150 249
150 267
151 168
151 170
151 193
151 200
151 210
151 218
151 219
151 260
151 267
151 269
152 158
152 178
152 185
152 198
152 225
152 228
152 257
152 290
153 165
153 171
153 178
153 186
153 220
153 229
153 254
153 255
153 272
153 281
153 288
154 160
154 192
154 209
154 235
154 249
154 271
154 272
154 288
154 294
155 156
155 182
155 222
155 234
155 240
155 245
155 272
155 273
155 280
155 290
155 299
156 173
156 174
156 180
156 188
156 196
156 219
156 237
156 280
156 291
157 163
157 183
157 192
157 202
157 211
157 213
157 252
158 163
158 206
158 223
158 243
158 250
158 254
158 259
158 262
158 266
158 273
158 286
159 195
159 228
159 267
159 270
159 272
160 170
160 212
160 293
161 169
161 185
161 239
161 244
161 276
162 180
162 193
162 235
162 268
162 275
162 283
163 170
163 203
163 210
163 219
163 243
163 245
163 253
163 257
163 261
163 264
163 284
163 294
163 299
164 183
164 205
164 212
164 234
164 261
164 267
164 273
164 286
164 288
164 298
165 178
165 195
165 198
165 204
165 232
165 233
165 234
165 236
165 250
165 257
166 185
166 200
166 208
166 214
166 223
166 230
166 244
166 264
166 277
167 187
167 194
167 211
167 232
167 244
167 245
167 278
167 285
168 190
168 198
168 204
168 221
168 287
169 217
169 220
169 267
170 200
170 229
170 278
170 280
171 195
171 198
171 216
171 231
171 242
171 258
171 286
171 292
171 297
172 175
172 195
172 208
172 209
172 244
172 263
172 284
172 292
173 210
173 219
173 225
173 266
174 178
174 184
174 209
174 234
174 239
174 243
174 255
174 260
174 272
174 277
175 177
175 216
175 256
175 258
175 264
175 284
175 289
176 200
176 224
176 227
176 266
176 267
177 184
177 196
177 254
177 269
177 278
177 284
177 288
178 189
178 191
178 213
178 219
178 259
178 272
178 273
179 202
179 208
179 218
179 231
179 243
179 246
179 251
179 252
179 274
179 291
180 202
180 216
180 239
180 243
180 254
180 262
180 267
181 203
181 223
181 224
181 284
182 193
182 196
182 203
182 213
182 219
182 225
182 242
182 245
183 204
183 243
183 264
183 286
184 192
184 210
184 213
184 263
184 290
185 187
185 196
185 211
185 294
186 193
186 211
186 278
187 210
187 219
187 253
187 281
187 283
187 287
188 193
188 196
188 205
188 210
188 229
188 232
188 248
188 249
188 255
189 190
189 203
189 206
189 230
189 236
189 290
190 194
190 196
190 203
190 231
190 236
190 246
190 250
190 251
190 268
190 278
190 283
191 196
191 209
191 224
191 233
191 234
191 252
191 265
191 272
191 285
192 194
192 199
192 208
192 211
192 215
192 227
192 237
192 240
192 266
192 268
192 269
192 271
192 287
193 204
193 213
193 215
193 237
193 260
193 287
194 204
194 213
194 235
194 256
194 258
194 269
194 277
194 299
195 216
195 220
195 244
195 277
196 205
196 209
196 221
196 230
196 240
196 251
196 276
197 283
198 217
198 218
198 252
198 285
198 294
199 204
199 205
199 245
199 259
199 265
199 276
199 285
199 288
200 201
200 213
200 219
200 247
200 255
200 261
200 267
200 268
201 265
201 266
202 209
202 212
202 220
202 233
202 277
202 285
203 209
203 232
203 246
203 248
204 224
204 241
204 242
204 257
205 207
205 215
205 242
205 247
205 284
205 291
206 211
206 226
206 227
206 250
206 254
206 273
206 276
206 278
206 280
206 296
207 219
207 233
207 238
207 243
207 255
207 268
207 289
208 214
208 216
208 281
209 233
209 241
209 246
209 271
210 256
211 229
211 237
211 277
211 284
211 289
211 294
212 213
212 218
212 246
213 220
213 243
213 246
213 247
213 270
213 285
214 241
214 292
215 236
215 242
215 253
215 268
215 297
216 243
216 249
216 280
216 291
216 294
217 226
217 257
217 295
218 232
218 252
218 276
218 292
219 233
219 241
219 274
219 289
219 298
220 224
220 232
220 241
220 247
220 252
220 253
220 258
220 264
220 268
220 287
220 290
221 237
222 242
222 254
223 241
223 246
223 270
224 225
224 244
224 247
224 262
224 274
224 291
225 267
226 242
226 276
226 291
227 229
227 231
227 236
227 257
227 264
227 270
227 278
227 279
227 284
227 286
227 295
228 234
228 235
228 238
228 245
229 267
230 231
230 284
231 233
231 265
231 295
232 253
232 258
232 267
232 286
233 241
233 254
233 256
233 258
233 270
233 272
233 276
233 290
234 266
234 270
234 273
234 280
235 255
235 283
236 259
236 267
237 245
237 265
237 269
237 271
237 277
238 290
239 252
239 274
239 275
239 278
240 241
240 262
240 265
240 293
241 253
242 251
243 261
243 269
243 290
243 295
243 298
244 292
244 297
245 265
245 270
245 278
245 285
246 272
246 277
246 280
246 285
246 293
246 299
247 252
247 253
247 261
247 271
247 282
247 287
248 277
248 279
248 293
249 257
249 258
249 275
250 252
251 259
251 264
251 280
251 285
252 287
253 279
254 261
254 278
255 256
255 275
255 281
257 260
257 266
257 276
258 275
258 291
259 293
260 264
261 264
261 269
261 282
261 289
261 291
262 272
263 296
264 269
264 288
264 296
264 298
268 270
268 286
268 291
268 295
269 271
269 294
271 274
272 277
272 286
272 292
272 293
272 295
273 287
273 294
274 288
274 289
276 278
276 284
276 287
279 281
279 282
280 285
280 297
281 286
282 294
285 292
286 295
287 294
289 290
291 292
