200 1708
0 1
0 15
0 48
0 55
0 72
0 78
0 80
0 85
0 98
0 99
0 118
0 122
0 142
0 175
0 177
0 182
0 185
1 14
1 35
1 68
1 70
1 77
1 86
1 101
1 106
1 114
1 126
1 127
1 129
1 143
1 150
1 164
1 165
1 176
1 195
2 17
2 22
2 40
2 49
2 53
2 100
2 112
2 126
2 135
2 146
2 152
2 171
2 191
2 195
2 198
3 7
3 17
3 35
3 54
3 62
3 70
3 71
3 72
3 133
3 149
3 151
3 156
3 162
4 7
4 11
4 12
4 13
4 40
4 45
4 58
4 64
4 71
4 84
4 87
4 92
4 93
4 101
4 113
4 121
4 130
4 131
4 140
4 181
5 23
5 31
5 45
5 48
5 50
5 59
5 67
5 68
5 79
5 92
5 96
5 111
5 115
5 117
5 128
5 137
5 138
5 170
5 190
5 192
5 197
6 7
6 17
6 20
6 25
6 26
6 38
6 44
6 53
6 88
6 96
6 109
6 110
6 119
6 122
6 154
6 159
6 164
6 185
6 194
7 10
7 15
7 16
7 43
7 50
7 69
7 86
7 93
7 103
7 104
7 133
7 137
7 141
7 144
7 163
7 166
7 168
7 177
7 182
7 183
8 14
8 16
8 80
8 89
8 92
8 107
8 126
8 128
8 157
8 158
8 165
8 172
8 174
8 183
9 10
9 23
9 38
9 46
9 66
9 71
9 74
9 75
9 85
9 104
9 146
9 153
9 178
9 186
9 192
10 19
10 32
10 37
10 60
10 61
10 67
10 79
10 93
10 114
10 132
10 147
10 155
10 158
10 161
10 164
10 168
10 172
10 182
10 183
11 21
11 29
11 41
11 50
11 54
11 68
11 77
11 83
11 106
11 123
11 138
11 157
11 167
11 178
11 180
12 37
12 69
12 74
12 112
12 113
12 126
12 147
12 155
12 161
12 179
13 30
13 34
13 37
13 42
13 47
13 59
13 66
13 69
13 77
13 81
13 93
13 100
13 109
13 113
13 126
13 137
13 140
13 142
13 143
13 167
13 177
13 178
13 186
13 199
14 22
14 23
14 24
14 25
14 29
14 38
14 49
14 56
14 58
14 63
14 73
14 96
14 97
14 105
14 107
14 110
14 116
14 129
14 136
14 148
14 152
14 164
14 175
14 191
15 21
15 22
15 55
15 58
15 71
15 82
15 94
15 113
15 146
15 148
15 151
15 152
15 155
15 170
15 179
15 191
15 199
16 22
16 37
16 42
16 57
16 60
16 80
16 82
16 93
16 96
16 120
16 138
16 146
16 148
16 153
16 155
16 156
16 162
16 179
16 181
17 33
17 44
17 55
17 57
17 71
17 93
17 99
17 106
17 107
17 109
17 111
17 125
17 134
17 160
17 166
17 169
17 189
17 197
18 20
18 42
18 50
18 69
18 93
18 107
18 110
18 151
18 184
18 195
19 25
19 30
19 32
19 33
19 40
19 50
19 52
19 67
19 109
19 126
19 139
19 146
19 169
19 183
19 184
19 190
20 24
20 40
20 51
20 54
20 71
20 113
20 114
20 124
20 143
20 147
20 166
21 51
21 75
21 107
21 125
21 126
21 137
21 138
21 139
21 151
21 159
21 165
21 169
21 170
21 175
21 199
22 27
22 33
22 47
22 56
22 58
22 68
22 76
22 84
22 87
22 117
22 129
22 135
22 139
22 143
22 152
23 26
23 32
23 33
23 52
23 70
23 84
23 127
23 138
23 148
23 152
23 156
23 175
23 184
24 30
24 37
24 39
24 42
24 47
24 51
24 73
24 99
24 104
24 133
24 161
24 180
24 185
24 186
24 199
25 32
25 44
25 45
25 51
25 54
25 59
25 60
25 97
25 103
25 106
25 107
25 119
25 124
25 147
25 159
25 175
25 196
25 199
26 38
26 64
26 89
26 90
26 92
26 102
26 111
26 145
26 166
26 197
27 35
27 57
27 61
27 69
27 70
27 73
27 76
27 105
27 119
27 120
27 122
27 126
27 127
27 136
27 138
27 150
27 160
27 166
27 171
27 179
27 182
27 186
27 187
28 31
28 43
28 44
28 47
28 59
28 60
28 64
28 75
28 98
28 102
28 106
28 157
28 173
28 179
28 182
28 198
29 110
29 112
29 128
29 130
29 138
29 147
29 158
29 176
29 185
30 33
30 52
30 62
30 65
30 78
30 102
30 119
30 130
30 151
30 176
30 179
30 196
31 38
31 40
31 46
31 49
31 70
31 72
31 85
31 102
31 108
31 111
31 112
31 145
31 152
31 167
31 168
31 189
31 199
32 37
32 63
32 80
32 87
32 91
32 97
32 109
32 188
32 192
32 196
33 67
33 73
33 79
33 82
33 112
33 116
33 121
33 124
33 148
33 153
33 156
33 170
34 51
34 63
34 65
34 101
34 112
34 125
34 154
34 157
34 159
34 160
34 161
34 163
34 171
34 174
34 181
35 40
35 43
35 50
35 64
35 73
35 85
35 87
35 92
35 93
35 99
35 104
35 119
35 123
35 150
35 166
35 171
35 174
35 193
36 41
36 42
36 53
36 61
36 85
36 122
36 128
36 146
36 149
36 184
36 193
37 49
37 62
37 87
37 119
37 125
37 143
37 181
37 190
37 198
38 44
38 68
38 70
38 127
38 128
38 136
38 140
38 151
38 156
38 159
38 172
38 198
39 45
39 54
39 66
39 72
39 100
39 106
39 114
39 127
39 128
39 132
39 137
39 154
39 157
40 42
40 59
40 90
40 91
40 92
40 101
40 107
40 138
40 142
40 160
40 163
41 43
41 45
41 48
41 80
41 82
41 88
41 95
41 110
41 136
41 152
41 161
42 50
42 61
42 98
42 119
42 147
42 149
42 187
42 188
42 199
43 74
43 92
43 95
43 107
43 124
43 141
43 144
43 145
43 151
43 159
43 197
44 46
44 52
44 77
44 80
44 82
44 91
44 119
44 132
45 49
45 52
45 79
45 103
45 136
45 140
45 142
45 146
45 148
45 152
45 166
45 168
45 177
46 49
46 61
46 91
46 92
46 97
46 118
46 169
46 176
46 178
46 191
47 66
47 67
47 68
47 69
47 77
47 80
47 100
47 104
47 107
47 109
47 128
47 140
47 141
47 163
47 167
47 169
47 173
47 194
47 198
48 50
48 59
48 66
48 83
48 86
48 106
48 111
48 114
48 147
48 151
48 152
48 153
48 180
49 50
49 54
49 75
49 107
49 117
49 124
49 135
49 137
49 154
49 156
49 157
49 173
49 180
50 53
50 55
50 75
50 102
50 132
50 134
50 150
50 154
50 159
50 176
50 189
50 191
51 65
51 83
51 87
51 100
51 101
51 105
51 107
51 116
51 117
51 153
51 157
51 161
51 186
52 54
52 56
52 61
52 72
52 73
52 78
52 81
52 91
52 103
52 122
52 150
52 163
52 186
52 187
52 194
53 60
53 78
53 95
53 106
53 113
53 120
53 123
53 130
53 138
53 154
53 161
53 164
53 167
53 168
53 169
53 176
53 177
54 58
54 82
54 83
54 90
54 92
54 93
54 106
54 111
54 119
54 153
54 164
54 165
54 171
54 176
54 193
55 61
55 65
55 77
55 81
55 106
55 112
55 130
55 137
55 142
55 151
55 154
55 163
55 172
55 179
55 186
56 107
56 115
56 156
56 158
56 186
56 189
56 191
56 199
57 65
57 74
57 76
57 117
57 128
57 171
57 177
57 181
57 183
57 188
57 189
57 197
57 199
58 95
58 109
58 113
58 133
58 139
58 162
58 163
58 166
58 175
59 63
59 68
59 69
59 72
59 89
59 106
59 155
59 182
59 187
59 191
59 198
60 78
60 79
60 90
60 106
60 111
60 119
60 138
60 142
60 145
60 161
60 163
60 164
60 173
60 180
60 199
61 70
61 72
61 73
61 90
61 93
61 103
61 144
61 145
61 175
62 70
62 73
62 78
62 85
62 90
62 93
62 101
62 107
62 108
62 119
62 125
62 126
62 128
62 132
62 133
62 140
62 147
62 181
63 67
63 68
63 77
63 95
63 100
63 113
63 119
63 129
63 137
63 146
63 178
64 71
64 82
64 105
64 109
64 124
64 133
64 135
64 138
64 144
64 146
64 147
64 154
64 156
64 160
64 166
64 176
65 71
65 78
65 80
65 88
65 99
65 105
65 107
65 129
65 168
66 68
66 69
66 73
66 77
66 85
66 100
66 104
66 106
66 109
66 116
66 134
66 137
66 143
66 151
66 152
66 162
66 167
66 183
66 186
66 199
67 76
67 96
67 98
67 104
67 107
67 116
67 140
67 164
67 166
67 175
67 189
68 89
68 96
68 104
68 122
68 127
68 143
68 148
68 161
68 174
68 178
68 179
68 181
68 194
69 74
69 77
69 78
69 100
69 105
69 109
69 115
69 119
69 122
69 129
69 160
69 162
69 167
69 185
69 190
69 197
70 97
70 134
70 141
70 143
70 191
71 80
71 95
71 99
71 102
71 118
71 162
71 166
71 178
71 183
71 184
71 185
71 189
72 119
72 138
72 160
72 165
72 174
72 187
72 188
72 193
73 88
73 89
73 130
73 180
73 190
74 80
74 84
74 86
74 87
74 101
74 103
74 123
74 146
74 161
74 173
74 176
74 193
74 197
75 76
75 79
75 98
75 100
75 107
75 110
75 116
75 138
75 166
75 186
75 191
75 199
76 101
76 105
76 126
76 158
76 186
77 100
77 109
77 129
77 132
77 144
77 145
77 167
77 176
77 189
78 99
78 120
78 135
78 145
78 149
78 155
78 180
78 197
78 199
79 84
79 87
79 91
79 111
79 112
79 130
79 144
79 177
80 83
80 104
80 117
80 124
80 135
80 139
80 150
80 161
80 165
80 198
81 100
81 105
81 144
81 162
81 165
81 185
81 191
81 197
82 89
82 94
82 103
82 143
82 146
82 163
82 164
82 187
82 192
83 84
83 98
83 101
83 103
83 111
83 116
83 124
83 126
83 131
83 137
83 138
83 168
83 191
83 193
84 94
84 105
84 124
84 127
84 140
84 172
84 189
85 91
85 92
85 99
85 108
85 118
85 123
85 126
85 138
85 148
85 149
85 160
85 174
85 193
86 93
86 99
86 116
86 134
86 154
86 164
86 179
86 192
87 93
87 120
87 124
87 146
87 147
87 155
87 161
87 172
87 178
87 193
87 195
87 199
88 89
88 97
88 108
88 110
88 112
88 113
88 156
88 167
88 171
88 186
88 187
88 198
89 91
89 101
89 108
89 133
89 148
89 162
90 99
90 108
90 120
90 123
90 147
90 156
90 169
90 192
91 109
91 124
91 142
91 158
91 160
91 162
91 173
91 184
91 189
91 193
92 101
92 105
92 128
92 142
92 147
92 180
92 184
93 96
93 106
93 112
93 139
93 159
93 162
93 163
93 170
93 174
93 192
94 106
94 111
94 134
94 143
94 153
94 187
94 188
94 191
95 121
95 131
95 167
95 169
95 173
95 196
96 98
96 113
96 125
96 128
96 143
96 146
96 149
96 164
96 166
96 178
97 115
97 121
97 138
97 146
97 166
97 172
97 183
97 194
98 121
98 122
98 128
98 132
98 146
98 152
98 153
98 162
98 163
98 181
98 192
98 194
99 100
99 117
99 135
99 139
99 150
99 165
99 169
100 101
100 109
100 123
100 127
100 128
100 149
100 153
100 167
100 176
100 179
101 110
101 115
101 128
101 163
101 169
101 174
101 175
101 190
101 194
101 196
102 106
102 120
102 127
102 134
102 149
102 158
102 164
102 167
102 177
102 183
102 192
102 198
103 120
103 125
103 127
103 139
103 155
103 171
103 175
103 194
104 105
104 121
104 136
104 165
104 177
104 194
104 196
105 112
105 116
105 118
105 151
105 188
105 190
106 109
106 118
106 124
106 134
106 144
106 145
106 155
106 167
106 185
106 191
107 125
107 137
107 150
107 163
107 164
108 111
108 132
108 135
108 142
108 151
108 152
108 159
108 177
108 194
108 196
109 111
109 120
109 125
109 127
109 147
109 153
109 167
109 169
109 173
109 174
109 177
110 119
110 120
110 133
110 138
110 142
110 145
110 166
110 174
110 177
110 180
110 181
110 193
111 125
111 139
111 156
111 157
111 160
111 170
111 173
111 196
112 113
112 117
112 118
112 121
112 122
112 128
112 177
112 180
112 198
113 144
113 154
113 161
113 162
113 164
113 179
113 184
114 122
114 139
114 141
115 125
115 133
115 144
115 149
115 170
115 175
115 183
115 195
116 121
116 141
116 146
116 147
116 157
116 164
116 180
116 199
117 146
117 154
117 173
117 177
117 195
118 128
118 130
118 149
118 151
118 175
118 189
119 138
119 152
119 155
119 170
119 176
119 181
119 187
119 199
120 132
120 141
120 161
120 164
120 170
120 190
121 142
121 152
121 157
121 160
121 164
121 170
121 177
121 178
121 183
121 194
122 125
122 143
122 190
123 124
123 130
123 138
123 157
123 158
124 126
124 135
124 141
124 145
124 155
124 188
125 140
125 145
125 154
125 157
125 159
125 188
125 191
126 139
126 162
126 169
126 172
126 180
127 136
127 138
127 154
127 166
127 167
128 134
128 141
128 177
128 181
128 183
128 189
128 195
128 198
129 135
129 157
129 158
129 164
129 168
129 181
129 184
129 187
129 192
130 140
130 164
130 181
130 195
131 150
131 167
131 169
131 175
131 199
132 136
132 150
132 176
132 177
132 190
132 195
133 142
133 146
133 151
133 155
133 170
133 173
133 175
133 178
133 194
134 142
134 144
134 164
134 188
134 192
134 198
135 145
135 152
135 160
135 175
135 177
135 199
136 138
136 139
136 155
136 174
136 176
136 182
136 196
137 144
137 162
137 164
137 176
137 187
138 168
138 187
139 162
139 169
139 172
139 176
139 188
139 198
140 144
140 159
140 162
140 198
141 143
141 151
141 177
141 183
142 163
142 175
142 186
143 172
143 199
144 159
144 171
144 177
144 179
144 189
144 195
145 154
145 198
146 152
146 155
146 164
146 177
146 196
147 155
147 157
147 160
147 167
147 180
147 192
148 154
148 159
148 162
148 173
148 178
149 150
149 159
149 175
149 184
149 189
149 190
150 176
151 152
151 168
151 177
152 156
152 167
152 182
153 164
153 166
153 179
153 194
154 172
154 183
155 158
155 168
155 170
155 176
157 160
157 162
157 163
157 164
157 171
157 173
158 160
158 192
159 175
159 177
159 181
159 187
159 199
160 178
160 179
160 180
160 197
161 169
161 178
161 180
161 182
161 185
161 189
161 191
161 193
162 165
162 174
162 176
162 182
162 188
162 196
162 198
162 199
163 183
163 186
163 198
164 166
164 180
164 186
164 196
165 171
165 175
165 187
165 188
166 167
166 180
167 174
167 177
167 192
168 173
168 174
168 185
168 188
168 197
168 199
169 176
169 178
169 192
170 176
170 191
171 187
172 179
172 188
172 196
173 175
173 177
174 179
174 184
175 194
176 182
177 190
177 194
177 198
178 181
178 185
179 181
179 189
180 182
180 187
181 191
181 199
183 192
184 187
187 188
187 198
188 195
188 199
189 191
189 192
194 199
195 196
196 198
