500 4971
0 17
0 19
0 24
0 43
0 73
0 105
0 170
0 188
0 190
0 217
0 248
0 262
0 282
0 290
0 300
0 316
0 331
0 346
0 405
0 409
0 456
0 466
0 472
0 481
1 5
1 63
1 95
1 110
1 136
1 154
1 161
1 194
1 217
1 222
1 297
1 310
1 338
1 341
1 380
1 413
1 438
1 452
2 4
2 31
2 40
2 75
2 99
2 128
2 142
2 154
2 186
2 211
2 212
2 228
2 246
2 283
2 318
2 320
2 323
2 358
2 370
2 377
2 397
2 400
2 404
2 423
2 459
2 482
2 496
3 6
3 35
3 58
3 71
3 73
3 108
3 124
3 131
3 140
3 151
3 161
3 227
3 357
3 360
3 371
3 381
3 437
3 449
3 454
4 49
4 56
4 59
4 126
4 133
4 162
4 164
4 176
4 216
4 217
4 244
4 259
4 281
4 285
4 289
4 373
4 374
4 388
4 405
4 424
4 429
4 431
4 435
4 436
4 465
4 466
5 56
5 64
5 86
5 103
5 109
5 116
5 124
5 160
5 176
5 184
5 241
5 244
5 246
5 250
5 280
5 294
5 301
5 352
5 488
6 23
6 29
6 54
6 58
6 80
6 141
6 163
6 181
6 228
6 259
6 275
6 328
6 342
6 438
7 71
7 78
7 111
7 116
7 129
7 178
7 188
7 238
7 252
7 256
7 258
7 267
7 273
7 278
7 347
7 367
7 393
7 433
7 438
7 454
7 470
7 476
8 25
8 49
8 55
8 78
8 86
8 94
8 99
8 108
8 146
8 170
8 183
8 200
8 259
8 278
8 298
8 348
8 438
8 452
8 475
8 477
8 488
9 13
9 29
9 47
9 84
9 89
9 137
9 163
9 193
9 220
9 259
9 299
9 322
9 378
9 400
9 412
9 422
9 431
9 445
9 499
10 28
10 52
10 71
10 84
10 186
10 191
10 194
10 226
10 263
10 307
10 332
10 347
10 360
10 421
10 491
10 494
11 31
11 114
11 115
11 189
11 195
11 198
11 211
11 335
11 338
11 340
11 341
11 409
11 419
11 420
11 422
11 451
11 464
11 465
11 498
12 67
12 84
12 86
12 104
12 168
12 199
12 234
12 266
12 268
12 283
12 294
12 350
12 392
12 405
12 411
12 479
13 38
13 99
13 115
13 116
13 140
13 146
13 150
13 156
13 171
13 174
13 176
13 190
13 210
13 265
13 279
13 284
13 293
13 297
13 320
13 326
13 402
13 411
13 466
13 494
13 498
14 31
14 32
14 116
14 125
14 140
14 141
14 188
14 244
14 276
14 289
14 293
14 326
14 338
14 345
14 469
14 471
15 36
15 45
15 47
15 49
15 73
15 83
15 113
15 205
15 222
15 232
15 251
15 293
15 295
15 302
15 304
15 342
15 352
15 382
15 453
15 464
15 486
15 491
16 38
16 45
16 113
16 123
16 125
16 144
16 245
16 271
16 272
16 289
16 290
16 291
16 333
16 393
16 398
16 476
17 24
17 42
17 111
17 119
17 172
17 230
17 250
17 258
17 312
17 336
17 353
17 373
17 394
17 404
17 412
17 430
17 460
17 483
17 494
18 66
18 67
18 72
18 90
18 108
18 165
18 168
18 193
18 231
18 266
18 268
18 276
18 298
18 306
18 309
18 316
18 318
18 327
18 375
18 378
18 419
19 58
19 63
19 69
19 79
19 82
19 87
19 130
19 157
19 160
19 161
19 166
19 167
19 179
19 180
19 280
19 292
19 313
19 320
19 361
19 365
19 404
19 407
19 437
19 445
19 499
20 63
20 66
20 75
20 77
20 91
20 93
20 101
20 116
20 119
20 126
20 196
20 197
20 202
20 286
20 293
20 305
20 333
20 423
20 456
21 58
21 65
21 94
21 95
21 280
21 295
21 336
21 339
21 342
21 380
21 417
21 446
21 449
21 471
21 490
21 495
22 25
22 72
22 78
22 82
22 207
22 211
22 230
22 301
22 302
22 315
22 325
22 339
22 348
22 359
22 377
22 385
22 389
22 408
22 452
22 456
22 473
22 474
23 40
23 53
23 67
23 78
23 80
23 135
23 138
23 158
23 200
23 201
23 203
23 213
23 243
23 270
23 275
23 322
23 345
23 375
23 400
23 412
23 435
23 448
23 459
23 487
23 493
24 52
24 74
24 91
24 117
24 145
24 161
24 174
24 180
24 226
24 238
24 289
24 308
24 313
24 338
24 375
24 377
24 378
24 384
24 426
24 493
25 49
25 137
25 204
25 284
25 292
25 332
25 343
25 366
25 375
25 405
25 407
25 419
25 420
25 447
26 45
26 58
26 103
26 124
26 160
26 169
26 206
26 236
26 238
26 291
26 292
26 373
26 414
26 431
26 435
26 466
26 479
26 495
27 31
27 35
27 85
27 120
27 139
27 236
27 335
27 382
27 394
27 422
27 440
27 457
27 458
27 489
28 31
28 40
28 86
28 105
28 109
28 114
28 137
28 143
28 151
28 166
28 169
28 178
28 226
28 249
28 252
28 254
28 303
28 354
28 399
28 401
28 421
28 431
28 474
28 479
28 486
29 31
29 53
29 186
29 200
29 214
29 229
29 234
29 238
29 242
29 256
29 265
29 286
29 331
29 361
29 364
29 404
29 426
29 434
29 456
29 477
30 36
30 107
30 114
30 185
30 190
30 227
30 246
30 252
30 269
30 285
30 291
30 318
30 323
30 349
30 381
30 386
30 395
30 408
31 69
31 83
31 130
31 133
31 145
31 231
31 242
31 283
31 319
31 340
31 373
31 382
31 384
31 442
31 446
31 475
32 34
32 104
32 113
32 122
32 126
32 166
32 226
32 227
32 275
32 304
32 315
32 324
32 347
32 411
32 412
33 75
33 82
33 92
33 98
33 99
33 119
33 134
33 144
33 154
33 218
33 234
33 236
33 239
33 243
33 263
33 271
33 282
33 300
33 345
33 380
33 385
33 472
34 78
34 84
34 103
34 105
34 121
34 122
34 142
34 143
34 150
34 188
34 225
34 253
34 261
34 320
34 331
34 350
34 355
34 365
34 420
34 446
34 464
34 487
34 490
35 60
35 133
35 137
35 149
35 183
35 190
35 197
35 226
35 231
35 235
35 257
35 279
35 293
35 301
35 321
35 347
35 375
35 466
35 479
35 485
36 56
36 85
36 139
36 161
36 177
36 188
36 199
36 247
36 261
36 280
36 321
36 344
36 438
36 478
36 486
37 91
37 102
37 151
37 158
37 180
37 225
37 248
37 262
37 299
37 302
37 305
37 321
37 329
37 335
37 337
37 358
37 359
37 376
37 448
37 477
38 125
38 126
38 164
38 172
38 180
38 238
38 246
38 303
38 317
38 342
38 345
38 347
38 372
38 411
38 425
38 434
38 452
39 43
39 103
39 112
39 120
39 138
39 171
39 216
39 227
39 228
39 242
39 383
39 386
39 396
39 416
39 419
39 432
39 449
39 453
39 494
40 56
40 58
40 71
40 90
40 102
40 107
40 115
40 159
40 177
40 226
40 311
40 392
40 414
40 444
40 447
40 450
41 109
41 127
41 137
41 138
41 145
41 193
41 215
41 224
41 225
41 242
41 244
41 256
41 264
41 284
41 352
41 372
41 374
41 392
41 469
41 487
41 497
42 193
42 197
42 205
42 209
42 212
42 265
42 267
42 290
42 301
42 310
42 369
42 384
42 397
42 408
42 410
42 426
42 496
43 51
43 104
43 165
43 168
43 172
43 204
43 235
43 237
43 249
43 296
43 302
43 317
43 368
43 401
43 404
43 411
43 421
43 427
43 441
43 447
43 468
43 477
43 490
44 91
44 112
44 161
44 182
44 203
44 206
44 252
44 256
44 306
44 365
44 397
44 447
44 456
44 460
44 461
44 466
44 476
44 481
44 494
45 57
45 58
45 78
45 91
45 124
45 166
45 220
45 282
45 317
45 324
45 346
45 351
45 352
45 421
45 422
45 423
45 433
45 447
45 476
45 488
46 51
46 61
46 67
46 74
46 89
46 196
46 260
46 269
46 279
46 341
46 342
46 361
46 399
46 411
46 484
47 108
47 218
47 286
47 294
47 322
47 324
47 337
47 364
47 390
47 462
48 50
48 85
48 100
48 123
48 136
48 156
48 168
48 212
48 216
48 257
48 339
48 341
48 351
48 361
48 442
49 78
49 81
49 103
49 179
49 182
49 214
49 238
49 288
49 333
49 403
49 405
49 423
49 439
49 470
49 471
49 491
50 83
50 89
50 113
50 130
50 136
50 196
50 198
50 213
50 240
50 251
50 291
50 308
50 313
50 336
50 368
50 385
50 405
50 421
50 435
50 463
51 57
51 107
51 114
51 127
51 137
51 151
51 177
51 194
51 211
51 238
51 241
51 316
51 340
51 496
52 75
52 91
52 119
52 122
52 142
52 176
52 179
52 194
52 236
52 245
52 351
52 367
52 394
52 444
52 455
52 459
52 473
52 493
53 98
53 176
53 239
53 269
53 275
53 299
53 351
53 368
53 371
53 419
53 425
53 433
53 437
53 455
53 495
53 499
54 60
54 82
54 100
54 106
54 118
54 125
54 131
54 179
54 186
54 188
54 229
54 233
54 257
54 293
54 326
54 360
54 393
54 397
54 472
55 66
55 73
55 78
55 81
55 93
55 100
55 118
55 204
55 215
55 231
55 274
55 310
55 382
55 406
55 430
55 475
55 484
55 485
55 490
56 95
56 101
56 183
56 222
56 247
56 249
56 280
56 321
56 327
56 342
56 356
56 373
56 381
56 395
56 396
56 454
56 475
56 492
57 64
57 75
57 83
57 100
57 120
57 162
57 176
57 187
57 204
57 247
57 256
57 316
57 322
57 352
57 403
57 408
57 415
57 435
58 67
58 85
58 104
58 115
58 133
58 161
58 167
58 174
58 195
58 238
58 245
58 257
58 283
58 344
58 364
58 388
58 405
58 424
58 426
58 440
58 486
59 153
59 159
59 167
59 182
59 195
59 210
59 236
59 243
59 262
59 290
59 320
59 355
59 387
59 428
59 430
59 447
59 459
60 97
60 100
60 114
60 132
60 215
60 225
60 237
60 265
60 282
60 321
60 333
60 346
60 371
60 423
60 440
60 446
60 482
61 68
61 69
61 98
61 104
61 108
61 135
61 227
61 234
61 329
61 402
61 405
61 411
61 438
61 478
62 95
62 99
62 147
62 166
62 168
62 220
62 317
62 333
62 345
62 348
62 351
62 391
62 397
62 457
62 480
63 96
63 99
63 106
63 132
63 148
63 164
63 168
63 185
63 219
63 225
63 236
63 246
63 251
63 259
63 262
63 276
63 302
63 306
63 366
63 375
63 386
63 396
63 411
63 431
63 447
63 468
64 135
64 136
64 139
64 162
64 168
64 180
64 198
64 200
64 226
64 291
64 323
64 386
64 439
64 464
64 469
64 478
65 121
65 165
65 167
65 195
65 233
65 295
65 314
65 328
65 329
65 347
65 426
65 445
65 472
65 476
66 69
66 77
66 94
66 120
66 141
66 193
66 251
66 255
66 267
66 375
66 397
66 414
66 458
66 461
66 468
66 482
67 96
67 135
67 139
67 227
67 245
67 252
67 276
67 278
67 320
67 343
67 377
67 402
67 444
67 450
67 465
67 467
67 477
67 495
68 112
68 138
68 141
68 166
68 228
68 241
68 276
68 290
68 304
68 324
68 338
68 439
68 443
68 479
68 494
69 76
69 82
69 130
69 182
69 185
69 188
69 204
69 238
69 319
69 329
69 393
69 435
69 440
69 446
69 454
69 480
69 488
70 71
70 109
70 123
70 172
70 179
70 181
70 207
70 219
70 254
70 259
70 269
70 326
70 354
70 376
70 412
70 415
70 421
70 433
70 436
70 451
70 453
71 110
71 122
71 126
71 147
71 153
71 166
71 236
71 249
71 269
71 277
71 335
71 377
71 407
71 414
71 427
71 442
71 455
71 484
72 75
72 103
72 137
72 184
72 214
72 216
72 221
72 297
72 313
72 336
72 338
72 350
72 365
72 408
72 455
73 76
73 116
73 157
73 177
73 184
73 316
73 332
73 345
73 371
73 397
73 409
73 452
73 486
73 487
74 89
74 99
74 114
74 119
74 216
74 289
74 295
74 301
74 315
74 334
74 336
74 364
74 379
74 397
74 401
74 419
74 438
75 87
75 212
75 285
75 290
75 312
75 383
75 401
75 404
75 413
75 415
75 475
76 88
76 125
76 129
76 145
76 211
76 280
76 314
76 321
76 360
76 382
76 388
76 403
76 434
76 445
76 458
76 474
77 101
77 153
77 161
77 172
77 215
77 239
77 250
77 261
77 264
77 293
77 337
77 403
77 454
77 468
77 475
78 87
78 95
78 142
78 150
78 203
78 210
78 238
78 321
78 353
78 357
78 378
78 383
78 384
78 413
78 421
78 429
78 450
78 470
78 492
79 82
79 105
79 210
79 220
79 239
79 244
79 322
79 370
79 386
79 402
79 436
79 442
79 443
79 464
79 469
79 485
80 111
80 142
80 150
80 156
80 167
80 181
80 200
80 204
80 208
80 239
80 275
80 342
80 351
80 393
80 441
80 453
80 470
80 479
81 91
81 99
81 120
81 141
81 262
81 287
81 294
81 312
81 315
81 353
81 391
81 429
81 431
81 456
81 476
82 101
82 104
82 142
82 160
82 175
82 183
82 184
82 219
82 242
82 261
82 329
82 340
82 349
82 363
82 399
82 453
82 473
82 490
83 90
83 102
83 110
83 167
83 169
83 181
83 187
83 191
83 198
83 221
83 286
83 367
83 395
83 471
83 481
84 100
84 104
84 133
84 146
84 251
84 252
84 285
84 291
84 377
85 86
85 95
85 96
85 109
85 152
85 157
85 158
85 219
85 245
85 276
85 294
85 331
85 354
85 382
85 393
86 101
86 123
86 146
86 160
86 164
86 167
86 217
86 229
86 243
86 286
86 301
86 310
86 323
86 379
86 395
86 419
86 437
86 454
86 463
86 464
86 469
86 495
87 135
87 141
87 174
87 185
87 198
87 216
87 286
87 295
87 329
87 371
87 409
87 464
87 465
87 492
88 89
88 126
88 136
88 172
88 190
88 198
88 269
88 276
88 282
88 324
88 356
88 377
88 378
88 447
88 451
88 455
88 457
88 467
89 98
89 109
89 235
89 237
89 287
89 298
89 309
89 331
89 398
89 425
89 496
90 103
90 134
90 143
90 157
90 221
90 247
90 259
90 281
90 292
90 305
90 322
90 348
90 366
90 372
90 452
90 459
90 466
90 487
91 162
91 166
91 193
91 236
91 256
91 267
91 299
91 311
91 346
91 413
91 414
91 436
91 444
91 458
91 468
91 471
91 485
91 499
92 127
92 138
92 185
92 219
92 322
92 335
92 339
92 355
92 401
92 434
92 435
92 443
92 488
92 493
93 98
93 108
93 112
93 124
93 132
93 171
93 246
93 271
93 277
93 283
93 338
93 378
93 388
93 410
93 431
93 470
93 480
93 486
94 112
94 141
94 158
94 166
94 196
94 204
94 273
94 281
94 339
94 342
94 354
94 373
94 385
94 422
94 441
94 487
94 488
95 137
95 159
95 181
95 197
95 198
95 229
95 231
95 260
95 294
95 317
95 318
95 334
95 365
95 379
95 391
95 399
95 404
95 466
96 136
96 201
96 228
96 266
96 267
96 298
96 303
96 363
96 364
96 370
96 399
96 449
97 98
97 138
97 151
97 180
97 192
97 263
97 295
97 299
97 301
97 356
97 361
97 363
97 390
97 398
97 420
97 442
97 460
97 471
97 499
98 132
98 147
98 148
98 237
98 243
98 268
98 299
98 301
98 374
98 401
98 415
98 437
98 448
99 132
99 152
99 155
99 165
99 184
99 185
99 203
99 219
99 225
99 238
99 276
99 302
99 318
99 332
99 360
99 363
99 380
99 396
99 439
99 455
99 468
99 484
100 120
100 145
100 152
100 161
100 169
100 211
100 223
100 291
100 398
100 399
100 444
100 457
100 485
101 102
101 108
101 119
101 142
101 198
101 209
101 245
101 285
101 315
101 328
101 345
101 360
101 368
101 448
101 474
101 497
102 114
102 127
102 150
102 155
102 163
102 173
102 186
102 196
102 216
102 286
102 288
102 350
102 390
102 393
102 397
102 484
103 126
103 132
103 192
103 197
103 246
103 260
103 272
103 403
103 434
103 476
103 484
104 109
104 133
104 171
104 202
104 206
104 210
104 214
104 216
104 227
104 249
104 267
104 288
104 356
104 367
104 467
105 114
105 132
105 134
105 141
105 143
105 188
105 206
105 215
105 251
105 255
105 296
105 305
105 357
105 358
105 395
105 413
105 453
105 469
105 483
106 144
106 190
106 196
106 227
106 248
106 310
106 327
106 335
106 337
106 449
106 463
107 115
107 134
107 182
107 323
107 324
107 337
107 355
107 357
107 387
107 401
107 403
107 410
107 411
107 423
107 470
107 477
107 498
108 111
108 145
108 160
108 191
108 202
108 213
108 239
108 240
108 261
108 279
108 286
108 308
108 327
108 350
108 368
108 403
108 441
108 463
109 181
109 188
109 249
109 266
109 313
109 319
109 350
109 434
109 449
109 457
109 459
109 465
109 473
110 121
110 154
110 170
110 177
110 184
110 196
110 228
110 229
110 231
110 258
110 264
110 350
110 373
110 396
110 399
110 402
110 411
110 414
110 416
110 474
111 112
111 120
111 129
111 131
111 155
111 215
111 222
111 224
111 236
111 248
111 281
111 301
111 319
111 384
111 388
111 439
111 487
112 122
112 128
112 140
112 188
112 247
112 271
112 342
112 344
112 348
112 355
112 357
112 427
112 468
113 127
113 168
113 260
113 273
113 283
113 318
113 328
113 339
113 345
113 386
113 419
113 429
113 456
113 469
113 480
114 155
114 174
114 189
114 194
114 217
114 232
114 269
114 281
114 320
114 347
114 425
114 452
114 466
114 472
114 477
115 132
115 156
115 194
115 217
115 236
115 246
115 253
115 283
115 332
115 404
115 427
115 439
116 158
116 210
116 251
116 259
116 302
116 316
116 339
116 363
116 423
116 430
116 445
117 163
117 177
117 215
117 224
117 229
117 258
117 311
117 312
117 337
117 350
117 379
117 417
117 428
117 446
117 469
117 484
118 123
118 164
118 198
118 204
118 230
118 242
118 266
118 278
118 293
118 298
118 325
118 333
118 417
118 419
118 446
118 465
119 120
119 123
119 142
119 293
119 302
119 310
119 340
119 341
119 404
119 411
119 499
120 122
120 131
120 197
120 233
120 234
120 248
120 249
120 256
120 268
120 312
120 383
120 444
120 447
120 463
120 465
121 124
121 129
121 130
121 147
121 159
121 163
121 170
121 205
121 222
121 232
121 261
121 322
121 323
121 363
121 417
121 454
121 484
121 499
122 188
122 205
122 214
122 250
122 272
122 306
122 319
122 321
122 322
122 329
122 369
122 460
122 496
123 165
123 177
123 199
123 208
123 222
123 247
123 264
123 266
123 318
123 323
123 338
123 376
123 411
123 439
123 497
124 185
124 204
124 219
124 269
124 287
124 297
124 316
124 384
124 448
124 457
124 466
124 477
124 485
124 487
125 162
125 209
125 221
125 238
125 246
125 253
125 259
125 271
125 293
125 311
125 332
125 333
125 336
125 378
125 405
125 428
125 443
125 482
125 489
126 155
126 182
126 230
126 235
126 259
126 291
126 308
126 310
126 332
126 370
126 379
126 443
126 465
126 499
127 213
127 214
127 223
127 260
127 270
127 277
127 294
127 348
127 401
127 411
127 426
127 435
127 442
127 443
127 455
127 461
128 131
128 134
128 197
128 218
128 239
128 275
128 291
128 292
128 335
128 341
128 369
128 378
128 381
128 404
128 450
128 452
128 471
128 488
129 192
129 209
129 217
129 227
129 278
129 281
129 311
129 340
129 349
129 350
129 394
129 395
129 402
129 480
129 482
130 146
130 157
130 180
130 195
130 196
130 197
130 220
130 237
130 266
130 296
130 332
130 340
130 345
130 350
130 355
130 385
130 453
130 458
130 477
130 485
131 132
131 187
131 213
131 273
131 288
131 313
131 330
131 391
131 394
131 395
131 406
131 408
131 457
131 480
131 482
132 137
132 150
132 158
132 185
132 219
132 225
132 226
132 248
132 249
132 273
132 276
132 291
132 302
132 307
132 318
132 319
132 364
132 367
132 394
132 396
132 397
132 407
132 468
132 479
132 492
133 154
133 190
133 201
133 224
133 226
133 254
133 260
133 292
133 308
133 317
133 322
133 324
133 330
133 362
133 364
133 366
133 372
133 387
133 412
133 433
133 438
133 462
134 168
134 188
134 189
134 206
134 208
134 238
134 292
134 312
134 398
134 435
134 441
134 477
135 209
135 210
135 223
135 227
135 231
135 234
135 244
135 273
135 292
135 300
135 338
135 389
135 403
135 411
135 432
135 439
135 462
135 474
135 493
136 143
136 150
136 157
136 181
136 199
136 213
136 251
136 281
136 310
136 390
136 408
136 416
136 441
136 493
137 139
137 164
137 183
137 187
137 188
137 332
137 352
137 423
137 438
137 499
138 167
138 169
138 240
138 250
138 324
138 349
138 353
138 393
138 404
138 406
138 417
138 437
139 150
139 165
139 196
139 274
139 307
139 313
139 319
139 328
139 348
139 361
139 385
139 420
139 432
139 498
140 147
140 165
140 168
140 180
140 201
140 268
140 276
140 283
140 316
140 360
140 364
140 385
140 404
140 415
140 434
140 436
140 476
141 207
141 218
141 233
141 252
141 273
141 283
141 314
141 344
141 346
141 465
141 480
142 178
142 186
142 190
142 199
142 200
142 266
142 378
142 390
142 402
142 460
142 465
142 470
142 475
143 177
143 180
143 183
143 198
143 215
143 262
143 336
143 354
143 374
143 475
143 497
144 172
144 182
144 189
144 199
144 212
144 258
144 263
144 277
144 279
144 298
144 315
144 345
144 390
144 414
144 423
144 443
144 498
144 499
145 163
145 168
145 190
145 277
145 322
145 333
145 360
145 378
145 386
146 153
146 203
146 215
146 238
146 293
146 330
146 342
146 358
146 372
146 375
146 376
146 394
146 401
146 444
147 200
147 206
147 227
147 253
147 273
147 288
147 293
147 328
147 375
147 378
147 455
147 478
147 493
148 163
148 217
148 224
148 225
148 240
148 255
148 296
148 308
148 311
148 318
148 324
148 378
148 454
148 494
149 156
149 211
149 223
149 254
149 362
149 393
149 417
149 424
149 435
149 450
149 455
149 491
150 198
150 207
150 248
150 261
150 274
150 279
150 287
150 299
150 319
150 322
150 363
150 395
150 404
150 409
150 428
150 434
150 452
151 159
151 160
151 184
151 243
151 249
151 393
151 401
151 404
151 446
151 453
151 457
151 458
151 470
151 490
151 494
152 156
152 176
152 189
152 201
152 225
152 255
152 258
152 259
152 262
152 268
152 308
152 325
152 392
152 394
152 449
152 453
152 463
153 183
153 190
153 208
153 238
153 242
153 266
153 296
153 301
153 344
153 358
153 359
153 369
153 413
153 419
153 431
153 445
153 453
153 469
154 183
154 209
154 248
154 309
154 364
154 382
154 400
154 455
154 457
154 479
154 486
154 491
155 182
155 221
155 222
155 224
155 231
155 238
155 252
155 311
155 323
155 370
155 387
155 390
155 393
155 397
155 410
155 419
156 173
156 196
156 232
156 250
156 340
156 377
156 400
156 401
156 427
156 431
156 441
156 442
156 461
156 478
156 494
157 245
157 256
157 264
157 283
157 284
157 312
157 354
157 402
157 456
157 492
158 223
158 237
158 256
158 265
158 331
158 363
158 389
158 398
158 406
158 409
158 480
158 486
159 161
159 166
159 193
159 194
159 201
159 240
159 250
159 293
159 370
159 392
159 471
159 489
159 493
159 499
160 161
160 162
160 169
160 174
160 192
160 194
160 202
160 218
160 357
160 371
160 480
160 486
161 179
161 207
161 268
161 280
161 297
161 330
161 373
161 381
161 384
161 411
161 414
161 438
161 452
162 181
162 196
162 234
162 245
162 258
162 326
162 358
162 388
162 390
162 426
162 434
162 488
163 182
163 194
163 200
163 236
163 318
163 323
163 353
163 406
163 417
163 424
163 427
163 435
163 449
163 457
163 463
163 481
164 186
164 201
164 227
164 255
164 346
164 363
164 387
165 198
165 260
165 281
165 288
165 310
165 321
165 357
165 379
165 389
165 396
165 399
165 409
165 432
165 450
165 453
166 167
166 214
166 223
166 256
166 268
166 303
166 318
166 324
166 426
166 482
166 498
167 227
167 243
167 276
167 295
167 301
167 347
167 383
167 418
167 423
167 468
167 479
167 487
167 489
168 191
168 213
168 247
168 249
168 297
168 307
168 309
168 319
168 374
168 393
169 172
169 187
169 202
169 237
169 254
169 278
169 314
169 354
169 421
169 422
169 463
169 472
169 486
170 184
170 185
170 207
170 234
170 257
170 275
170 294
170 298
170 322
170 326
170 366
170 454
170 461
170 497
171 172
171 194
171 223
171 250
171 276
171 289
171 338
171 365
171 415
171 421
171 432
171 438
171 456
172 195
172 272
172 287
172 306
172 324
172 357
172 387
172 414
172 416
172 428
172 461
172 482
172 489
173 193
173 197
173 202
173 211
173 230
173 314
173 401
173 418
173 455
174 195
174 256
174 300
174 304
174 319
174 320
174 365
174 387
174 455
174 475
174 483
174 490
175 185
175 219
175 228
175 249
175 257
175 286
175 300
175 316
175 333
175 343
175 346
175 368
175 371
175 380
175 402
175 425
175 432
175 470
176 196
176 212
176 278
176 280
176 310
176 317
176 382
176 389
176 403
176 410
176 414
176 433
176 440
177 185
177 202
177 211
177 228
177 284
177 295
177 300
177 304
177 359
177 366
177 407
177 417
177 465
177 475
178 227
178 234
178 238
178 247
178 250
178 284
178 303
178 314
178 334
178 344
178 357
178 411
178 491
179 241
179 270
179 279
179 347
179 360
179 377
179 406
179 438
179 461
180 195
180 214
180 218
180 247
180 256
180 262
180 287
180 311
180 331
180 346
180 355
180 365
180 425
180 443
180 485
180 498
181 196
181 210
181 267
181 286
181 289
181 345
181 351
181 369
181 400
181 429
181 434
182 197
182 214
182 222
182 239
182 263
182 299
182 314
182 357
182 361
183 199
183 218
183 296
183 325
183 343
183 354
183 357
183 391
183 403
183 439
183 452
183 459
183 461
183 484
184 212
184 273
184 281
184 288
184 301
184 323
184 351
184 383
184 389
184 402
184 412
184 417
184 499
185 209
185 219
185 225
185 254
185 261
185 276
185 302
185 323
185 326
185 351
185 386
185 394
185 396
185 404
185 412
185 468
185 471
185 473
186 192
186 197
186 206
186 262
186 263
186 319
186 356
186 399
186 445
187 200
187 207
187 249
187 271
187 305
187 312
187 321
187 350
187 444
187 448
187 493
188 257
188 289
188 313
188 388
188 407
188 431
188 470
189 205
189 216
189 249
189 291
189 298
189 309
189 320
189 336
189 400
189 412
189 436
190 192
190 196
190 214
190 216
190 218
190 292
190 299
190 384
190 407
190 415
190 451
190 490
191 202
191 226
191 250
191 260
191 270
191 280
191 292
191 299
191 303
191 332
191 336
191 448
191 471
192 253
192 258
192 303
192 317
192 319
192 363
192 401
192 406
192 416
192 417
192 428
192 438
192 446
193 208
193 239
193 253
193 264
193 283
193 327
193 335
193 348
193 369
193 376
193 398
193 414
193 450
194 206
194 235
194 265
194 276
194 280
194 297
194 300
194 308
194 391
194 410
194 431
194 459
194 484
195 196
195 199
195 249
195 250
195 269
195 272
195 281
195 285
195 325
195 335
195 354
195 374
195 384
195 428
195 453
195 456
195 478
196 223
196 251
196 268
196 350
196 357
196 362
196 419
196 439
196 485
196 488
197 207
197 215
197 217
197 221
197 248
197 291
197 309
197 310
197 312
197 330
197 353
197 410
197 414
197 452
198 205
198 326
198 344
198 349
198 395
198 488
199 245
199 247
199 257
199 300
199 344
199 354
199 377
199 390
199 400
199 406
199 410
200 211
200 241
200 252
200 257
200 297
200 352
200 359
200 373
200 392
200 447
200 452
200 468
200 493
201 211
201 240
201 246
201 252
201 269
201 380
201 413
201 417
201 423
201 445
201 452
201 474
202 214
202 222
202 265
202 291
202 306
202 339
202 363
202 364
202 389
202 393
202 410
203 205
203 214
203 218
203 241
203 251
203 262
203 288
203 356
203 361
203 381
203 475
203 495
204 216
204 220
204 235
204 274
204 294
204 298
204 302
204 328
204 347
204 359
204 372
204 400
204 419
204 422
204 440
204 481
205 220
205 304
205 307
205 327
205 380
205 397
205 407
205 452
205 465
205 471
205 483
205 485
206 224
206 279
206 287
206 294
206 311
206 358
206 397
206 408
206 491
207 223
207 237
207 279
207 291
207 293
207 294
207 301
207 306
207 308
207 349
207 352
207 359
207 386
207 405
207 418
207 431
207 454
207 464
207 481
208 234
208 253
208 270
208 305
208 320
208 329
208 348
208 351
208 354
208 395
208 405
208 432
209 247
209 270
209 303
209 316
209 339
209 361
209 388
209 402
209 465
209 487
209 490
210 221
210 242
210 252
210 256
210 295
210 304
210 320
210 326
210 371
210 380
210 409
210 425
210 427
210 437
210 496
211 242
211 244
211 267
211 270
211 317
211 331
211 347
211 394
211 433
211 471
211 494
211 495
212 222
212 223
212 226
212 263
212 274
212 298
212 324
212 346
212 380
212 387
212 408
212 419
212 425
212 461
212 466
212 479
212 487
213 243
213 269
213 272
213 288
213 338
213 363
213 364
213 368
213 373
213 434
213 460
213 464
213 477
213 481
214 281
214 291
214 305
214 332
214 389
214 401
214 420
214 489
215 231
215 278
215 302
215 315
215 330
215 431
215 439
215 456
215 463
215 481
215 485
216 232
216 252
216 347
216 383
216 384
216 400
216 416
216 456
216 473
216 481
217 267
217 275
217 293
217 324
217 337
217 339
217 370
217 379
217 391
217 413
217 467
217 471
217 485
218 261
218 262
218 268
218 318
218 362
218 365
218 407
218 411
218 461
218 462
218 496
219 225
219 233
219 276
219 297
219 302
219 304
219 307
219 309
219 382
219 387
219 396
219 401
219 414
219 421
219 434
219 457
219 467
219 468
219 484
220 264
220 284
220 298
220 358
220 402
220 417
220 424
220 427
220 441
220 493
220 497
221 233
221 234
221 235
221 281
221 295
221 338
221 384
221 395
221 409
221 448
221 491
222 226
222 240
222 332
222 333
222 375
222 468
222 497
223 224
223 262
223 266
223 270
223 284
223 303
223 308
223 313
223 314
223 315
223 357
223 365
223 415
223 449
224 254
224 278
224 315
224 321
224 330
224 388
224 389
224 425
224 434
224 455
224 471
225 230
225 231
225 272
225 276
225 287
225 290
225 296
225 302
225 373
225 396
225 398
225 468
225 487
226 261
226 262
226 296
226 301
226 323
226 386
226 410
226 414
226 444
226 481
227 361
227 374
227 377
227 398
227 441
227 448
227 482
227 493
228 229
228 231
228 240
228 314
228 405
228 414
228 434
228 467
229 249
229 303
229 304
229 368
229 394
229 395
229 448
229 461
229 462
230 257
230 293
230 311
230 317
230 352
230 355
230 393
230 398
230 399
230 429
230 471
230 490
231 276
231 352
231 369
231 397
231 401
231 414
231 423
231 460
231 496
232 285
232 294
232 314
232 323
232 327
232 358
232 395
232 410
232 439
232 457
232 458
232 462
233 285
233 303
233 322
233 330
233 337
233 343
233 411
233 479
233 490
233 499
234 288
234 306
234 350
234 397
234 467
234 471
234 487
234 498
235 254
235 276
235 285
235 289
235 324
235 361
235 362
235 374
235 375
235 383
235 397
235 425
235 432
235 442
235 484
236 246
236 258
236 260
236 301
236 328
236 330
236 381
236 399
236 408
236 438
236 484
237 268
237 294
237 363
237 365
237 434
237 476
237 484
237 488
238 241
238 260
238 269
238 277
238 327
238 328
238 417
238 443
238 482
239 254
239 307
239 344
239 414
239 443
239 463
239 496
240 274
240 299
240 328
240 340
240 372
240 376
240 422
240 472
241 272
241 301
241 338
241 348
241 368
241 384
241 386
241 435
241 441
241 458
241 461
242 246
242 269
242 326
242 338
242 359
242 381
242 417
242 430
242 468
242 493
243 265
243 271
243 318
243 320
243 335
243 374
243 411
243 431
243 492
244 247
244 248
244 292
244 323
244 367
244 380
244 429
244 456
245 300
245 362
245 374
245 392
245 394
245 416
245 435
245 463
245 475
245 491
246 296
246 301
246 343
246 416
246 433
246 490
247 262
247 288
247 294
247 304
247 312
247 368
247 385
247 387
247 396
247 409
247 495
248 304
248 315
248 317
248 359
248 364
248 420
248 448
248 457
249 317
249 443
249 458
249 472
249 495
249 499
250 263
250 269
250 309
250 310
250 343
250 357
250 376
250 435
250 480
251 278
251 318
251 328
251 336
251 365
251 396
251 407
251 414
251 430
251 435
251 446
251 480
252 265
252 280
252 289
252 294
252 407
252 442
252 445
252 499
253 270
253 320
253 328
253 358
253 360
253 371
253 373
253 385
253 392
253 430
253 483
253 496
254 301
254 349
254 355
254 383
254 421
254 449
254 484
255 261
255 271
255 289
255 293
255 312
255 313
255 401
255 403
255 425
255 433
255 464
255 485
255 486
255 492
256 271
256 389
256 405
256 420
256 480
256 484
257 319
257 359
257 394
257 424
257 439
257 445
257 483
258 276
258 359
258 376
258 378
258 412
258 417
258 419
258 479
259 295
259 297
259 349
259 372
259 404
259 411
259 489
259 492
260 269
260 281
260 292
260 325
260 337
260 338
260 340
260 467
261 305
261 330
261 334
261 356
261 371
261 473
261 478
262 272
262 316
262 453
262 484
263 273
263 293
263 335
263 349
263 355
263 408
263 423
263 447
263 450
263 494
264 265
264 284
264 310
264 386
264 388
264 422
264 440
264 474
265 271
265 282
265 288
265 352
265 356
265 415
266 349
266 371
266 373
266 390
266 413
266 423
266 437
266 481
267 269
267 311
267 354
267 375
267 405
267 406
267 483
267 488
267 490
268 314
268 332
268 412
268 426
268 458
268 490
268 493
269 304
269 338
269 345
269 348
269 386
269 397
269 412
269 418
269 431
270 280
270 288
270 352
270 355
270 379
270 439
270 487
270 493
271 277
271 305
271 332
271 341
271 362
271 384
271 401
271 439
271 470
271 484
272 314
272 343
272 358
272 370
272 373
272 382
272 396
272 398
272 407
272 415
272 473
272 482
273 276
273 371
273 372
273 378
273 399
273 423
273 449
273 468
273 480
273 489
274 278
274 309
274 334
274 354
274 357
274 358
274 377
274 381
274 382
274 393
274 399
274 408
274 416
274 419
274 442
274 467
274 472
274 473
274 476
275 288
275 442
275 445
275 453
275 464
275 495
276 286
276 302
276 323
276 374
276 396
276 398
276 468
276 470
276 491
277 280
277 319
277 343
277 349
277 398
277 406
277 415
277 421
277 441
277 446
277 452
277 470
277 494
278 292
278 304
278 307
278 352
278 353
278 363
278 366
278 399
278 429
278 484
278 490
279 282
279 335
279 344
279 358
279 380
279 382
279 416
280 294
280 298
280 316
280 323
280 329
280 338
280 372
280 417
280 431
280 444
280 462
280 492
281 296
281 333
281 365
281 376
281 430
281 444
281 472
282 308
282 327
282 358
282 369
282 371
282 396
282 410
282 419
282 440
282 455
282 460
282 467
282 487
282 497
283 319
283 358
283 373
283 375
283 398
283 452
283 453
283 470
283 491
283 496
284 285
284 303
284 332
284 349
284 370
284 431
284 461
284 464
284 469
284 489
284 497
285 287
285 309
285 335
285 375
285 381
285 423
285 448
285 464
285 474
286 330
286 339
286 483
286 488
287 304
287 313
287 332
287 347
287 401
287 416
287 468
288 336
288 338
288 339
288 341
288 349
288 352
288 375
288 387
288 465
288 484
288 488
289 296
289 327
289 334
289 362
289 423
289 447
289 465
289 471
289 494
289 497
290 299
290 328
290 337
290 369
290 370
290 415
290 416
290 441
290 442
290 499
291 382
291 397
291 410
291 416
291 485
292 330
292 349
292 403
292 419
292 443
293 311
293 334
293 357
293 370
293 373
293 398
293 430
293 457
294 299
294 305
294 415
294 481
295 305
295 307
295 316
295 325
295 328
295 368
295 374
295 408
295 467
296 306
296 310
296 362
296 369
296 391
296 446
296 450
296 458
296 459
296 470
296 472
297 301
297 304
297 317
297 333
297 369
297 437
297 461
297 475
298 337
298 347
298 476
299 342
299 371
299 374
299 402
299 476
300 318
300 363
300 432
300 436
300 460
300 472
301 344
301 348
301 353
301 362
301 412
301 423
302 311
302 341
302 350
302 367
302 377
302 388
302 396
302 460
302 462
302 468
303 327
303 330
303 334
303 349
303 360
303 366
303 381
303 395
303 411
303 438
303 439
303 456
303 480
303 482
304 330
304 363
304 393
304 461
304 469
304 473
304 492
305 379
305 385
305 417
305 427
305 461
305 484
305 492
306 315
306 325
306 343
306 428
306 467
306 474
306 499
307 315
307 331
307 335
307 375
307 435
307 436
307 446
307 452
307 482
307 483
307 489
308 357
308 395
308 430
309 317
309 363
309 387
309 423
309 429
309 455
309 462
309 476
309 489
310 415
310 437
310 461
311 339
311 352
311 364
311 425
311 434
311 440
311 489
312 321
312 325
312 345
312 414
312 440
312 446
312 464
312 481
313 331
313 397
313 412
313 417
313 465
314 316
314 341
314 370
314 404
314 405
314 416
314 420
314 425
314 428
314 437
314 445
315 323
315 340
315 369
315 391
315 392
315 407
315 411
315 451
315 474
315 492
315 499
316 323
316 376
316 407
316 408
316 440
316 462
316 478
316 495
317 335
317 369
317 382
317 390
317 425
317 448
317 450
318 356
318 380
319 330
319 394
319 416
319 419
319 421
319 436
319 482
320 353
320 381
320 385
320 396
320 401
320 445
321 400
321 440
321 460
322 341
322 366
322 372
322 397
322 417
322 448
322 454
322 464
322 488
322 495
323 383
323 445
323 459
323 466
323 467
323 478
323 499
324 393
324 428
324 442
324 453
324 457
325 357
325 387
325 388
325 418
325 419
325 425
325 428
325 433
325 449
325 484
326 350
326 351
326 380
326 392
326 395
326 477
326 480
327 351
327 352
327 364
327 384
327 393
327 452
327 481
328 333
328 410
328 424
328 451
328 486
328 487
328 494
329 356
329 391
329 415
329 428
329 457
329 494
329 499
330 421
330 439
330 457
330 487
330 491
331 370
331 394
331 459
331 460
331 471
331 479
331 481
331 497
332 376
332 380
332 417
332 476
333 379
333 417
333 418
333 424
333 477
334 388
334 410
334 432
334 465
334 471
334 498
335 373
335 379
335 404
335 407
335 415
335 418
335 474
335 486
336 377
336 409
336 444
337 379
337 402
337 404
337 419
337 430
337 437
337 439
337 476
337 482
338 346
338 352
338 366
338 395
338 479
339 359
339 401
339 436
339 439
339 442
339 447
339 469
339 483
339 489
340 392
340 415
340 417
340 432
340 471
341 352
341 361
341 363
341 396
341 407
341 413
341 434
341 457
342 370
342 386
342 400
342 423
342 424
342 432
342 469
342 492
343 368
343 378
343 379
343 401
343 415
343 427
343 456
343 462
344 351
344 398
344 424
344 441
344 453
344 479
345 382
345 383
345 393
345 416
345 472
346 347
346 359
346 375
346 378
346 394
346 437
346 446
346 466
346 468
346 499
347 367
347 425
347 473
348 365
348 371
348 386
348 422
348 480
348 481
349 382
349 422
349 444
349 452
349 462
349 478
349 495
350 369
350 378
350 385
350 406
350 430
350 457
351 362
351 373
351 376
351 385
351 387
351 388
351 396
351 429
351 430
352 364
352 369
352 446
352 450
352 470
352 472
353 399
353 405
353 418
353 446
353 461
354 357
354 374
354 379
354 387
354 389
354 400
354 408
354 416
354 419
354 438
354 441
354 452
354 477
355 357
355 376
355 396
355 407
355 411
355 423
355 436
355 440
356 363
356 389
356 390
356 427
356 430
356 433
356 436
356 466
356 483
357 397
357 409
357 440
358 366
358 395
358 406
358 415
358 432
358 473
359 387
359 418
359 425
359 430
359 458
359 464
360 394
360 401
360 449
360 455
360 472
361 371
361 400
361 436
361 444
361 498
362 366
362 384
362 398
362 430
362 448
362 481
362 497
363 371
363 375
363 377
363 404
363 472
363 494
364 378
364 381
364 473
364 481
364 491
365 372
365 416
365 421
365 490
366 378
366 399
366 443
366 455
366 477
367 373
367 385
367 398
367 411
367 448
367 457
367 479
367 499
368 372
368 426
368 457
368 494
369 413
369 445
369 481
369 499
370 390
370 407
370 419
370 458
371 374
371 393
371 429
371 439
371 440
371 446
371 451
371 463
372 399
372 489
372 491
373 394
373 430
373 460
373 466
373 477
373 483
374 381
374 388
374 390
374 480
374 487
375 389
375 412
375 424
375 431
375 440
375 460
376 426
376 428
376 437
376 464
376 473
376 486
377 384
377 388
377 396
377 438
377 468
377 477
378 385
378 437
379 424
379 443
379 455
379 473
380 381
380 383
380 432
380 451
381 385
381 391
381 401
381 422
381 432
381 484
382 431
382 449
383 436
383 496
384 401
384 432
385 392
385 407
385 456
385 459
386 390
386 448
386 466
386 470
386 494
386 495
386 497
387 391
387 410
387 478
387 494
388 389
388 398
388 410
388 427
388 440
388 462
388 494
389 392
389 407
389 431
389 432
389 435
389 444
390 408
390 475
390 492
390 495
391 413
391 415
391 430
391 446
392 418
392 481
392 482
392 498
393 432
393 445
393 462
394 401
394 494
395 420
395 430
395 454
396 413
396 468
397 410
397 436
397 462
397 473
397 492
398 420
398 422
398 424
398 429
398 450
398 465
398 488
399 409
399 468
399 477
399 480
400 425
400 457
400 478
400 489
401 422
401 434
402 413
402 416
402 436
402 439
402 469
402 487
403 406
403 420
403 426
403 442
403 480
404 415
404 498
405 443
405 446
405 468
405 473
406 407
406 448
406 461
406 473
406 476
407 444
407 447
407 490
408 429
408 453
408 477
409 436
409 452
409 453
409 461
409 476
409 480
410 418
410 431
410 474
410 483
410 486
411 463
411 494
412 414
412 448
412 470
413 416
413 422
413 438
413 452
413 459
414 431
414 433
414 442
414 471
414 474
414 478
415 458
415 466
416 469
416 475
417 435
417 452
418 444
418 451
418 478
419 437
420 447
420 453
420 466
420 467
421 444
421 472
421 483
421 497
422 423
422 455
422 465
422 474
422 495
423 490
424 429
424 440
424 480
424 483
425 429
425 441
425 478
426 473
426 483
426 490
426 499
427 457
428 461
428 498
429 458
429 464
429 479
430 439
431 444
431 462
431 486
432 434
434 436
434 493
434 494
435 442
435 497
436 471
437 439
437 447
437 461
438 460
438 490
439 446
439 458
440 441
440 463
440 464
440 472
440 478
441 443
441 447
441 455
441 465
441 486
441 490
442 445
442 446
442 455
443 475
443 484
443 486
443 499
444 448
444 451
444 476
444 482
444 496
445 448
445 476
446 461
446 468
447 458
447 460
447 461
447 496
448 469
448 491
449 451
449 456
449 469
449 477
449 491
449 497
450 455
451 486
452 458
452 480
452 483
453 454
453 463
453 464
453 465
453 498
454 465
454 498
455 478
455 482
455 497
456 492
456 494
457 488
458 475
458 498
459 483
460 467
460 485
461 474
461 485
461 490
462 473
463 465
463 474
463 492
464 489
465 489
466 476
466 495
467 471
467 498
468 485
468 498
469 473
469 475
469 489
469 493
469 497
470 476
473 499
474 490
475 496
476 478
476 481
482 488
484 498
485 490
486 495
487 488
487 490
490 491
