300 1187
0 32
0 58
0 72
0 95
0 112
0 173
0 256
0 260
0 279
1 11
1 41
1 49
1 87
1 93
1 108
1 185
1 187
1 208
1 211
1 213
1 236
1 255
1 265
1 280
3 27
3 58
3 123
3 187
3 210
3 222
4 39
4 44
4 71
4 76
4 113
4 142
4 181
4 193
4 204
4 214
4 216
4 232
4 233
4 258
4 266
5 15
5 55
5 56
5 102
5 104
5 129
5 150
5 192
5 251
5 283
6 61
6 87
6 105
6 141
6 153
6 184
6 238
6 263
7 25
7 45
7 64
7 74
7 80
7 111
7 146
7 152
7 187
7 200
7 268
7 285
8 49
8 70
8 130
8 246
9 23
9 109
9 114
9 137
9 206
9 222
10 21
10 86
10 89
10 101
10 151
10 194
10 195
11 15
11 35
11 47
11 48
11 79
11 80
11 120
11 193
11 253
11 280
11 282
12 83
12 113
12 117
12 140
12 152
12 157
12 180
12 218
13 19
13 86
13 162
13 173
13 202
13 222
13 265
13 298
14 45
14 54
14 66
14 69
14 80
14 101
14 127
14 169
14 217
14 224
14 271
14 276
15 23
15 45
15 46
15 70
15 98
15 147
15 165
15 181
15 184
15 197
15 277
16 22
16 40
16 79
16 144
16 204
16 244
17 37
17 100
17 104
17 121
17 179
17 185
17 191
17 250
17 263
17 265
17 266
17 270
17 277
18 39
18 86
18 89
18 122
18 124
18 133
18 205
18 263
19 57
19 83
19 90
19 203
19 214
19 229
19 233
19 245
19 256
19 260
19 283
20 49
20 188
20 201
20 208
21 30
21 66
21 144
21 157
21 207
21 218
21 236
21 264
22 48
22 72
22 156
22 225
23 95
23 172
23 180
23 203
23 232
23 244
23 251
24 26
24 28
24 53
24 67
24 115
24 119
24 122
24 158
24 264
25 41
25 76
25 94
25 210
25 212
25 221
25 250
25 282
26 35
26 54
26 87
26 105
26 130
26 158
26 178
26 278
27 37
27 58
27 84
27 101
27 163
27 197
27 248
27 296
28 108
28 138
28 152
28 205
28 249
28 284
28 291
29 43
29 53
29 65
29 87
29 99
29 103
29 216
29 273
29 295
30 108
30 131
30 132
30 155
30 222
30 285
31 63
31 69
31 113
31 231
31 232
31 233
31 291
32 74
32 119
32 173
32 201
32 203
32 250
32 264
32 287
33 88
33 168
34 41
34 146
34 201
34 204
34 222
34 237
34 277
35 36
35 42
35 54
35 55
35 57
35 59
35 163
35 199
35 285
36 72
36 122
36 213
36 214
37 45
37 73
37 78
37 282
37 289
38 80
38 161
38 264
39 51
39 141
39 167
39 207
40 65
40 92
40 96
40 112
40 152
41 46
41 53
41 76
41 88
41 165
41 173
41 181
41 239
41 240
41 248
42 98
42 191
43 52
43 79
43 180
43 183
44 53
44 215
44 221
44 236
44 251
44 279
44 286
45 56
45 83
45 124
45 191
45 200
45 217
45 222
45 289
45 298
46 63
46 122
46 124
46 207
46 242
46 260
46 266
47 71
47 72
47 178
47 199
47 209
47 296
48 68
48 75
48 148
48 151
48 208
48 209
48 225
48 228
48 245
48 250
48 257
49 53
49 64
49 79
49 109
49 218
50 71
50 115
50 155
50 156
50 165
50 169
50 276
51 69
51 104
51 136
51 148
51 190
51 240
51 275
52 55
52 126
52 173
52 217
53 69
53 111
53 131
53 242
53 277
54 74
54 79
54 163
54 182
54 258
55 63
55 85
55 129
55 131
55 154
55 195
55 211
56 217
56 229
56 244
56 272
56 297
57 67
57 80
57 125
57 188
57 226
58 112
58 120
58 125
58 156
58 159
58 185
58 230
58 255
58 276
59 73
59 156
59 252
59 273
60 115
60 239
60 245
60 282
61 67
61 195
61 215
61 250
62 145
62 219
62 274
62 298
63 69
63 108
63 110
63 123
63 135
63 178
63 206
63 298
64 78
64 88
64 96
64 155
64 173
64 200
64 242
65 75
65 77
65 85
65 143
65 155
65 197
65 203
65 299
66 97
66 119
66 183
66 240
66 243
66 253
66 257
66 295
67 77
67 79
67 84
67 95
67 97
67 99
67 128
67 199
67 228
67 284
67 299
68 124
68 134
68 137
68 174
68 193
68 244
68 263
68 269
68 284
69 77
69 184
69 186
69 196
69 217
69 237
69 242
69 259
69 266
70 72
70 107
70 115
70 118
70 217
70 243
70 281
71 123
71 137
71 152
71 163
71 174
71 218
71 266
71 297
72 84
72 88
72 154
72 237
72 266
73 74
73 90
73 100
73 163
73 186
73 261
73 272
73 291
74 98
74 183
75 102
75 119
75 175
75 264
75 277
75 298
76 92
76 139
76 241
77 82
77 104
77 167
77 206
77 293
77 298
78 133
78 224
78 259
79 138
79 183
79 278
80 123
80 124
80 238
80 260
80 277
81 123
81 249
82 116
82 141
82 192
82 196
82 215
82 290
82 298
83 84
83 132
83 138
83 172
83 212
83 253
83 254
83 276
83 278
84 86
84 189
85 105
85 158
85 210
85 224
85 240
85 288
85 292
86 132
86 160
86 183
86 203
86 219
86 275
87 126
87 129
87 153
87 182
88 99
88 130
88 137
88 259
89 105
89 177
89 186
89 197
89 266
89 296
89 298
90 167
90 226
90 231
90 282
91 100
91 120
91 127
91 151
91 190
91 210
91 232
91 236
91 252
91 263
91 290
91 292
92 124
93 125
93 205
93 236
93 246
93 293
94 103
94 110
94 130
94 136
94 155
94 165
94 197
94 198
94 237
95 114
95 157
95 207
95 246
95 296
96 133
96 189
96 199
96 214
96 217
96 251
96 274
96 278
96 280
96 285
97 107
97 131
97 153
97 196
97 216
98 139
98 170
98 195
98 217
98 260
98 269
99 108
99 120
99 169
99 177
99 204
99 212
99 289
100 141
100 143
100 149
100 239
101 177
101 186
101 235
101 246
102 169
102 236
102 252
102 265
103 120
103 179
103 192
103 274
103 294
104 128
104 146
104 164
104 254
104 269
105 179
105 191
106 117
106 123
106 142
106 177
106 216
106 219
106 220
106 231
106 242
106 283
106 293
107 119
107 154
107 175
107 181
107 275
108 114
108 124
108 131
108 161
108 194
108 246
109 119
109 124
109 135
109 204
109 232
109 242
109 266
110 138
110 168
110 195
110 200
110 248
110 291
111 164
111 166
111 225
111 240
112 137
112 163
112 263
113 130
113 169
113 180
113 184
113 195
113 204
113 270
113 272
113 290
114 126
114 198
114 252
115 163
115 229
115 255
116 130
116 160
117 147
117 187
117 291
117 294
118 138
118 154
118 197
118 246
119 172
119 236
119 286
120 150
120 152
120 203
120 215
120 277
121 148
121 187
121 205
121 231
121 286
122 142
122 183
122 205
122 210
122 293
123 184
123 216
123 220
123 231
123 242
123 260
123 283
123 287
123 293
124 168
124 237
124 239
124 285
125 159
125 223
125 228
126 128
126 129
126 152
126 157
126 160
126 172
126 189
126 256
127 152
127 178
127 211
127 219
127 262
127 267
128 176
128 243
128 244
129 173
129 179
129 215
129 222
129 249
129 266
129 268
130 176
130 206
130 226
130 240
130 273
130 280
131 146
131 179
131 225
131 260
131 262
131 266
131 287
132 221
133 156
133 158
133 172
133 227
133 250
134 154
134 283
134 288
134 293
135 178
135 184
135 193
135 209
135 250
135 258
136 159
136 194
136 201
136 234
136 248
136 260
136 261
136 274
136 295
137 155
137 159
137 168
137 194
138 147
138 208
138 227
139 152
139 167
139 189
139 195
139 207
139 257
139 289
140 157
140 201
140 214
140 221
141 250
141 289
142 195
143 152
143 212
143 217
143 218
143 250
144 165
144 183
144 211
145 171
145 231
145 239
145 253
145 254
145 282
145 283
145 297
146 159
146 190
146 203
146 262
146 267
146 281
147 231
147 235
147 269
147 288
147 294
148 153
148 166
148 199
149 172
149 189
149 215
150 160
150 167
150 232
150 276
151 170
151 244
152 213
152 290
153 198
153 231
153 268
153 296
154 243
154 267
155 265
157 186
157 215
157 261
157 271
158 160
158 165
158 189
158 272
158 288
158 296
159 230
159 266
159 289
160 180
160 181
160 192
160 240
160 284
160 289
160 291
161 206
161 217
161 241
162 164
162 282
163 206
163 252
164 212
164 268
164 292
165 221
165 238
165 247
165 263
166 234
166 256
167 173
167 192
167 195
167 295
168 235
169 184
169 195
169 212
170 282
171 181
171 226
171 247
171 270
172 209
172 219
172 238
172 240
172 247
173 187
173 218
173 230
173 251
173 261
173 280
174 184
174 193
174 263
174 285
175 183
175 229
175 247
176 281
177 199
178 230
179 218
179 255
179 297
180 183
180 194
181 255
182 184
182 204
182 213
182 225
182 254
184 252
185 205
185 253
185 295
186 233
186 292
186 296
187 256
187 289
188 238
189 199
189 257
190 250
190 298
190 299
191 249
191 258
191 265
192 193
192 222
193 198
193 209
194 208
194 219
194 248
194 277
194 288
194 293
195 211
195 216
195 235
195 273
196 229
196 270
198 206
198 253
198 262
199 236
199 254
200 202
200 275
201 206
201 211
201 223
201 298
201 299
202 257
202 296
203 230
203 259
203 265
204 230
204 241
204 268
205 265
206 210
206 284
206 286
207 216
207 239
207 272
208 227
208 261
208 263
208 295
209 231
209 250
209 260
209 275
209 293
210 245
211 221
211 266
212 244
212 299
213 295
214 245
215 254
216 220
216 231
216 242
216 246
216 270
216 283
216 293
217 262
217 273
217 279
218 244
218 264
218 272
220 231
220 232
220 239
220 242
220 253
220 278
220 283
220 293
221 229
222 258
223 231
223 291
224 253
224 291
225 267
226 244
227 231
227 234
227 250
227 289
227 295
228 270
229 253
229 269
230 250
231 242
231 283
231 293
232 293
235 238
235 270
236 260
236 290
237 299
240 268
240 279
241 279
241 287
241 289
241 291
241 294
242 283
242 293
242 296
243 257
243 266
243 276
243 278
244 287
245 251
245 252
245 253
245 274
247 268
247 278
248 250
248 281
249 270
252 254
254 281
254 298
255 262
255 285
258 264
258 278
260 277
260 285
261 275
262 273
262 296
262 299
264 294
267 288
268 274
268 275
268 286
268 298
269 287
272 293
273 283
273 286
274 287
276 284
277 299
282 292
282 296
283 285
283 293
