300 4674
0 10
0 23
0 49
0 55
0 64
0 69
0 74
0 78
0 85
0 87
0 92
0 105
0 118
0 130
0 131
0 137
0 156
0 168
0 172
0 203
0 212
0 222
0 238
0 240
0 242
0 252
0 255
0 264
0 269
0 271
0 279
1 13
1 48
1 51
1 55
1 69
1 89
1 90
1 100
1 113
1 140
1 141
1 147
1 161
1 163
1 169
1 173
1 174
1 176
1 177
1 200
1 203
1 205
1 212
1 262
1 263
1 267
1 283
1 286
1 292
2 16
2 21
2 23
2 37
2 53
2 55
2 56
2 60
2 66
2 82
2 100
2 105
2 116
2 124
2 132
2 146
2 154
2 168
2 227
2 273
2 284
2 286
3 6
3 12
3 19
3 22
3 35
3 41
3 65
3 67
3 68
3 81
3 91
3 93
3 97
3 108
3 116
3 120
3 133
3 138
3 156
3 162
3 172
3 180
3 207
3 214
3 215
3 227
3 234
3 238
3 266
3 269
4 6
4 7
4 10
4 13
4 39
4 52
4 60
4 63
4 88
4 91
4 96
4 102
4 103
4 109
4 112
4 118
4 134
4 145
4 164
4 170
4 177
4 182
4 193
4 194
4 213
4 218
4 225
4 230
4 238
4 245
4 251
4 289
4 292
5 8
5 9
5 20
5 30
5 44
5 50
5 52
5 57
5 65
5 77
5 78
5 91
5 97
5 98
5 104
5 107
5 118
5 120
5 122
5 126
5 130
5 131
5 134
5 141
5 149
5 156
5 162
5 175
5 180
5 189
5 196
5 216
5 231
5 253
6 30
6 39
6 74
6 78
6 86
6 99
6 105
6 130
6 139
6 158
6 161
6 183
6 219
6 221
6 223
6 229
6 237
6 239
6 257
6 269
6 278
6 281
6 282
6 293
7 32
7 33
7 38
7 54
7 60
7 62
7 64
7 75
7 91
7 93
7 112
7 118
7 120
7 122
7 142
7 148
7 175
7 185
7 200
7 214
7 216
7 261
7 263
7 271
7 272
7 292
7 294
8 13
8 21
8 24
8 33
8 39
8 49
8 50
8 52
8 59
8 66
8 67
8 78
8 86
8 87
8 94
8 97
8 99
8 104
8 105
8 113
8 115
8 118
8 121
8 126
8 139
8 146
8 150
8 161
8 162
8 174
8 178
8 188
8 206
8 222
8 227
8 234
8 236
8 237
8 238
8 257
8 260
8 272
8 273
8 285
8 287
8 295
8 298
9 16
9 39
9 41
9 44
9 47
9 60
9 66
9 105
9 135
9 149
9 170
9 180
9 187
9 193
9 205
9 215
9 217
9 218
9 219
9 225
9 239
9 267
9 274
9 292
10 12
10 23
10 39
10 42
10 48
10 55
10 65
10 77
10 104
10 117
10 124
10 126
10 136
10 144
10 146
10 147
10 168
10 172
10 175
10 177
10 187
10 205
10 206
10 210
10 219
10 220
10 249
10 251
10 257
10 260
10 264
10 271
10 274
10 289
11 26
11 34
11 35
11 55
11 62
11 70
11 86
11 107
11 109
11 115
11 118
11 147
11 148
11 150
11 155
11 165
11 180
11 181
11 185
11 198
11 202
11 205
11 208
11 209
11 211
11 235
11 239
11 241
11 243
11 245
11 252
11 263
11 264
11 278
11 288
11 297
12 14
12 24
12 25
12 29
12 54
12 61
12 71
12 72
12 75
12 90
12 100
12 111
12 118
12 124
12 126
12 146
12 150
12 151
12 152
12 177
12 187
12 188
12 194
12 201
12 218
12 240
12 241
12 257
12 280
12 294
13 21
13 23
13 34
13 38
13 40
13 57
13 64
13 72
13 111
13 117
13 118
13 139
13 146
13 148
13 165
13 173
13 182
13 189
13 195
13 209
13 235
13 267
13 269
13 270
13 278
13 280
13 284
13 287
13 294
14 16
14 27
14 28
14 48
14 56
14 57
14 68
14 82
14 102
14 114
14 121
14 132
14 147
14 162
14 173
14 176
14 178
14 192
14 200
14 204
14 209
14 220
14 244
14 247
14 256
14 275
14 290
15 20
15 32
15 34
15 37
15 41
15 42
15 48
15 59
15 73
15 77
15 95
15 99
15 101
15 108
15 111
15 132
15 146
15 149
15 152
15 167
15 170
15 177
15 187
15 193
15 220
15 222
15 224
15 227
15 236
15 240
15 251
15 265
15 269
15 270
15 273
15 278
15 279
15 283
15 284
15 289
15 294
15 299
16 18
16 19
16 23
16 25
16 36
16 44
16 47
16 71
16 72
16 73
16 80
16 95
16 101
16 113
16 115
16 124
16 136
16 141
16 156
16 168
16 170
16 172
16 176
16 177
16 184
16 191
16 200
16 219
16 223
16 237
16 246
16 269
16 272
16 275
16 279
16 282
17 34
17 35
17 57
17 59
17 60
17 70
17 85
17 94
17 95
17 111
17 119
17 136
17 149
17 154
17 159
17 184
17 189
17 201
17 234
17 240
17 242
17 243
17 250
17 251
17 263
17 273
17 277
17 279
17 282
17 289
18 32
18 55
18 60
18 74
18 82
18 86
18 97
18 100
18 107
18 126
18 129
18 133
18 136
18 137
18 143
18 154
18 156
18 157
18 173
18 209
18 210
18 214
18 219
18 230
18 243
18 247
18 253
18 257
18 258
18 267
18 268
18 290
18 299
19 27
19 30
19 52
19 62
19 66
19 70
19 77
19 78
19 82
19 86
19 115
19 131
19 139
19 146
19 148
19 152
19 153
19 167
19 168
19 180
19 183
19 184
19 193
19 195
19 196
19 215
19 229
19 230
19 232
19 237
19 239
19 253
19 257
19 260
19 271
20 28
20 31
20 33
20 35
20 40
20 47
20 62
20 83
20 93
20 95
20 100
20 106
20 112
20 121
20 126
20 131
20 135
20 136
20 137
20 147
20 161
20 172
20 174
20 206
20 207
20 222
20 227
20 273
20 276
20 293
20 295
21 23
21 27
21 32
21 39
21 44
21 76
21 80
21 113
21 116
21 117
21 134
21 149
21 152
21 155
21 156
21 158
21 160
21 184
21 192
21 193
21 195
21 197
21 198
21 206
21 218
21 219
21 224
21 228
21 232
21 248
21 264
21 274
21 278
21 281
21 299
22 25
22 53
22 56
22 64
22 71
22 73
22 80
22 87
22 92
22 98
22 106
22 112
22 113
22 115
22 121
22 131
22 165
22 171
22 175
22 180
22 196
22 203
22 206
22 209
22 258
22 260
22 263
22 273
22 291
22 293
23 39
23 48
23 54
23 56
23 57
23 66
23 75
23 80
23 95
23 96
23 97
23 104
23 105
23 125
23 163
23 172
23 175
23 185
23 187
23 197
23 198
23 217
23 225
23 240
23 244
23 253
23 258
23 262
23 267
23 276
23 277
24 33
24 44
24 62
24 63
24 72
24 86
24 108
24 112
24 155
24 171
24 177
24 179
24 196
24 210
24 212
24 244
24 253
24 254
24 256
24 271
24 275
24 283
24 292
24 296
24 299
25 30
25 53
25 81
25 112
25 125
25 127
25 136
25 140
25 146
25 168
25 176
25 182
25 191
25 192
25 193
25 201
25 209
25 245
25 268
25 271
25 276
25 279
25 280
25 291
25 299
26 97
26 111
26 119
26 153
26 157
26 160
26 165
26 182
26 184
26 185
26 197
26 205
26 206
26 212
26 218
26 239
26 250
26 269
26 285
27 28
27 30
27 36
27 37
27 47
27 49
27 52
27 57
27 61
27 65
27 81
27 92
27 99
27 102
27 105
27 112
27 116
27 119
27 124
27 128
27 143
27 145
27 150
27 161
27 165
27 170
27 173
27 183
27 184
27 213
27 216
27 218
27 222
27 238
27 239
27 241
27 250
27 262
27 291
28 31
28 38
28 64
28 79
28 80
28 101
28 109
28 111
28 132
28 137
28 142
28 143
28 149
28 179
28 187
28 188
28 192
28 193
28 200
28 225
28 267
28 278
29 35
29 39
29 55
29 77
29 81
29 83
29 89
29 94
29 96
29 101
29 107
29 130
29 131
29 157
29 164
29 177
29 183
29 189
29 204
29 226
29 230
29 238
29 246
29 269
29 274
29 289
29 297
30 39
30 41
30 52
30 78
30 102
30 108
30 112
30 117
30 129
30 139
30 146
30 150
30 156
30 177
30 201
30 209
30 210
30 228
30 236
30 259
30 263
30 277
30 280
31 34
31 51
31 60
31 63
31 102
31 106
31 112
31 140
31 146
31 154
31 156
31 160
31 162
31 167
31 170
31 187
31 194
31 195
31 196
31 205
31 208
31 215
31 242
31 249
31 253
31 257
31 269
31 274
31 285
31 288
31 290
32 33
32 57
32 63
32 75
32 77
32 98
32 107
32 108
32 123
32 124
32 126
32 132
32 164
32 187
32 198
32 205
32 220
32 223
32 232
32 236
32 250
32 262
32 264
32 286
32 288
32 293
33 41
33 42
33 43
33 50
33 55
33 58
33 59
33 61
33 63
33 69
33 72
33 102
33 112
33 113
33 129
33 153
33 164
33 167
33 178
33 203
33 217
33 218
33 231
33 243
33 252
33 257
33 277
33 278
34 39
34 41
34 45
34 50
34 56
34 62
34 78
34 87
34 97
34 112
34 121
34 123
34 124
34 126
34 130
34 132
34 134
34 138
34 148
34 153
34 174
34 175
34 207
34 216
34 217
34 218
34 282
34 284
34 289
34 298
35 52
35 77
35 127
35 148
35 149
35 154
35 169
35 171
35 181
35 182
35 183
35 187
35 226
35 244
35 266
35 291
35 295
35 296
36 47
36 50
36 53
36 72
36 80
36 87
36 93
36 95
36 99
36 114
36 131
36 136
36 155
36 174
36 176
36 185
36 189
36 191
36 192
36 197
36 208
36 209
36 227
36 248
36 254
36 258
36 275
36 294
36 298
36 299
37 57
37 58
37 66
37 74
37 82
37 131
37 138
37 146
37 167
37 192
37 206
37 216
37 218
37 238
37 245
37 248
37 275
37 287
38 44
38 49
38 55
38 66
38 70
38 75
38 90
38 95
38 98
38 102
38 110
38 135
38 141
38 159
38 172
38 183
38 188
38 191
38 201
38 204
38 212
38 213
38 216
38 231
38 239
38 242
38 257
38 259
38 265
38 267
38 268
38 271
38 285
38 297
38 298
39 41
39 43
39 46
39 56
39 64
39 72
39 96
39 103
39 108
39 115
39 125
39 141
39 143
39 146
39 157
39 170
39 176
39 181
39 184
39 189
39 205
39 226
39 229
39 233
39 252
39 259
39 260
39 261
39 270
39 271
39 282
40 57
40 68
40 69
40 73
40 101
40 102
40 110
40 114
40 163
40 166
40 203
40 214
40 215
40 235
40 247
40 255
40 273
40 281
40 294
41 47
41 54
41 62
41 63
41 80
41 82
41 89
41 104
41 121
41 146
41 157
41 160
41 191
41 197
41 199
41 200
41 201
41 205
41 211
41 231
41 248
41 255
41 261
41 265
41 266
41 294
42 54
42 71
42 74
42 81
42 82
42 83
42 110
42 115
42 122
42 134
42 147
42 150
42 153
42 154
42 160
42 165
42 174
42 193
42 222
42 224
42 227
42 235
42 237
42 253
42 256
42 270
42 275
42 285
42 294
42 295
42 297
43 49
43 53
43 55
43 57
43 76
43 79
43 83
43 88
43 91
43 92
43 95
43 123
43 141
43 157
43 160
43 164
43 170
43 171
43 173
43 201
43 208
43 215
43 221
43 232
43 236
43 263
43 264
43 266
43 272
43 277
43 280
43 294
44 47
44 52
44 53
44 55
44 61
44 65
44 83
44 84
44 110
44 114
44 117
44 131
44 188
44 194
44 199
44 216
44 217
44 223
44 243
44 244
44 249
44 254
44 257
44 267
44 275
44 278
44 279
44 297
45 51
45 57
45 62
45 68
45 75
45 83
45 92
45 129
45 136
45 148
45 160
45 175
45 185
45 186
45 187
45 202
45 205
45 208
45 236
45 246
45 249
45 266
46 48
46 53
46 64
46 74
46 92
46 99
46 112
46 125
46 132
46 169
46 186
46 191
46 192
46 203
46 207
46 234
46 248
46 251
46 261
46 266
46 273
46 281
46 290
46 295
47 50
47 68
47 70
47 73
47 81
47 86
47 93
47 94
47 98
47 106
47 118
47 119
47 130
47 133
47 137
47 152
47 162
47 169
47 185
47 192
47 207
47 220
47 221
47 248
47 249
47 269
47 278
47 287
47 292
48 68
48 94
48 98
48 104
48 125
48 128
48 134
48 149
48 152
48 157
48 167
48 179
48 202
48 212
48 218
48 219
48 220
48 223
48 236
48 243
48 248
48 251
48 271
48 292
49 72
49 81
49 84
49 100
49 110
49 112
49 114
49 118
49 133
49 160
49 170
49 177
49 178
49 187
49 197
49 198
49 231
49 237
49 238
49 246
49 250
49 288
50 85
50 93
50 94
50 102
50 104
50 141
50 143
50 158
50 163
50 172
50 179
50 185
50 198
50 201
50 215
50 219
50 227
50 232
50 237
50 240
50 256
50 259
50 276
50 278
50 281
50 292
51 57
51 66
51 89
51 91
51 98
51 103
51 135
51 155
51 181
51 188
51 198
51 204
51 211
51 231
51 236
51 245
51 248
51 249
51 261
51 262
51 265
51 272
51 278
51 289
51 297
52 56
52 82
52 93
52 100
52 111
52 128
52 132
52 134
52 147
52 148
52 153
52 164
52 183
52 205
52 206
52 219
52 223
52 224
52 231
52 232
52 233
52 244
52 248
52 260
52 264
52 266
52 277
53 66
53 87
53 95
53 104
53 130
53 132
53 137
53 144
53 165
53 177
53 181
53 191
53 195
53 209
53 217
53 225
53 234
53 235
53 250
53 255
53 266
53 268
53 277
53 283
53 297
54 57
54 60
54 76
54 77
54 81
54 95
54 97
54 107
54 109
54 110
54 113
54 116
54 117
54 131
54 151
54 154
54 173
54 201
54 203
54 209
54 213
54 222
54 237
54 240
54 252
54 263
54 286
54 288
55 66
55 78
55 86
55 88
55 102
55 103
55 104
55 111
55 116
55 121
55 139
55 143
55 151
55 157
55 161
55 163
55 169
55 170
55 189
55 221
55 265
55 269
55 270
55 282
55 288
55 295
56 60
56 110
56 114
56 124
56 134
56 138
56 139
56 146
56 150
56 151
56 166
56 184
56 214
56 217
56 227
56 237
56 241
56 251
56 258
56 260
56 266
56 280
56 281
57 87
57 94
57 95
57 101
57 129
57 133
57 139
57 140
57 147
57 150
57 157
57 179
57 185
57 196
57 204
57 237
57 241
57 274
57 278
57 283
57 287
57 299
58 76
58 79
58 88
58 90
58 92
58 134
58 139
58 149
58 151
58 155
58 160
58 182
58 191
58 206
58 213
58 218
58 221
58 234
58 235
58 264
58 272
58 278
58 294
59 66
59 86
59 90
59 92
59 94
59 105
59 109
59 120
59 121
59 132
59 151
59 159
59 171
59 188
59 195
59 219
59 223
59 228
59 233
59 245
59 260
59 269
59 270
59 288
59 290
60 94
60 101
60 109
60 131
60 133
60 134
60 143
60 182
60 185
60 226
60 234
60 238
60 245
60 250
60 252
60 259
60 265
60 291
61 85
61 93
61 104
61 122
61 132
61 147
61 149
61 170
61 176
61 181
61 186
61 192
61 226
61 227
61 230
61 258
61 268
61 276
62 64
62 65
62 83
62 101
62 115
62 120
62 137
62 142
62 149
62 150
62 157
62 174
62 177
62 191
62 207
62 214
62 216
62 221
62 228
62 230
62 232
62 236
62 256
62 260
62 267
62 271
62 272
62 286
62 290
62 295
63 79
63 89
63 102
63 103
63 113
63 118
63 119
63 127
63 154
63 170
63 193
63 203
63 216
63 218
63 246
63 247
63 281
63 290
63 291
64 74
64 75
64 86
64 88
64 97
64 108
64 117
64 145
64 150
64 168
64 178
64 181
64 185
64 194
64 196
64 204
64 208
64 228
64 236
64 247
64 248
64 260
64 267
64 270
64 278
64 284
64 286
65 80
65 83
65 99
65 105
65 106
65 117
65 134
65 153
65 156
65 179
65 205
65 231
65 238
65 269
65 285
65 288
66 68
66 69
66 85
66 90
66 91
66 124
66 126
66 131
66 134
66 141
66 142
66 146
66 150
66 161
66 164
66 176
66 188
66 195
66 215
66 223
66 235
66 250
66 260
66 261
66 282
66 286
66 288
67 77
67 85
67 143
67 144
67 164
67 188
67 196
67 240
67 250
67 258
67 266
67 271
68 86
68 88
68 91
68 93
68 99
68 103
68 119
68 121
68 131
68 148
68 171
68 179
68 182
68 205
68 211
68 212
68 221
68 222
68 229
68 233
68 238
68 248
68 260
68 262
68 265
68 273
68 278
68 279
68 280
68 284
68 289
69 73
69 75
69 76
69 77
69 82
69 84
69 96
69 106
69 129
69 133
69 138
69 147
69 164
69 166
69 172
69 180
69 190
69 194
69 202
69 214
69 218
69 220
69 223
69 274
69 287
69 292
69 294
69 295
70 77
70 90
70 110
70 111
70 112
70 130
70 131
70 171
70 188
70 193
70 208
70 221
70 245
70 255
70 278
70 281
71 85
71 89
71 104
71 106
71 114
71 122
71 148
71 149
71 181
71 182
71 187
71 194
71 205
71 207
71 220
71 222
71 223
71 225
71 227
71 254
71 256
71 265
71 272
71 296
71 299
72 74
72 75
72 91
72 98
72 116
72 125
72 129
72 145
72 165
72 172
72 178
72 181
72 189
72 195
72 217
72 228
72 246
72 251
72 256
72 271
72 275
72 287
72 296
73 87
73 101
73 105
73 106
73 108
73 125
73 140
73 154
73 158
73 160
73 177
73 202
73 216
73 245
73 256
73 282
73 294
74 93
74 110
74 118
74 121
74 132
74 135
74 156
74 168
74 173
74 179
74 183
74 185
74 186
74 194
74 206
74 239
74 253
74 258
74 269
74 273
74 278
74 286
74 292
74 295
75 78
75 88
75 104
75 115
75 124
75 129
75 131
75 139
75 156
75 161
75 180
75 203
75 214
75 218
75 239
75 245
75 248
75 267
75 278
75 290
75 296
76 86
76 89
76 93
76 100
76 137
76 139
76 150
76 156
76 169
76 180
76 209
76 216
76 219
76 224
76 226
76 228
76 237
76 246
76 259
76 273
76 282
76 297
77 78
77 82
77 93
77 97
77 103
77 104
77 114
77 131
77 138
77 145
77 162
77 166
77 183
77 214
77 221
77 223
77 230
77 231
77 237
77 244
77 264
77 265
77 277
77 290
78 83
78 98
78 108
78 128
78 130
78 131
78 133
78 142
78 152
78 173
78 187
78 197
78 211
78 218
78 228
78 235
78 241
78 248
78 250
78 251
78 255
78 260
78 267
78 270
78 278
78 290
79 82
79 133
79 136
79 158
79 162
79 169
79 177
79 202
79 206
79 217
79 232
79 248
79 252
79 268
79 288
79 293
80 97
80 110
80 122
80 123
80 132
80 133
80 152
80 155
80 161
80 188
80 198
80 207
80 211
80 249
80 289
80 293
80 295
81 89
81 91
81 97
81 98
81 114
81 116
81 133
81 158
81 168
81 181
81 188
81 194
81 197
81 200
81 204
81 209
81 210
81 225
81 227
81 229
81 232
81 234
81 239
81 257
81 258
81 260
81 276
82 86
82 107
82 126
82 130
82 131
82 136
82 146
82 153
82 154
82 155
82 181
82 184
82 208
82 209
82 210
82 213
82 215
82 223
82 226
82 241
82 256
82 269
82 276
82 288
82 294
82 298
83 93
83 120
83 121
83 133
83 141
83 142
83 151
83 156
83 163
83 175
83 182
83 193
83 196
83 208
83 214
83 218
83 233
83 234
83 254
83 264
83 288
84 85
84 106
84 110
84 124
84 134
84 143
84 147
84 149
84 150
84 153
84 156
84 161
84 171
84 181
84 192
84 204
84 227
84 241
84 242
84 251
84 255
84 256
84 264
84 267
84 271
84 272
84 292
84 295
85 101
85 103
85 105
85 113
85 129
85 136
85 163
85 165
85 184
85 186
85 199
85 217
85 222
85 246
85 248
85 256
85 260
85 271
85 286
85 290
85 291
86 89
86 93
86 99
86 121
86 127
86 131
86 139
86 146
86 170
86 188
86 189
86 191
86 196
86 197
86 201
86 212
86 222
86 225
86 227
86 236
86 245
86 254
86 257
86 260
86 280
86 285
86 296
87 91
87 94
87 95
87 101
87 109
87 114
87 118
87 123
87 142
87 149
87 157
87 160
87 180
87 185
87 191
87 200
87 208
87 210
87 214
87 222
87 233
87 237
87 239
87 247
87 256
87 257
87 258
87 269
87 270
87 274
87 291
88 106
88 109
88 114
88 133
88 141
88 142
88 147
88 148
88 154
88 155
88 172
88 179
88 184
88 193
88 201
88 205
88 211
88 218
88 219
88 249
88 254
88 257
88 260
88 271
88 272
88 276
88 280
88 286
88 289
88 295
89 101
89 110
89 118
89 122
89 132
89 133
89 135
89 143
89 158
89 165
89 180
89 184
89 195
89 209
89 225
89 238
89 254
89 263
89 269
89 270
89 271
89 274
89 290
89 294
90 97
90 104
90 108
90 126
90 131
90 152
90 156
90 183
90 185
90 186
90 189
90 194
90 196
90 205
90 225
90 229
90 233
90 263
90 267
91 94
91 119
91 123
91 124
91 127
91 133
91 146
91 154
91 158
91 165
91 167
91 178
91 187
91 197
91 206
91 220
91 233
91 236
91 245
91 256
91 284
91 286
91 299
92 96
92 100
92 109
92 113
92 115
92 117
92 118
92 138
92 166
92 170
92 179
92 181
92 192
92 204
92 209
92 223
92 224
92 225
92 230
92 232
92 241
92 280
93 96
93 99
93 103
93 109
93 113
93 117
93 118
93 121
93 127
93 131
93 135
93 157
93 158
93 169
93 182
93 188
93 202
93 210
93 212
93 215
93 223
93 226
93 244
93 245
93 257
93 259
93 271
93 280
93 284
93 288
94 129
94 140
94 143
94 182
94 202
94 213
94 214
94 216
94 226
94 235
94 240
94 243
94 261
94 264
94 266
94 279
94 283
94 291
95 111
95 114
95 115
95 118
95 121
95 126
95 135
95 153
95 161
95 162
95 177
95 179
95 184
95 189
95 204
95 230
95 233
95 263
95 271
95 277
95 290
95 291
96 99
96 105
96 114
96 148
96 158
96 166
96 169
96 172
96 173
96 180
96 188
96 195
96 200
96 219
96 221
96 228
96 229
96 247
96 258
96 272
96 276
96 280
96 294
97 107
97 125
97 140
97 151
97 171
97 190
97 198
97 207
97 213
97 259
97 265
97 269
97 272
97 275
97 278
97 281
97 289
97 290
98 99
98 102
98 153
98 159
98 171
98 183
98 195
98 207
98 208
98 214
98 221
98 228
98 237
98 257
98 261
98 269
98 283
98 285
98 292
98 294
99 119
99 121
99 131
99 143
99 176
99 189
99 212
99 218
99 229
99 248
99 257
99 274
99 280
99 286
99 299
100 102
100 115
100 119
100 123
100 124
100 131
100 134
100 149
100 160
100 161
100 166
100 176
100 187
100 196
100 235
100 263
100 267
100 292
101 104
101 128
101 130
101 133
101 152
101 199
101 203
101 228
101 230
101 233
101 241
101 253
101 254
101 266
101 267
101 278
101 296
102 113
102 158
102 164
102 166
102 167
102 184
102 199
102 200
102 203
102 211
102 219
102 220
102 225
102 232
102 238
102 251
102 262
102 268
102 273
102 280
102 284
103 106
103 107
103 151
103 160
103 187
103 191
103 192
103 204
103 208
103 210
103 212
103 214
103 229
103 233
103 271
103 275
103 287
103 289
103 293
104 111
104 117
104 118
104 123
104 138
104 143
104 144
104 159
104 162
104 173
104 186
104 190
104 203
104 209
104 216
104 225
104 232
104 255
104 278
104 289
104 294
105 108
105 110
105 113
105 119
105 122
105 129
105 130
105 140
105 156
105 157
105 177
105 179
105 200
105 213
105 217
105 223
105 224
105 249
105 266
105 268
105 269
105 270
105 280
105 294
105 296
106 109
106 113
106 118
106 129
106 130
106 141
106 159
106 181
106 186
106 195
106 199
106 200
106 211
106 219
106 232
106 233
106 244
106 246
106 248
106 249
106 269
106 270
106 274
106 288
106 297
107 114
107 115
107 117
107 151
107 158
107 159
107 167
107 189
107 199
107 203
107 214
107 219
107 248
107 254
107 277
107 297
108 131
108 152
108 157
108 159
108 161
108 164
108 172
108 180
108 181
108 183
108 184
108 190
108 203
108 206
108 208
108 209
108 214
108 222
108 224
108 230
108 234
108 244
108 248
108 256
108 257
108 259
108 265
108 272
108 273
108 277
108 286
108 287
108 288
109 141
109 144
109 145
109 156
109 157
109 160
109 172
109 190
109 202
109 209
109 210
109 211
109 212
109 227
109 234
109 260
109 261
109 262
109 264
109 271
109 273
109 287
110 117
110 134
110 156
110 176
110 178
110 208
110 215
110 227
110 242
110 259
110 272
110 288
110 290
110 296
111 116
111 137
111 152
111 160
111 162
111 179
111 187
111 191
111 195
111 211
111 213
111 223
111 257
111 271
111 277
111 281
111 287
111 293
112 129
112 140
112 159
112 161
112 166
112 169
112 191
112 203
112 233
112 239
112 242
112 260
112 262
112 282
112 283
112 286
113 122
113 133
113 153
113 166
113 177
113 181
113 198
113 205
113 220
113 227
113 231
113 234
113 243
113 259
113 261
113 263
113 264
113 269
113 275
113 279
113 296
114 128
114 133
114 149
114 151
114 171
114 172
114 178
114 192
114 194
114 200
114 201
114 216
114 230
114 246
114 249
114 256
114 262
114 264
114 266
114 274
114 277
114 281
114 297
115 118
115 132
115 133
115 138
115 150
115 153
115 159
115 162
115 164
115 188
115 192
115 202
115 209
115 210
115 217
115 222
115 224
115 229
115 234
115 241
115 250
115 254
115 255
115 259
115 262
115 275
115 287
115 288
115 291
116 118
116 121
116 122
116 132
116 141
116 146
116 156
116 158
116 166
116 177
116 184
116 188
116 199
116 210
116 213
116 226
116 229
116 250
116 259
116 269
116 274
116 288
116 290
117 120
117 124
117 140
117 141
117 160
117 164
117 165
117 179
117 184
117 189
117 211
117 219
117 232
117 233
117 241
117 259
117 264
117 279
117 289
117 293
118 127
118 131
118 133
118 146
118 147
118 192
118 204
118 212
118 214
118 215
118 226
118 230
118 240
118 249
118 258
118 284
119 136
119 141
119 152
119 158
119 176
119 179
119 189
119 197
119 199
119 204
119 208
119 225
119 226
119 238
119 239
119 241
119 257
119 293
120 121
120 135
120 136
120 138
120 144
120 173
120 176
120 178
120 179
120 180
120 181
120 190
120 196
120 198
120 199
120 212
120 214
120 217
120 223
120 247
120 248
120 250
120 254
120 286
120 292
121 123
121 125
121 131
121 132
121 137
121 146
121 160
121 184
121 193
121 194
121 204
121 212
121 213
121 215
121 242
121 244
121 247
121 255
121 259
121 262
121 278
121 280
121 292
121 298
122 128
122 130
122 147
122 153
122 154
122 162
122 168
122 181
122 191
122 199
122 209
122 222
122 229
122 240
122 241
122 242
122 268
122 280
122 286
122 290
123 124
123 125
123 128
123 148
123 171
123 184
123 218
123 227
123 236
123 251
123 272
123 298
124 131
124 132
124 156
124 158
124 161
124 168
124 191
124 199
124 201
124 204
124 217
124 220
124 229
124 237
124 256
124 264
124 275
124 282
124 283
125 127
125 149
125 158
125 174
125 177
125 183
125 184
125 194
125 199
125 210
125 211
125 217
125 254
125 266
125 276
125 277
125 279
125 291
126 133
126 150
126 154
126 166
126 169
126 170
126 189
126 193
126 195
126 198
126 229
126 235
126 256
126 267
126 270
126 271
126 297
127 142
127 145
127 158
127 159
127 164
127 167
127 172
127 173
127 205
127 208
127 221
127 237
127 242
127 249
127 258
127 269
127 272
127 282
127 292
127 295
127 296
128 158
128 185
128 196
128 199
128 207
128 214
128 221
128 225
128 227
128 237
128 238
128 240
128 261
128 280
128 281
128 283
128 295
128 297
129 131
129 132
129 135
129 138
129 142
129 160
129 161
129 186
129 199
129 206
129 209
129 211
129 212
129 221
129 227
129 231
129 232
129 238
129 251
129 252
129 263
129 271
129 288
129 294
130 135
130 136
130 154
130 155
130 166
130 196
130 199
130 212
130 224
130 244
130 248
130 249
130 254
130 255
130 268
130 283
130 286
130 289
131 134
131 154
131 162
131 187
131 188
131 198
131 211
131 212
131 242
131 244
131 250
131 251
131 252
131 256
131 258
131 264
131 271
131 274
131 280
131 281
131 292
131 298
132 137
132 143
132 160
132 163
132 175
132 191
132 196
132 203
132 208
132 214
132 216
132 239
132 244
132 245
132 251
132 252
132 253
132 274
132 281
132 286
132 287
132 292
133 152
133 155
133 163
133 170
133 198
133 201
133 208
133 258
133 262
133 271
134 143
134 145
134 150
134 157
134 167
134 191
134 194
134 209
134 216
134 222
134 224
134 231
134 235
134 236
134 239
134 253
134 258
134 263
134 276
134 290
134 299
135 150
135 158
135 174
135 188
135 190
135 219
135 228
135 230
135 242
135 246
135 271
135 293
135 295
135 297
135 299
136 144
136 151
136 154
136 156
136 158
136 161
136 162
136 181
136 192
136 209
136 215
136 234
136 262
136 265
136 266
136 284
137 154
137 172
137 173
137 175
137 176
137 193
137 203
137 217
137 221
137 247
137 256
137 262
137 274
137 281
137 295
137 298
138 145
138 150
138 155
138 166
138 172
138 175
138 177
138 180
138 189
138 202
138 203
138 234
138 263
138 272
138 278
138 292
139 140
139 149
139 161
139 166
139 167
139 171
139 193
139 208
139 210
139 220
139 256
139 257
139 259
139 263
139 288
139 298
140 141
140 142
140 164
140 168
140 195
140 212
140 222
140 224
140 257
140 272
140 273
140 281
140 294
140 297
140 299
141 142
141 151
141 163
141 177
141 181
141 186
141 194
141 199
141 230
141 240
141 262
141 266
141 267
141 275
141 283
141 284
142 147
142 151
142 177
142 195
142 198
142 202
142 225
142 229
142 235
142 259
142 267
142 287
142 297
143 153
143 166
143 176
143 229
143 232
143 235
143 241
143 244
143 248
143 275
144 145
144 149
144 162
144 167
144 175
144 176
144 188
144 194
144 202
144 205
144 215
144 237
144 239
144 241
144 254
144 255
144 264
144 297
145 164
145 171
145 175
145 196
145 218
145 224
145 225
145 234
145 241
145 252
145 273
146 147
146 181
146 206
146 217
146 220
146 256
146 267
146 270
146 281
147 155
147 179
147 211
147 213
147 214
147 216
147 217
147 223
147 224
147 233
147 241
147 248
147 266
147 276
147 281
147 285
147 296
148 160
148 173
148 206
148 210
148 219
148 247
148 257
148 262
148 281
148 286
148 298
149 156
149 158
149 169
149 170
149 208
149 212
149 220
149 226
149 231
149 238
149 247
149 272
149 274
149 275
149 279
150 156
150 169
150 171
150 199
150 218
150 228
150 231
150 238
150 251
150 255
150 260
150 262
150 263
151 156
151 157
151 160
151 169
151 172
151 173
151 180
151 181
151 192
151 198
151 204
151 214
151 220
151 221
151 241
151 252
151 254
151 268
151 283
152 155
152 174
152 178
152 179
152 197
152 228
152 232
152 234
152 247
152 260
152 261
152 274
152 286
152 293
153 161
153 167
153 179
153 195
153 204
153 206
153 208
153 212
153 214
153 215
153 219
153 220
153 226
153 235
153 248
153 255
153 258
153 267
153 284
153 298
154 169
154 171
154 173
154 183
154 190
154 195
154 200
154 201
154 208
154 210
154 234
154 247
154 272
155 162
155 165
155 169
155 183
155 199
155 203
155 206
155 217
155 224
155 230
155 254
155 271
155 272
155 282
155 290
156 193
156 198
156 205
156 206
156 209
156 241
156 242
156 248
156 280
157 165
157 184
157 186
157 202
157 204
157 206
157 217
157 220
157 235
157 238
157 239
157 242
157 260
157 277
157 279
157 291
158 162
158 165
158 170
158 182
158 209
158 210
158 215
158 222
158 225
158 227
158 247
158 264
158 279
158 280
158 296
159 165
159 173
159 196
159 204
159 212
159 233
159 239
159 267
160 181
160 184
160 196
160 202
160 203
160 205
160 209
160 227
160 235
160 241
160 253
160 262
160 263
160 264
160 272
160 275
160 291
161 175
161 180
161 181
161 217
161 219
161 249
161 261
161 266
161 275
162 164
162 169
162 171
162 180
162 182
162 198
162 199
162 233
162 267
162 269
162 271
163 176
163 192
163 198
163 232
163 243
163 283
164 179
164 184
164 187
164 206
164 207
164 214
164 218
164 239
164 242
164 252
164 254
164 255
164 264
164 283
164 284
164 297
165 176
165 197
165 199
165 202
165 205
165 219
165 235
165 242
165 243
165 259
165 280
165 297
166 189
166 191
166 198
166 206
166 241
166 269
166 278
166 293
167 185
167 190
167 194
167 199
167 208
167 221
167 223
167 239
167 250
167 258
167 261
167 262
167 288
167 294
167 297
167 298
168 175
168 191
168 195
168 202
168 213
168 220
168 226
168 244
168 252
168 253
168 260
168 284
168 296
168 299
169 191
169 192
169 196
169 201
169 204
169 214
169 226
169 234
169 245
169 248
169 251
169 260
169 278
169 293
170 173
170 174
170 203
170 207
170 208
170 211
170 216
170 230
170 246
170 254
170 259
170 287
171 173
171 187
171 197
171 202
171 203
171 216
171 225
171 232
171 241
171 242
171 247
171 277
171 282
172 178
172 187
172 194
172 210
172 215
172 222
172 229
172 248
172 252
172 264
172 266
172 271
172 288
172 293
172 299
173 181
173 194
173 260
173 266
173 272
173 274
173 279
173 282
173 285
173 288
174 178
174 187
174 188
174 197
174 198
174 200
174 201
174 203
174 220
174 225
174 236
174 272
175 184
175 193
175 194
175 195
175 213
175 217
175 244
175 247
175 281
175 291
175 299
176 179
176 180
176 182
176 183
176 204
176 221
176 227
176 237
176 239
176 240
176 245
176 266
176 274
176 290
176 292
176 293
177 190
177 203
177 204
177 209
177 211
177 215
177 221
177 240
177 259
177 269
177 271
178 180
178 211
178 216
178 236
178 249
178 251
178 255
178 262
178 265
178 276
178 280
178 285
178 291
178 292
178 295
178 296
179 195
179 210
179 218
179 220
179 225
179 234
179 241
179 249
179 250
179 253
179 254
179 255
179 260
179 270
179 299
180 211
180 212
180 217
180 221
180 225
180 253
180 261
180 293
180 297
180 298
181 215
181 225
181 244
181 245
181 251
181 252
181 256
181 269
181 275
181 280
181 287
181 294
181 296
182 189
182 192
182 204
182 207
182 213
182 215
182 221
182 234
182 240
182 251
182 262
182 264
182 268
182 272
182 279
182 286
182 297
183 184
183 202
183 204
183 207
183 216
183 237
183 244
183 296
184 209
184 225
184 254
184 266
184 272
184 283
184 286
184 292
184 294
185 189
185 200
185 203
185 210
185 211
185 223
185 239
185 243
185 244
185 269
185 270
185 273
185 276
185 282
186 208
186 215
186 220
186 221
186 263
186 271
186 293
186 298
187 214
187 223
187 227
187 235
187 243
187 248
187 257
187 259
187 265
187 268
187 269
187 277
187 281
187 283
187 286
187 295
188 193
188 203
188 245
188 252
188 269
188 277
188 294
189 204
189 212
189 227
189 234
189 249
189 272
189 275
189 276
189 279
189 280
189 294
189 299
190 196
190 197
190 201
190 209
190 210
190 227
190 245
190 253
190 258
190 260
190 265
190 268
190 269
190 277
190 286
190 290
191 237
191 244
191 246
191 253
191 258
191 273
191 285
191 287
192 202
192 210
192 219
192 230
192 246
192 251
192 259
192 263
192 267
192 280
192 288
192 298
193 195
193 199
193 221
193 231
193 233
193 234
193 246
193 249
193 251
193 254
193 275
193 286
194 195
194 202
194 208
194 212
194 214
194 267
194 296
194 299
195 201
195 211
195 215
195 228
195 232
195 239
195 251
195 256
195 268
195 273
195 277
195 287
195 289
195 292
195 294
196 215
196 216
196 221
196 223
196 235
196 237
196 266
196 273
196 275
196 298
197 200
197 216
197 218
197 225
197 227
197 239
197 241
197 255
197 265
197 273
197 299
198 203
198 239
198 276
198 285
198 292
199 201
199 227
199 239
199 243
199 251
199 255
199 257
199 259
199 265
199 274
199 290
199 297
200 205
200 206
200 211
200 212
200 216
200 218
200 225
200 247
200 249
200 250
200 253
200 265
200 273
200 277
200 282
200 283
200 291
201 206
201 216
201 227
201 244
201 248
201 250
201 258
201 264
201 271
201 274
201 282
201 288
202 208
202 210
202 221
202 222
202 261
202 265
202 270
202 289
203 205
203 234
203 260
203 269
203 288
204 205
204 226
204 228
204 253
204 267
204 286
205 208
205 213
205 235
205 260
205 267
205 268
205 298
205 299
206 209
206 227
206 228
206 231
206 237
206 248
206 261
206 268
206 272
206 278
206 284
206 289
206 298
207 208
207 213
207 215
207 218
207 229
207 233
207 238
207 254
207 272
207 278
207 279
207 282
207 288
207 296
207 299
208 243
208 249
208 255
208 259
208 271
209 221
209 229
209 245
209 246
209 264
209 267
209 271
209 272
209 285
209 287
209 291
209 294
210 222
210 231
210 263
210 271
210 272
210 276
210 280
210 288
210 299
211 214
211 223
211 235
211 242
211 246
211 250
211 251
211 266
211 287
211 290
211 294
211 295
212 222
212 226
212 231
212 244
212 263
212 274
212 280
212 282
213 214
213 238
213 243
213 251
213 253
213 262
213 264
213 274
213 279
213 281
213 282
213 296
214 223
214 231
214 248
214 260
214 263
214 276
214 283
214 299
215 217
215 219
215 233
215 239
215 251
215 254
215 262
216 238
216 239
216 244
216 279
216 287
216 292
216 294
217 233
217 246
217 252
217 265
217 277
217 291
217 293
217 294
218 220
218 225
218 229
218 255
218 273
218 283
218 290
219 220
219 228
219 248
219 254
219 265
219 279
219 281
219 283
219 290
219 292
219 295
220 232
220 235
220 250
220 265
220 268
220 269
221 235
221 237
221 238
221 239
221 245
221 257
221 260
221 264
221 274
221 287
221 297
222 224
222 229
222 245
222 277
222 287
223 224
223 225
223 229
223 235
223 236
223 238
223 249
223 273
223 283
223 284
223 291
223 293
224 231
224 233
224 261
224 269
224 270
224 273
224 282
224 289
224 293
225 236
225 254
225 262
225 266
225 287
225 291
226 227
226 231
226 251
226 253
227 229
227 253
227 258
227 260
227 268
227 270
227 275
227 293
228 231
228 232
228 240
228 242
228 252
228 253
228 276
228 278
228 280
228 284
228 296
228 299
229 237
229 274
229 288
229 290
229 293
229 298
230 231
230 257
230 280
230 294
231 237
231 256
231 258
231 260
231 283
231 293
231 296
231 299
232 238
232 246
232 253
232 258
232 260
232 277
232 278
232 284
232 290
233 236
233 239
233 243
233 263
233 266
233 275
234 253
234 256
234 257
234 265
234 285
234 299
235 244
235 246
235 250
235 253
235 263
235 267
235 279
235 283
235 285
235 286
235 293
236 250
236 257
236 261
236 275
237 244
237 248
237 250
237 254
237 256
237 294
238 253
238 255
238 256
238 277
238 283
238 290
238 295
239 242
239 252
239 256
239 259
239 262
239 265
239 272
239 276
239 278
239 283
239 289
239 292
239 295
240 241
240 247
240 248
240 252
240 279
240 280
240 285
240 296
241 248
241 249
241 256
241 266
241 270
241 289
241 294
242 254
242 257
242 263
242 271
242 286
242 289
242 293
242 299
243 260
243 267
243 274
243 278
243 279
243 281
244 254
244 276
244 282
244 286
245 256
245 265
245 275
245 283
245 298
246 250
246 251
246 258
246 261
246 263
246 268
246 275
246 278
246 281
246 290
246 295
246 299
247 252
247 256
247 271
247 272
247 283
247 296
248 270
248 271
248 272
248 274
248 294
248 295
249 255
249 294
250 251
250 298
251 253
251 267
251 269
251 280
251 290
252 257
252 273
252 274
252 282
252 288
252 292
252 293
252 298
253 257
253 258
253 268
253 275
253 282
253 288
253 295
253 299
254 257
254 273
254 276
254 279
255 266
255 267
255 289
256 279
256 280
256 288
256 291
257 263
257 265
257 277
257 279
257 281
257 282
258 264
258 265
258 278
258 287
258 292
258 295
259 261
259 267
259 272
259 287
259 288
259 296
260 263
260 269
260 279
260 282
260 288
260 292
260 294
261 271
261 278
261 290
261 293
262 267
262 293
262 296
263 265
263 281
263 286
263 293
264 295
264 298
265 280
266 271
266 278
266 287
267 276
267 279
267 281
267 286
267 292
267 299
268 270
268 285
268 290
268 292
269 291
269 293
270 292
271 273
271 290
271 297
272 275
272 297
273 287
274 281
274 288
275 279
275 283
275 284
275 290
275 295
276 277
276 286
276 291
276 299
278 298
279 283
279 287
279 288
280 293
281 287
281 294
282 288
282 292
282 295
282 297
283 287
283 298
284 288
284 291
286 288
287 294
288 295
290 295
290 298
291 292
291 298
291 299
292 296
292 297
293 299
