300 1198
0 11
0 18
0 48
0 83
0 191
0 211
0 220
0 236
1 48
1 76
1 88
1 96
1 117
1 207
1 232
1 255
1 289
2 74
2 123
2 130
2 201
2 219
2 234
2 266
3 34
3 84
3 111
3 128
3 139
3 154
3 190
3 198
3 205
4 39
4 65
4 148
4 242
5 7
5 12
5 24
5 37
5 54
5 70
5 89
5 90
5 102
5 113
5 158
6 10
6 62
6 162
6 176
6 190
6 214
6 262
6 285
6 294
7 32
7 43
7 72
7 104
7 122
7 176
7 225
7 246
8 118
8 120
8 161
8 183
8 195
8 214
8 283
9 19
9 35
9 67
9 79
9 193
9 253
10 38
10 99
10 138
10 251
11 40
11 41
11 62
11 96
11 115
11 130
11 142
11 172
11 191
11 228
11 233
11 272
12 58
12 98
12 177
12 179
12 188
12 227
12 277
13 29
13 102
13 164
13 198
14 25
14 45
14 68
14 72
14 89
14 141
14 183
14 198
14 211
14 263
14 274
15 91
15 161
15 176
15 233
15 234
15 267
16 30
16 33
16 83
16 93
16 129
16 207
16 262
16 263
17 65
17 77
17 143
17 183
17 221
18 34
18 52
18 73
18 91
18 94
18 101
18 123
18 163
18 225
18 238
18 255
19 63
19 133
19 190
20 84
20 99
20 207
20 216
20 255
20 268
20 279
21 45
21 53
21 140
21 167
21 262
22 66
22 71
22 129
22 145
22 184
22 185
22 189
22 263
23 37
23 52
23 181
23 196
23 230
23 257
23 265
23 291
24 74
24 82
24 91
24 168
24 197
24 219
24 251
24 262
24 274
25 69
25 75
25 93
25 102
25 107
25 144
25 146
25 150
25 173
25 213
25 226
25 234
26 45
26 131
26 167
26 298
27 34
27 87
27 92
27 162
27 190
27 201
27 214
28 140
28 148
28 173
28 183
28 225
28 236
28 271
29 81
29 148
29 182
29 205
29 210
29 231
29 250
29 261
29 275
30 37
30 126
30 243
31 65
31 96
31 106
31 149
31 199
31 243
31 246
31 295
32 40
32 46
32 149
32 186
32 187
32 263
32 289
32 295
33 203
33 247
33 268
33 271
34 119
34 166
34 169
34 171
34 178
34 204
34 235
34 249
34 255
35 58
35 76
35 86
35 98
35 107
35 114
35 139
35 178
35 249
36 70
36 114
36 137
36 201
36 216
36 239
36 242
36 295
37 38
37 42
37 44
37 78
37 122
37 156
37 173
37 206
37 295
38 60
38 156
38 193
38 221
39 95
39 111
39 149
39 152
39 166
39 171
39 181
39 275
40 81
40 88
40 119
40 127
40 142
40 152
40 160
40 164
40 180
40 216
40 236
40 245
40 263
40 276
40 279
40 284
40 294
41 69
41 81
41 117
41 124
41 128
41 182
41 199
41 209
42 50
42 75
42 93
42 207
42 240
42 292
43 60
43 120
43 179
43 210
43 246
43 248
43 273
44 45
44 57
44 103
44 134
44 153
44 179
44 182
44 240
44 260
44 290
45 62
45 106
45 119
45 154
45 168
45 169
45 178
45 200
45 204
45 214
45 275
46 58
46 65
46 90
46 91
46 175
46 201
46 249
46 260
47 154
47 164
47 182
47 189
47 231
47 251
47 281
47 282
48 66
48 70
48 108
48 174
48 178
48 189
48 199
48 206
48 220
48 251
49 57
49 84
49 86
49 176
49 235
49 279
50 60
50 73
50 189
51 58
51 81
51 85
51 91
51 94
51 216
51 229
51 262
51 270
51 290
52 127
52 155
52 165
52 174
52 224
53 123
53 163
53 166
53 167
53 186
53 260
53 276
54 108
54 123
54 247
54 272
55 155
55 169
55 213
55 250
55 256
55 263
55 275
55 277
56 72
56 82
56 113
56 155
56 156
56 165
56 167
56 188
56 189
56 190
56 235
56 297
56 298
57 62
57 98
57 178
57 221
57 225
57 266
57 290
58 61
58 63
58 77
58 91
58 104
58 189
58 230
58 237
58 261
58 277
58 297
59 79
59 88
59 93
59 116
59 123
59 139
59 150
59 159
59 176
59 241
59 247
59 254
59 275
60 127
60 139
60 141
60 166
60 198
60 274
60 298
61 66
61 111
61 173
61 174
61 194
61 243
61 264
62 133
62 172
62 173
62 174
62 227
62 272
62 299
63 126
63 173
63 201
63 243
63 285
63 289
64 114
64 160
64 162
64 225
64 239
64 246
64 299
65 96
65 113
65 140
65 178
65 216
65 238
65 246
65 250
66 106
66 149
66 208
66 235
66 267
66 270
66 286
67 146
67 172
67 174
67 220
67 242
67 256
67 273
67 274
67 279
68 75
68 118
68 121
68 186
68 201
68 203
68 228
68 229
68 238
69 98
69 136
69 176
69 182
69 183
69 187
69 235
69 277
69 289
70 106
70 227
70 233
71 105
71 209
71 244
71 256
71 282
72 84
72 186
72 234
72 274
73 104
73 121
73 179
73 183
73 186
73 275
73 282
73 284
74 83
74 127
74 162
74 243
74 292
75 97
75 122
75 195
75 233
75 243
76 122
76 123
76 131
76 144
76 157
76 183
76 212
76 214
76 215
76 241
76 266
76 284
76 298
77 85
77 96
77 197
77 286
78 111
78 123
78 230
78 249
78 263
78 265
79 109
79 138
79 149
79 169
79 183
79 291
80 162
80 183
80 194
80 216
80 221
80 246
80 275
80 288
81 133
82 111
82 143
82 170
82 215
82 222
82 228
83 143
83 169
83 219
84 138
84 191
84 218
84 236
84 295
85 293
86 92
86 131
86 167
86 174
86 243
86 246
86 264
87 131
87 164
87 194
87 225
87 243
88 98
88 101
88 127
88 155
88 158
88 160
88 164
88 173
88 186
88 216
88 222
88 245
88 256
88 285
88 294
89 207
89 251
89 260
89 297
89 298
90 147
90 245
90 249
90 257
91 118
91 176
91 223
91 236
92 148
92 174
93 132
93 141
93 158
93 218
93 221
93 253
93 289
94 101
94 128
94 184
94 221
94 263
95 121
95 135
95 136
95 163
95 177
95 290
96 143
96 156
96 178
96 216
96 279
97 140
97 148
97 210
97 245
97 289
98 150
98 154
98 193
99 109
99 120
99 133
99 185
99 192
99 240
99 297
100 197
100 285
101 243
102 117
102 144
102 158
102 292
103 112
103 139
103 162
103 171
103 211
104 157
104 202
104 277
105 158
106 151
106 187
106 231
106 280
107 154
107 178
107 181
107 290
108 117
108 129
108 166
108 281
109 115
109 127
109 186
109 260
109 275
110 159
110 254
110 260
111 180
111 227
111 229
111 279
112 261
112 281
112 299
113 131
113 159
113 231
113 266
114 144
114 241
114 252
114 265
114 275
115 193
115 201
115 246
115 265
115 298
116 172
116 176
116 224
116 234
116 237
116 241
116 246
117 187
117 188
117 198
117 228
117 294
118 136
118 237
118 275
118 295
119 149
119 186
119 213
120 129
120 132
120 168
121 124
121 201
122 146
122 162
122 164
122 239
122 247
122 256
122 273
123 181
123 191
123 203
123 260
124 231
124 267
124 281
124 282
125 176
125 216
125 256
125 284
126 209
126 248
126 268
126 276
126 285
127 129
127 160
127 164
127 216
127 241
127 245
127 291
127 294
127 296
127 298
128 137
128 142
128 146
128 293
129 146
129 211
129 213
129 261
129 270
129 271
130 140
130 187
130 203
130 231
130 237
130 266
130 277
131 144
131 151
131 182
131 205
131 208
131 210
131 224
131 244
132 193
132 232
132 282
132 299
133 178
133 179
133 224
133 294
134 150
134 205
134 268
134 283
134 288
135 163
135 244
135 248
136 165
136 261
136 289
137 149
137 189
137 240
138 145
138 147
138 149
138 183
138 189
138 246
138 250
139 206
139 210
139 212
139 254
139 275
140 160
140 169
140 213
140 254
141 146
141 175
141 184
141 195
141 223
141 243
142 158
142 160
142 233
142 253
143 192
143 217
144 164
144 204
145 161
145 194
145 243
145 286
146 148
146 150
147 179
147 208
147 261
148 177
148 199
148 214
148 223
148 253
148 286
149 191
149 219
149 222
149 272
149 280
150 183
150 212
150 253
150 268
150 294
151 178
151 213
151 250
151 257
152 216
152 262
153 194
153 231
153 239
153 254
154 231
154 273
155 186
155 188
155 198
155 214
155 226
156 192
156 206
156 214
156 221
156 238
156 250
156 257
156 263
156 270
158 176
158 208
158 225
158 241
158 289
158 292
159 268
160 164
160 192
160 193
160 216
160 233
160 245
160 247
160 294
161 279
162 234
162 257
162 266
162 269
162 280
163 249
163 261
164 216
164 245
164 248
164 275
164 280
164 294
165 285
165 291
165 298
166 169
166 249
166 275
167 207
167 222
167 247
167 257
167 274
168 199
169 192
169 210
169 232
169 241
170 189
170 212
170 243
170 272
170 279
171 176
171 234
172 220
172 263
172 290
173 191
173 238
173 276
174 234
175 190
175 200
175 220
175 230
175 246
175 258
175 278
176 234
176 248
178 182
178 205
178 228
178 262
178 267
179 182
179 218
179 219
180 190
180 246
180 295
180 297
181 213
181 214
181 218
181 239
181 267
182 215
182 231
182 285
182 287
183 209
183 228
183 277
184 294
186 208
186 250
186 254
186 279
186 287
187 215
187 216
188 247
188 294
188 295
189 224
190 227
190 245
190 268
191 221
191 244
191 288
192 205
192 231
192 239
192 280
192 289
193 226
193 243
193 280
194 248
194 264
194 266
194 272
195 198
195 273
196 199
196 231
197 264
197 276
197 285
198 247
198 252
198 255
198 279
199 205
199 240
200 221
200 227
200 250
200 268
201 204
201 239
201 271
201 272
201 287
201 295
202 250
202 260
204 222
204 262
204 264
205 264
205 299
206 235
207 225
207 256
207 277
208 250
209 296
210 218
210 231
210 270
211 246
211 259
211 278
212 223
212 285
215 231
215 279
216 219
216 245
216 259
216 294
217 265
217 269
219 225
219 240
222 253
222 274
223 259
223 289
224 248
224 257
226 275
226 299
227 238
227 265
230 236
230 254
230 272
231 237
231 239
231 260
232 247
232 251
232 291
233 258
233 288
233 298
234 266
235 237
235 288
236 283
238 267
240 264
240 275
241 276
242 298
243 244
243 278
243 279
244 253
244 261
245 294
246 257
248 265
248 284
249 292
249 293
250 277
252 281
252 295
252 297
253 282
253 297
254 286
257 272
258 296
262 273
263 269
263 293
263 296
267 273
268 280
268 297
268 298
269 274
269 275
269 284
270 272
273 287
274 285
279 298
281 283
281 294
285 289
286 299
287 297
289 292
296 297
