300 13658
0 2
0 4
0 7
0 8
0 11
0 15
0 20
0 22
0 25
0 30
0 33
0 35
0 36
0 40
0 42
0 43
0 45
0 46
0 49
0 50
0 52
0 53
0 62
0 63
0 64
0 67
0 70
0 74
0 84
0 86
0 87
0 88
0 92
0 96
0 97
0 98
0 100
0 102
0 105
0 111
0 112
0 115
0 118
0 120
0 123
0 128
0 139
0 140
0 141
0 143
0 144
0 145
0 148
0 149
0 150
0 156
0 157
0 159
0 160
0 164
0 168
0 178
0 183
0 189
0 192
0 199
0 202
0 207
0 208
0 210
0 211
0 214
0 219
0 220
0 221
0 226
0 229
0 232
0 233
0 236
0 237
0 238
0 242
0 244
0 256
0 258
0 259
0 262
0 266
0 273
0 277
0 292
0 294
1 4
1 9
1 19
1 21
1 32
1 38
1 46
1 47
1 50
1 51
1 57
1 61
1 68
1 73
1 74
1 78
1 82
1 83
1 88
1 93
1 98
1 99
1 104
1 106
1 109
1 111
1 113
1 115
1 116
1 121
1 123
1 126
1 130
1 131
1 133
1 135
1 136
1 138
1 140
1 141
1 145
1 151
1 152
1 154
1 161
1 164
1 168
1 169
1 172
1 175
1 180
1 182
1 183
1 184
1 185
1 186
1 191
1 192
1 196
1 197
1 198
1 199
1 203
1 206
1 209
1 212
1 215
1 219
1 220
1 221
1 224
1 225
1 234
1 235
1 243
1 247
1 250
1 251
1 252
1 260
1 261
1 262
1 266
1 275
1 276
1 280
1 281
1 283
1 287
1 290
1 293
1 296
1 297
1 298
1 299
2 5
2 10
2 12
2 21
2 23
2 26
2 28
2 30
2 31
2 41
2 42
2 45
2 47
2 48
2 52
2 54
2 55
2 60
2 64
2 65
2 69
2 77
2 81
2 84
2 87
2 89
2 92
2 93
2 95
2 99
2 116
2 118
2 132
2 133
2 134
2 140
2 149
2 151
2 153
2 162
2 174
2 176
2 177
2 178
2 179
2 180
2 181
2 184
2 185
2 186
2 187
2 190
2 191
2 192
2 193
2 194
2 196
2 200
2 201
2 202
2 205
2 214
2 216
2 217
2 220
2 221
2 223
2 226
2 230
2 239
2 242
2 247
2 252
2 253
2 256
2 258
2 260
2 268
2 277
2 281
2 285
2 290
2 291
2 298
2 299
3 12
3 13
3 17
3 22
3 25
3 30
3 33
3 34
3 38
3 40
3 45
3 47
3 48
3 57
3 59
3 61
3 62
3 64
3 67
3 71
3 73
3 77
3 83
3 89
3 91
3 92
3 95
3 96
3 104
3 105
3 106
3 107
3 110
3 112
3 116
3 117
3 118
3 126
3 129
3 135
3 141
3 144
3 152
3 157
3 158
3 160
3 161
3 162
3 163
3 166
3 168
3 169
3 172
3 177
3 178
3 185
3 186
3 189
3 190
3 191
3 194
3 196
3 198
3 199
3 205
3 207
3 208
3 210
3 216
3 219
3 223
3 224
3 229
3 232
3 240
3 246
3 250
3 251
3 252
3 260
3 261
3 264
3 265
3 266
3 270
3 274
3 275
3 289
3 290
3 292
3 295
3 297
3 299
4 5
4 10
4 13
4 22
4 25
4 26
4 31
4 42
4 43
4 45
4 52
4 55
4 56
4 62
4 65
4 68
4 70
4 75
4 77
4 87
4 88
4 89
4 92
4 100
4 109
4 110
4 113
4 115
4 119
4 120
4 121
4 124
4 125
4 127
4 128
4 133
4 134
4 137
4 142
4 145
4 146
4 147
4 153
4 155
4 161
4 162
4 171
4 181
4 182
4 183
4 185
4 187
4 196
4 197
4 204
4 205
4 212
4 215
4 220
4 222
4 225
4 232
4 236
4 239
4 240
4 243
4 246
4 247
4 248
4 254
4 258
4 260
4 264
4 269
4 270
4 271
4 275
4 276
4 281
4 286
4 291
4 295
4 296
4 299
5 7
5 13
5 16
5 24
5 29
5 32
5 33
5 34
5 35
5 38
5 43
5 44
5 45
5 48
5 49
5 50
5 51
5 52
5 55
5 58
5 64
5 65
5 66
5 68
5 69
5 70
5 71
5 75
5 84
5 86
5 95
5 96
5 97
5 98
5 102
5 103
5 108
5 109
5 110
5 111
5 113
5 142
5 147
5 148
5 153
5 154
5 155
5 159
5 162
5 169
5 172
5 176
5 177
5 178
5 181
5 186
5 188
5 189
5 191
5 193
5 199
5 210
5 212
5 213
5 214
5 218
5 219
5 228
5 231
5 232
5 233
5 234
5 235
5 237
5 240
5 241
5 249
5 251
5 253
5 255
5 259
5 262
5 264
5 270
5 274
5 282
5 283
5 286
5 288
5 292
5 296
6 8
6 9
6 11
6 12
6 17
6 18
6 21
6 23
6 29
6 33
6 37
6 45
6 51
6 57
6 63
6 64
6 66
6 67
6 68
6 72
6 73
6 77
6 83
6 87
6 90
6 91
6 103
6 104
6 105
6 107
6 109
6 113
6 115
6 118
6 119
6 125
6 128
6 135
6 136
6 137
6 138
6 141
6 147
6 148
6 149
6 151
6 152
6 154
6 156
6 157
6 160
6 162
6 164
6 165
6 168
6 170
6 177
6 178
6 179
6 181
6 183
6 184
6 187
6 189
6 198
6 200
6 201
6 204
6 205
6 207
6 211
6 214
6 215
6 223
6 241
6 245
6 251
6 253
6 254
6 257
6 259
6 260
6 261
6 262
6 263
6 264
6 265
6 267
6 271
6 273
6 275
6 279
6 281
6 282
6 285
6 286
6 292
6 299
7 13
7 17
7 18
7 19
7 20
7 27
7 28
7 29
7 32
7 33
7 34
7 40
7 49
7 51
7 52
7 60
7 66
7 69
7 70
7 76
7 79
7 82
7 84
7 89
7 91
7 97
7 98
7 105
7 106
7 109
7 113
7 116
7 117
7 126
7 128
7 135
7 136
7 139
7 141
7 147
7 149
7 150
7 155
7 156
7 158
7 160
7 168
7 170
7 184
7 186
7 191
7 192
7 199
7 200
7 201
7 204
7 205
7 214
7 224
7 231
7 235
7 236
7 252
7 257
7 262
7 264
7 268
7 269
7 271
7 273
7 280
7 281
7 282
7 284
7 287
7 288
7 291
7 299
8 11
8 14
8 18
8 19
8 23
8 25
8 27
8 29
8 32
8 37
8 40
8 43
8 50
8 51
8 54
8 58
8 60
8 71
8 75
8 77
8 79
8 81
8 82
8 83
8 88
8 95
8 97
8 104
8 112
8 116
8 117
8 118
8 120
8 145
8 148
8 152
8 158
8 159
8 161
8 163
8 166
8 171
8 172
8 176
8 190
8 192
8 195
8 197
8 200
8 204
8 205
8 206
8 208
8 210
8 213
8 222
8 224
8 225
8 226
8 227
8 235
8 236
8 237
8 249
8 257
8 258
8 259
8 261
8 263
8 264
8 266
8 268
8 270
8 271
8 274
8 275
8 276
8 280
8 283
8 284
8 287
8 289
8 296
9 11
9 13
9 15
9 18
9 20
9 27
9 33
9 34
9 35
9 40
9 43
9 45
9 50
9 54
9 56
9 61
9 66
9 68
9 72
9 76
9 87
9 88
9 90
9 91
9 94
9 95
9 101
9 104
9 110
9 116
9 118
9 120
9 122
9 125
9 127
9 130
9 132
9 133
9 145
9 148
9 152
9 159
9 160
9 166
9 167
9 169
9 170
9 178
9 179
9 181
9 193
9 197
9 200
9 201
9 207
9 208
9 210
9 225
9 228
9 233
9 244
9 249
9 251
9 252
9 259
9 262
9 266
9 267
9 273
9 274
9 276
9 279
9 280
9 284
9 285
9 289
9 290
9 291
9 292
9 293
9 294
9 298
9 299
10 12
10 15
10 19
10 21
10 25
10 28
10 29
10 31
10 33
10 37
10 38
10 41
10 43
10 45
10 46
10 47
10 54
10 55
10 64
10 65
10 66
10 70
10 71
10 72
10 76
10 77
10 79
10 80
10 82
10 83
10 84
10 88
10 89
10 90
10 94
10 101
10 102
10 105
10 107
10 108
10 111
10 114
10 116
10 118
10 120
10 132
10 138
10 144
10 145
10 150
10 151
10 156
10 163
10 166
10 169
10 171
10 175
10 176
10 179
10 180
10 186
10 189
10 190
10 198
10 199
10 201
10 202
10 203
10 204
10 206
10 207
10 208
10 213
10 216
10 220
10 221
10 224
10 228
10 233
10 234
10 235
10 242
10 248
10 249
10 256
10 259
10 264
10 265
10 266
10 275
10 276
10 279
10 282
10 287
10 289
10 295
11 13
11 21
11 22
11 31
11 33
11 35
11 38
11 39
11 41
11 42
11 43
11 48
11 57
11 58
11 59
11 61
11 63
11 67
11 75
11 78
11 79
11 80
11 88
11 93
11 100
11 105
11 106
11 109
11 115
11 116
11 118
11 124
11 125
11 128
11 129
11 132
11 135
11 142
11 152
11 153
11 157
11 161
11 166
11 167
11 171
11 172
11 175
11 177
11 182
11 188
11 189
11 190
11 191
11 202
11 204
11 205
11 212
11 216
11 218
11 222
11 226
11 227
11 229
11 238
11 241
11 247
11 248
11 249
11 250
11 252
11 256
11 261
11 262
11 263
11 267
11 268
11 269
11 271
11 274
11 275
11 276
11 279
11 280
11 285
11 286
11 290
11 292
11 295
11 297
12 15
12 21
12 25
12 26
12 27
12 29
12 30
12 31
12 35
12 39
12 40
12 45
12 49
12 51
12 54
12 58
12 61
12 71
12 72
12 73
12 84
12 93
12 96
12 98
12 100
12 101
12 102
12 104
12 105
12 108
12 115
12 121
12 124
12 127
12 138
12 143
12 147
12 148
12 150
12 153
12 163
12 166
12 168
12 173
12 174
12 175
12 179
12 189
12 193
12 195
12 197
12 199
12 201
12 202
12 204
12 205
12 212
12 216
12 217
12 219
12 220
12 224
12 225
12 229
12 237
12 238
12 239
12 241
12 245
12 247
12 249
12 254
12 260
12 263
12 266
12 268
12 271
12 272
12 274
12 275
12 281
12 285
12 286
12 289
12 291
12 294
12 298
13 15
13 16
13 17
13 18
13 21
13 23
13 27
13 30
13 31
13 38
13 39
13 42
13 45
13 46
13 50
13 52
13 53
13 56
13 57
13 60
13 62
13 69
13 70
13 74
13 81
13 82
13 86
13 87
13 93
13 95
13 98
13 106
13 111
13 114
13 119
13 132
13 134
13 136
13 137
13 140
13 143
13 146
13 151
13 158
13 160
13 164
13 167
13 175
13 192
13 195
13 198
13 200
13 201
13 206
13 212
13 214
13 215
13 216
13 217
13 218
13 221
13 223
13 236
13 238
13 239
13 242
13 243
13 246
13 247
13 249
13 253
13 259
13 266
13 278
13 280
13 283
13 284
13 287
13 289
13 290
13 291
13 292
13 296
13 299
14 23
14 27
14 28
14 29
14 30
14 34
14 36
14 38
14 39
14 40
14 41
14 42
14 51
14 52
14 57
14 62
14 68
14 69
14 74
14 78
14 79
14 82
14 86
14 87
14 89
14 91
14 93
14 98
14 105
14 110
14 111
14 113
14 121
14 122
14 124
14 126
14 132
14 135
14 141
14 144
14 146
14 150
14 152
14 154
14 156
14 160
14 162
14 164
14 167
14 168
14 179
14 181
14 184
14 185
14 189
14 193
14 196
14 198
14 205
14 207
14 209
14 214
14 218
14 220
14 221
14 226
14 228
14 231
14 234
14 243
14 248
14 249
14 251
14 253
14 259
14 260
14 263
14 268
14 269
14 271
14 279
14 281
14 284
14 285
14 286
14 290
14 292
14 294
14 298
14 299
15 16
15 22
15 26
15 29
15 32
15 35
15 38
15 40
15 42
15 46
15 47
15 49
15 59
15 61
15 62
15 68
15 69
15 70
15 71
15 75
15 78
15 79
15 80
15 88
15 89
15 93
15 100
15 102
15 103
15 105
15 106
15 107
15 108
15 110
15 111
15 113
15 117
15 120
15 125
15 126
15 128
15 129
15 130
15 132
15 140
15 145
15 149
15 160
15 162
15 166
15 167
15 169
15 170
15 172
15 174
15 177
15 184
15 185
15 187
15 192
15 199
15 203
15 204
15 210
15 211
15 212
15 215
15 216
15 218
15 223
15 225
15 226
15 230
15 232
15 235
15 236
15 239
15 240
15 244
15 245
15 246
15 249
15 253
15 255
15 261
15 268
15 274
15 277
15 280
15 282
15 283
15 284
15 296
16 21
16 23
16 24
16 30
16 32
16 35
16 38
16 43
16 51
16 58
16 62
16 66
16 68
16 70
16 77
16 80
16 81
16 82
16 84
16 85
16 87
16 91
16 100
16 104
16 107
16 108
16 110
16 111
16 117
16 130
16 134
16 140
16 144
16 145
16 151
16 152
16 162
16 165
16 167
16 171
16 176
16 179
16 180
16 181
16 185
16 186
16 192
16 195
16 196
16 197
16 203
16 205
16 206
16 208
16 211
16 212
16 214
16 216
16 219
16 221
16 224
16 226
16 227
16 232
16 235
16 237
16 242
16 246
16 249
16 250
16 251
16 256
16 257
16 259
16 261
16 262
16 281
16 283
16 284
16 291
16 295
16 297
16 299
17 19
17 21
17 25
17 32
17 33
17 35
17 49
17 56
17 57
17 58
17 59
17 62
17 63
17 65
17 69
17 77
17 81
17 85
17 86
17 89
17 90
17 92
17 93
17 96
17 97
17 112
17 117
17 118
17 120
17 122
17 124
17 127
17 131
17 133
17 135
17 136
17 137
17 138
17 139
17 140
17 145
17 151
17 158
17 159
17 160
17 162
17 163
17 173
17 181
17 193
17 194
17 196
17 197
17 198
17 209
17 212
17 215
17 220
17 221
17 222
17 224
17 225
17 228
17 229
17 230
17 231
17 232
17 233
17 236
17 237
17 238
17 240
17 241
17 242
17 244
17 246
17 248
17 249
17 253
17 254
17 258
17 260
17 262
17 263
17 270
17 274
17 276
17 280
17 284
17 289
17 291
17 293
17 295
17 296
17 297
18 19
18 23
18 24
18 30
18 31
18 38
18 49
18 50
18 56
18 69
18 70
18 76
18 79
18 84
18 86
18 92
18 95
18 99
18 105
18 107
18 109
18 116
18 121
18 122
18 123
18 124
18 128
18 130
18 131
18 138
18 139
18 144
18 146
18 147
18 148
18 155
18 160
18 162
18 165
18 166
18 173
18 177
18 181
18 182
18 187
18 189
18 191
18 192
18 204
18 215
18 218
18 219
18 221
18 224
18 225
18 226
18 228
18 231
18 234
18 235
18 236
18 246
18 249
18 256
18 258
18 259
18 260
18 262
18 266
18 267
18 272
18 273
18 279
18 283
18 286
18 293
18 294
18 299
19 22
19 23
19 25
19 27
19 28
19 32
19 38
19 41
19 44
19 49
19 56
19 60
19 61
19 68
19 69
19 70
19 71
19 74
19 77
19 78
19 83
19 85
19 88
19 90
19 92
19 93
19 94
19 95
19 96
19 99
19 100
19 107
19 108
19 110
19 113
19 115
19 117
19 118
19 121
19 123
19 128
19 130
19 135
19 136
19 142
19 144
19 147
19 156
19 157
19 161
19 162
19 166
19 168
19 169
19 172
19 174
19 182
19 183
19 185
19 187
19 192
19 194
19 195
19 197
19 201
19 204
19 205
19 211
19 213
19 217
19 218
19 219
19 223
19 236
19 244
19 245
19 246
19 250
19 251
19 252
19 261
19 266
19 272
19 273
19 274
19 275
19 277
19 282
19 283
19 288
19 290
19 291
19 296
19 298
19 299
20 22
20 31
20 36
20 42
20 43
20 45
20 47
20 50
20 51
20 56
20 58
20 66
20 68
20 78
20 82
20 84
20 91
20 93
20 99
20 105
20 114
20 117
20 119
20 120
20 127
20 130
20 133
20 134
20 139
20 141
20 144
20 146
20 151
20 153
20 157
20 169
20 170
20 173
20 182
20 184
20 186
20 191
20 193
20 195
20 200
20 202
20 203
20 204
20 211
20 216
20 218
20 221
20 223
20 224
20 225
20 232
20 235
20 240
20 241
20 243
20 244
20 245
20 246
20 248
20 249
20 250
20 254
20 256
20 260
20 261
20 263
20 265
20 266
20 267
20 269
20 272
20 274
20 276
20 282
20 287
20 289
20 291
20 297
20 299
21 22
21 25
21 27
21 29
21 30
21 31
21 33
21 35
21 37
21 40
21 46
21 47
21 51
21 65
21 67
21 72
21 74
21 75
21 78
21 80
21 81
21 90
21 94
21 97
21 101
21 102
21 105
21 106
21 108
21 111
21 113
21 115
21 120
21 121
21 122
21 126
21 127
21 129
21 133
21 134
21 135
21 136
21 139
21 140
21 141
21 142
21 154
21 155
21 164
21 166
21 172
21 178
21 181
21 182
21 184
21 187
21 192
21 193
21 194
21 196
21 202
21 204
21 209
21 210
21 214
21 216
21 221
21 222
21 223
21 226
21 238
21 243
21 246
21 259
21 265
21 269
21 270
21 274
21 276
21 277
21 278
21 279
21 284
21 286
21 293
21 297
21 298
22 23
22 24
22 28
22 31
22 32
22 33
22 37
22 38
22 41
22 44
22 49
22 50
22 55
22 62
22 65
22 72
22 73
22 76
22 77
22 82
22 83
22 84
22 87
22 89
22 90
22 93
22 94
22 96
22 98
22 104
22 107
22 111
22 116
22 118
22 122
22 123
22 138
22 140
22 144
22 151
22 158
22 159
22 160
22 162
22 164
22 166
22 168
22 172
22 173
22 175
22 179
22 189
22 196
22 199
22 202
22 203
22 205
22 206
22 207
22 210
22 221
22 222
22 225
22 231
22 240
22 241
22 250
22 252
22 254
22 256
22 259
22 262
22 263
22 265
22 267
22 270
22 273
22 276
22 278
22 280
22 281
22 283
22 287
22 290
22 291
22 297
22 298
23 28
23 35
23 41
23 43
23 47
23 52
23 57
23 61
23 62
23 67
23 78
23 79
23 80
23 82
23 84
23 85
23 87
23 95
23 100
23 103
23 107
23 113
23 117
23 121
23 123
23 125
23 127
23 133
23 136
23 138
23 139
23 149
23 150
23 152
23 155
23 159
23 163
23 166
23 167
23 175
23 176
23 177
23 179
23 180
23 183
23 190
23 202
23 203
23 206
23 217
23 218
23 219
23 223
23 224
23 225
23 228
23 230
23 231
23 237
23 240
23 246
23 247
23 249
23 250
23 254
23 255
23 259
23 260
23 264
23 272
23 274
23 275
23 279
23 280
23 281
23 289
23 291
23 297
23 299
24 34
24 36
24 37
24 38
24 45
24 46
24 48
24 51
24 54
24 59
24 63
24 64
24 68
24 71
24 78
24 79
24 81
24 83
24 84
24 85
24 89
24 90
24 101
24 106
24 109
24 114
24 119
24 122
24 124
24 126
24 134
24 141
24 146
24 147
24 148
24 149
24 150
24 151
24 152
24 153
24 154
24 155
24 158
24 162
24 164
24 168
24 172
24 173
24 174
24 177
24 180
24 186
24 192
24 197
24 201
24 205
24 206
24 212
24 218
24 220
24 221
24 222
24 229
24 231
24 233
24 240
24 245
24 253
24 259
24 260
24 261
24 262
24 263
24 267
24 271
24 289
24 292
24 294
24 297
24 298
25 26
25 31
25 34
25 36
25 50
25 54
25 56
25 59
25 62
25 65
25 67
25 70
25 71
25 73
25 74
25 76
25 81
25 83
25 85
25 86
25 87
25 89
25 91
25 92
25 93
25 96
25 97
25 99
25 101
25 103
25 121
25 124
25 138
25 140
25 141
25 151
25 153
25 154
25 157
25 158
25 162
25 164
25 167
25 173
25 174
25 176
25 179
25 185
25 190
25 192
25 194
25 196
25 197
25 198
25 207
25 208
25 210
25 216
25 221
25 225
25 228
25 230
25 238
25 242
25 243
25 247
25 249
25 258
25 262
25 265
25 268
25 269
25 273
25 275
25 276
25 281
25 283
25 285
25 286
25 288
25 297
26 28
26 32
26 35
26 37
26 38
26 39
26 40
26 41
26 43
26 44
26 47
26 50
26 54
26 55
26 56
26 58
26 63
26 64
26 66
26 80
26 82
26 91
26 93
26 95
26 96
26 97
26 98
26 101
26 102
26 110
26 111
26 116
26 119
26 120
26 122
26 127
26 137
26 140
26 144
26 145
26 146
26 151
26 152
26 160
26 164
26 165
26 168
26 170
26 173
26 174
26 181
26 186
26 191
26 199
26 200
26 208
26 214
26 215
26 220
26 221
26 224
26 225
26 237
26 247
26 248
26 249
26 250
26 251
26 252
26 253
26 254
26 257
26 261
26 262
26 270
26 271
26 275
26 276
26 282
26 285
26 291
26 292
26 293
26 295
26 298
27 28
27 33
27 34
27 39
27 41
27 54
27 55
27 61
27 70
27 76
27 78
27 80
27 81
27 89
27 90
27 91
27 95
27 97
27 98
27 104
27 117
27 120
27 124
27 125
27 128
27 135
27 137
27 139
27 146
27 147
27 149
27 151
27 152
27 154
27 155
27 156
27 157
27 166
27 168
27 170
27 181
27 185
27 186
27 187
27 188
27 193
27 194
27 196
27 197
27 203
27 204
27 212
27 213
27 217
27 218
27 219
27 220
27 222
27 223
27 224
27 225
27 227
27 229
27 239
27 242
27 244
27 249
27 251
27 255
27 257
27 260
27 264
27 271
27 273
27 275
27 277
27 278
27 279
27 281
27 285
27 289
27 295
27 297
28 32
28 33
28 35
28 41
28 45
28 48
28 49
28 51
28 52
28 54
28 56
28 60
28 72
28 73
28 80
28 81
28 82
28 84
28 91
28 93
28 96
28 98
28 105
28 115
28 116
28 117
28 119
28 121
28 128
28 131
28 133
28 138
28 140
28 142
28 143
28 149
28 153
28 160
28 161
28 169
28 170
28 173
28 178
28 180
28 182
28 183
28 188
28 189
28 191
28 192
28 194
28 200
28 202
28 207
28 211
28 212
28 215
28 216
28 219
28 224
28 225
28 226
28 232
28 239
28 240
28 241
28 243
28 244
28 246
28 251
28 256
28 257
28 260
28 263
28 266
28 279
28 286
28 287
28 290
28 291
28 298
28 299
29 39
29 44
29 45
29 49
29 52
29 57
29 67
29 68
29 71
29 73
29 76
29 82
29 84
29 85
29 90
29 91
29 112
29 114
29 124
29 126
29 128
29 129
29 140
29 142
29 144
29 148
29 153
29 154
29 156
29 158
29 162
29 168
29 171
29 172
29 176
29 177
29 179
29 180
29 183
29 185
29 187
29 188
29 190
29 196
29 203
29 204
29 209
29 218
29 225
29 227
29 228
29 231
29 233
29 235
29 241
29 243
29 250
29 254
29 255
29 259
29 260
29 265
29 267
29 269
29 273
29 284
29 290
29 294
29 295
30 37
30 39
30 44
30 48
30 52
30 53
30 63
30 65
30 70
30 71
30 73
30 78
30 79
30 84
30 86
30 91
30 93
30 100
30 109
30 112
30 118
30 120
30 123
30 124
30 127
30 129
30 131
30 133
30 135
30 136
30 138
30 139
30 140
30 143
30 148
30 149
30 151
30 152
30 154
30 158
30 159
30 161
30 166
30 167
30 184
30 192
30 193
30 196
30 200
30 209
30 212
30 214
30 219
30 223
30 225
30 231
30 232
30 235
30 239
30 240
30 243
30 244
30 249
30 250
30 251
30 253
30 259
30 263
30 272
30 273
30 276
30 281
30 285
30 294
30 296
30 297
31 42
31 43
31 44
31 48
31 49
31 50
31 51
31 53
31 55
31 58
31 61
31 62
31 64
31 69
31 71
31 76
31 82
31 86
31 87
31 95
31 102
31 110
31 111
31 113
31 121
31 122
31 123
31 128
31 129
31 130
31 135
31 137
31 142
31 145
31 147
31 151
31 152
31 155
31 159
31 160
31 163
31 168
31 172
31 174
31 177
31 183
31 186
31 189
31 193
31 196
31 198
31 201
31 208
31 211
31 212
31 215
31 217
31 219
31 224
31 226
31 230
31 244
31 246
31 247
31 251
31 253
31 256
31 261
31 265
31 270
31 272
31 274
31 277
31 288
31 295
31 297
31 298
31 299
32 33
32 36
32 37
32 50
32 56
32 58
32 62
32 63
32 65
32 66
32 68
32 69
32 74
32 78
32 79
32 81
32 83
32 84
32 88
32 91
32 92
32 93
32 95
32 96
32 99
32 105
32 109
32 111
32 113
32 118
32 122
32 124
32 125
32 131
32 133
32 135
32 140
32 141
32 151
32 152
32 153
32 156
32 160
32 162
32 164
32 167
32 172
32 173
32 176
32 177
32 180
32 184
32 185
32 191
32 192
32 194
32 197
32 200
32 201
32 202
32 203
32 208
32 211
32 218
32 220
32 221
32 223
32 227
32 233
32 234
32 239
32 241
32 243
32 248
32 251
32 254
32 256
32 257
32 259
32 261
32 262
32 281
32 283
32 284
32 286
32 287
32 288
32 290
32 291
32 292
32 293
32 297
32 298
33 36
33 37
33 38
33 41
33 42
33 43
33 59
33 62
33 63
33 64
33 68
33 70
33 73
33 76
33 78
33 79
33 81
33 89
33 95
33 102
33 103
33 107
33 109
33 112
33 113
33 114
33 115
33 124
33 131
33 136
33 144
33 145
33 146
33 148
33 153
33 156
33 162
33 164
33 165
33 167
33 175
33 176
33 178
33 182
33 184
33 197
33 201
33 203
33 206
33 211
33 213
33 214
33 225
33 233
33 234
33 242
33 245
33 246
33 250
33 252
33 258
33 267
33 270
33 271
33 273
33 274
33 275
33 277
33 283
33 286
33 288
33 291
33 296
34 35
34 40
34 41
34 49
34 50
34 51
34 59
34 60
34 61
34 63
34 68
34 71
34 72
34 73
34 77
34 79
34 83
34 84
34 88
34 99
34 103
34 106
34 109
34 113
34 120
34 123
34 124
34 125
34 126
34 129
34 131
34 134
34 137
34 143
34 147
34 148
34 150
34 151
34 153
34 154
34 173
34 177
34 183
34 195
34 196
34 199
34 200
34 201
34 211
34 212
34 221
34 222
34 223
34 225
34 226
34 229
34 230
34 232
34 237
34 240
34 246
34 247
34 248
34 254
34 255
34 260
34 262
34 263
34 266
34 267
34 268
34 270
34 276
34 277
34 280
34 290
34 294
34 295
35 37
35 38
35 40
35 41
35 48
35 54
35 55
35 57
35 58
35 64
35 65
35 66
35 71
35 72
35 77
35 79
35 81
35 83
35 84
35 87
35 89
35 90
35 93
35 96
35 97
35 101
35 104
35 109
35 113
35 114
35 115
35 118
35 122
35 124
35 126
35 128
35 132
35 133
35 134
35 136
35 138
35 141
35 144
35 158
35 159
35 160
35 162
35 164
35 165
35 170
35 175
35 177
35 178
35 179
35 180
35 181
35 183
35 189
35 196
35 199
35 203
35 204
35 206
35 212
35 215
35 225
35 227
35 240
35 247
35 248
35 251
35 257
35 262
35 264
35 271
35 278
35 283
35 286
35 287
35 289
35 293
35 296
35 298
35 299
36 38
36 39
36 42
36 44
36 47
36 52
36 54
36 57
36 62
36 67
36 71
36 76
36 81
36 87
36 89
36 92
36 94
36 96
36 100
36 104
36 107
36 110
36 115
36 120
36 121
36 124
36 126
36 130
36 139
36 141
36 142
36 145
36 147
36 152
36 158
36 160
36 166
36 167
36 170
36 171
36 175
36 177
36 179
36 180
36 192
36 193
36 194
36 197
36 199
36 200
36 205
36 212
36 213
36 215
36 217
36 221
36 224
36 225
36 227
36 231
36 232
36 237
36 239
36 240
36 241
36 242
36 243
36 244
36 249
36 251
36 254
36 258
36 259
36 270
36 273
36 276
36 279
36 281
36 283
36 285
36 286
36 291
36 295
37 40
37 43
37 46
37 55
37 58
37 59
37 61
37 64
37 66
37 72
37 73
37 80
37 83
37 88
37 91
37 94
37 99
37 101
37 104
37 106
37 113
37 118
37 121
37 126
37 128
37 131
37 135
37 142
37 144
37 147
37 149
37 150
37 159
37 160
37 166
37 169
37 173
37 175
37 179
37 184
37 187
37 189
37 190
37 192
37 193
37 194
37 195
37 200
37 202
37 203
37 204
37 206
37 207
37 211
37 221
37 222
37 223
37 225
37 227
37 229
37 232
37 237
37 238
37 239
37 240
37 250
37 252
37 255
37 262
37 268
37 271
37 272
37 274
37 275
37 276
37 280
37 281
37 285
37 287
37 289
37 292
37 293
37 298
38 41
38 45
38 46
38 56
38 61
38 65
38 70
38 73
38 74
38 76
38 82
38 92
38 93
38 94
38 95
38 97
38 102
38 104
38 112
38 113
38 114
38 124
38 125
38 126
38 127
38 129
38 130
38 132
38 135
38 136
38 138
38 145
38 149
38 151
38 153
38 158
38 159
38 161
38 162
38 163
38 164
38 167
38 169
38 174
38 177
38 187
38 191
38 199
38 201
38 202
38 204
38 213
38 214
38 219
38 222
38 223
38 225
38 235
38 237
38 238
38 242
38 243
38 244
38 247
38 248
38 249
38 254
38 255
38 259
38 263
38 266
38 274
38 275
38 276
38 277
38 281
38 282
38 284
38 285
38 287
38 291
38 292
39 43
39 44
39 48
39 51
39 55
39 57
39 62
39 68
39 69
39 71
39 82
39 86
39 88
39 92
39 93
39 95
39 96
39 102
39 103
39 106
39 112
39 113
39 118
39 121
39 123
39 124
39 126
39 129
39 130
39 136
39 137
39 142
39 144
39 147
39 149
39 150
39 151
39 152
39 154
39 156
39 157
39 158
39 164
39 176
39 180
39 181
39 182
39 184
39 190
39 192
39 194
39 195
39 205
39 206
39 208
39 215
39 218
39 228
39 229
39 231
39 232
39 234
39 236
39 237
39 244
39 245
39 249
39 254
39 255
39 257
39 265
39 272
39 273
39 274
39 275
39 277
39 282
39 287
39 288
39 291
39 299
40 42
40 43
40 55
40 57
40 63
40 67
40 70
40 71
40 73
40 84
40 87
40 96
40 97
40 100
40 104
40 108
40 109
40 118
40 125
40 128
40 129
40 130
40 131
40 140
40 141
40 143
40 145
40 148
40 152
40 157
40 162
40 163
40 165
40 167
40 168
40 173
40 175
40 177
40 185
40 186
40 188
40 197
40 200
40 203
40 205
40 218
40 219
40 221
40 222
40 228
40 235
40 239
40 240
40 243
40 248
40 252
40 255
40 257
40 261
40 268
40 269
40 270
40 275
40 279
40 281
40 286
40 288
40 291
40 297
40 299
41 47
41 52
41 53
41 61
41 63
41 64
41 65
41 69
41 70
41 72
41 76
41 78
41 82
41 85
41 87
41 89
41 92
41 93
41 94
41 98
41 101
41 107
41 108
41 118
41 119
41 120
41 122
41 125
41 129
41 131
41 133
41 135
41 138
41 143
41 144
41 145
41 147
41 148
41 149
41 154
41 155
41 156
41 157
41 179
41 181
41 183
41 184
41 189
41 194
41 198
41 199
41 202
41 207
41 208
41 214
41 215
41 216
41 217
41 227
41 230
41 238
41 239
41 241
41 244
41 245
41 246
41 248
41 257
41 263
41 267
41 276
41 282
41 283
41 288
41 292
41 294
41 299
42 43
42 45
42 46
42 54
42 56
42 57
42 58
42 62
42 63
42 64
42 66
42 68
42 71
42 75
42 77
42 79
42 82
42 83
42 85
42 89
42 90
42 91
42 95
42 96
42 97
42 102
42 108
42 111
42 112
42 114
42 115
42 117
42 125
42 127
42 130
42 131
42 134
42 137
42 139
42 145
42 146
42 148
42 158
42 159
42 162
42 165
42 168
42 171
42 172
42 173
42 176
42 180
42 191
42 192
42 193
42 195
42 196
42 197
42 199
42 201
42 202
42 203
42 210
42 212
42 214
42 219
42 223
42 225
42 227
42 233
42 240
42 244
42 246
42 248
42 252
42 260
42 262
42 267
42 271
42 285
42 297
43 48
43 49
43 53
43 56
43 64
43 65
43 67
43 70
43 76
43 78
43 81
43 86
43 87
43 90
43 95
43 98
43 100
43 110
43 111
43 114
43 116
43 126
43 128
43 129
43 132
43 136
43 139
43 140
43 141
43 143
43 145
43 148
43 149
43 157
43 160
43 163
43 165
43 166
43 170
43 173
43 180
43 185
43 194
43 208
43 210
43 212
43 213
43 218
43 224
43 230
43 237
43 246
43 251
43 254
43 257
43 259
43 261
43 262
43 265
43 266
43 269
43 271
43 276
43 284
43 287
43 298
44 45
44 51
44 52
44 58
44 63
44 74
44 78
44 79
44 93
44 102
44 108
44 116
44 118
44 123
44 125
44 126
44 133
44 135
44 136
44 137
44 139
44 144
44 145
44 155
44 157
44 159
44 163
44 166
44 168
44 170
44 173
44 180
44 185
44 189
44 190
44 191
44 192
44 201
44 206
44 211
44 213
44 215
44 217
44 223
44 224
44 225
44 226
44 232
44 234
44 239
44 240
44 241
44 243
44 246
44 249
44 250
44 251
44 255
44 257
44 261
44 262
44 267
44 268
44 271
44 274
44 280
44 282
44 283
44 289
44 295
44 296
44 297
44 298
45 46
45 48
45 53
45 60
45 61
45 65
45 67
45 72
45 74
45 81
45 83
45 84
45 85
45 94
45 95
45 99
45 100
45 103
45 105
45 109
45 113
45 116
45 118
45 124
45 126
45 127
45 128
45 129
45 139
45 141
45 145
45 147
45 148
45 149
45 152
45 154
45 162
45 163
45 167
45 169
45 170
45 171
45 177
45 179
45 180
45 181
45 182
45 184
45 185
45 187
45 188
45 189
45 192
45 194
45 207
45 208
45 214
45 216
45 217
45 219
45 221
45 224
45 227
45 231
45 242
45 243
45 248
45 250
45 255
45 256
45 257
45 258
45 260
45 261
45 263
45 269
45 270
45 274
45 276
45 277
45 280
45 295
45 296
45 299
46 47
46 49
46 53
46 54
46 55
46 58
46 59
46 67
46 79
46 81
46 85
46 88
46 92
46 94
46 95
46 100
46 101
46 106
46 109
46 110
46 112
46 113
46 117
46 118
46 120
46 121
46 123
46 125
46 126
46 127
46 130
46 132
46 136
46 137
46 139
46 140
46 141
46 146
46 153
46 159
46 160
46 161
46 163
46 166
46 167
46 171
46 172
46 173
46 181
46 182
46 184
46 186
46 194
46 196
46 200
46 205
46 218
46 219
46 223
46 227
46 230
46 233
46 238
46 246
46 249
46 255
46 257
46 258
46 260
46 261
46 264
46 265
46 272
46 274
46 278
46 279
46 286
46 290
46 294
46 295
46 299
47 48
47 49
47 62
47 64
47 67
47 69
47 72
47 73
47 74
47 77
47 78
47 84
47 89
47 91
47 92
47 93
47 94
47 95
47 96
47 104
47 106
47 109
47 111
47 116
47 121
47 122
47 123
47 127
47 129
47 132
47 135
47 137
47 138
47 139
47 141
47 143
47 156
47 158
47 159
47 160
47 163
47 165
47 168
47 175
47 177
47 178
47 187
47 189
47 191
47 193
47 194
47 196
47 197
47 200
47 203
47 204
47 205
47 206
47 208
47 209
47 210
47 217
47 219
47 222
47 224
47 225
47 228
47 229
47 232
47 233
47 234
47 237
47 238
47 243
47 244
47 247
47 248
47 249
47 257
47 258
47 259
47 264
47 268
47 274
47 275
47 276
47 277
47 279
47 280
47 284
47 287
47 292
48 51
48 53
48 55
48 61
48 62
48 64
48 65
48 68
48 71
48 72
48 75
48 77
48 79
48 89
48 90
48 91
48 93
48 94
48 98
48 102
48 104
48 110
48 114
48 115
48 125
48 129
48 137
48 145
48 148
48 150
48 153
48 160
48 161
48 162
48 165
48 166
48 167
48 171
48 172
48 185
48 186
48 192
48 193
48 196
48 197
48 199
48 207
48 212
48 213
48 216
48 229
48 231
48 232
48 233
48 235
48 243
48 247
48 250
48 260
48 261
48 262
48 267
48 268
48 272
48 275
48 276
48 281
48 283
48 284
48 287
48 290
48 291
48 293
48 294
48 296
48 297
49 50
49 51
49 58
49 59
49 60
49 62
49 65
49 67
49 68
49 69
49 77
49 79
49 81
49 84
49 86
49 90
49 93
49 97
49 101
49 104
49 110
49 111
49 116
49 119
49 125
49 128
49 133
49 136
49 137
49 138
49 144
49 146
49 154
49 158
49 167
49 172
49 176
49 181
49 183
49 184
49 186
49 189
49 190
49 196
49 198
49 199
49 201
49 203
49 208
49 211
49 212
49 217
49 220
49 222
49 228
49 230
49 231
49 234
49 238
49 246
49 247
49 252
49 253
49 256
49 257
49 263
49 284
49 285
49 287
49 288
49 292
49 294
49 296
50 59
50 62
50 63
50 71
50 74
50 76
50 80
50 81
50 86
50 91
50 92
50 94
50 96
50 103
50 106
50 108
50 114
50 118
50 127
50 128
50 130
50 142
50 151
50 158
50 161
50 162
50 166
50 167
50 168
50 170
50 175
50 180
50 185
50 186
50 187
50 188
50 196
50 197
50 199
50 200
50 202
50 206
50 209
50 212
50 219
50 225
50 229
50 233
50 235
50 237
50 249
50 254
50 255
50 261
50 263
50 264
50 268
50 270
50 275
50 276
50 278
50 284
50 285
50 286
50 289
50 297
51 57
51 62
51 64
51 65
51 69
51 72
51 79
51 81
51 89
51 91
51 94
51 104
51 106
51 108
51 110
51 115
51 116
51 124
51 128
51 131
51 132
51 134
51 140
51 142
51 148
51 151
51 154
51 164
51 166
51 167
51 169
51 177
51 179
51 182
51 185
51 187
51 191
51 194
51 195
51 197
51 205
51 207
51 208
51 211
51 212
51 215
51 220
51 225
51 227
51 228
51 229
51 230
51 234
51 235
51 241
51 247
51 252
51 253
51 259
51 266
51 268
51 269
51 277
51 279
51 281
51 284
51 287
51 291
51 293
51 296
52 53
52 56
52 61
52 69
52 70
52 71
52 82
52 83
52 85
52 86
52 88
52 89
52 92
52 95
52 96
52 97
52 105
52 115
52 119
52 122
52 134
52 137
52 152
52 162
52 167
52 168
52 170
52 172
52 178
52 180
52 181
52 185
52 186
52 188
52 189
52 196
52 199
52 207
52 208
52 210
52 224
52 227
52 228
52 231
52 233
52 235
52 240
52 241
52 242
52 247
52 251
52 256
52 260
52 262
52 265
52 268
52 272
52 273
52 275
52 276
52 280
52 282
52 283
52 284
52 291
52 292
53 55
53 59
53 61
53 63
53 71
53 72
53 78
53 80
53 91
53 98
53 100
53 103
53 112
53 125
53 126
53 127
53 131
53 133
53 134
53 138
53 140
53 142
53 150
53 152
53 154
53 161
53 163
53 167
53 173
53 175
53 177
53 179
53 180
53 183
53 184
53 186
53 187
53 192
53 194
53 195
53 198
53 200
53 201
53 202
53 203
53 204
53 205
53 207
53 221
53 226
53 227
53 234
53 239
53 240
53 244
53 245
53 247
53 248
53 255
53 261
53 263
53 269
53 274
53 276
53 279
53 282
53 286
53 287
53 290
53 293
53 298
54 55
54 59
54 62
54 66
54 72
54 75
54 77
54 80
54 81
54 83
54 88
54 94
54 95
54 105
54 108
54 110
54 115
54 117
54 120
54 125
54 127
54 131
54 133
54 135
54 154
54 156
54 160
54 163
54 164
54 169
54 171
54 174
54 176
54 180
54 182
54 183
54 189
54 191
54 193
54 194
54 195
54 200
54 202
54 207
54 212
54 213
54 217
54 223
54 224
54 226
54 234
54 236
54 237
54 238
54 241
54 242
54 244
54 249
54 255
54 261
54 263
54 265
54 268
54 270
54 271
54 279
54 284
54 286
54 287
54 294
54 295
54 296
54 297
54 298
55 69
55 74
55 78
55 81
55 84
55 86
55 87
55 89
55 97
55 99
55 100
55 101
55 106
55 110
55 111
55 112
55 117
55 119
55 128
55 131
55 133
55 137
55 141
55 143
55 151
55 153
55 157
55 158
55 161
55 162
55 169
55 172
55 175
55 184
55 186
55 188
55 192
55 193
55 199
55 205
55 213
55 216
55 219
55 225
55 227
55 229
55 231
55 232
55 235
55 236
55 249
55 254
55 256
55 258
55 270
55 272
55 273
55 275
55 276
55 278
55 284
55 286
55 287
55 297
55 299
56 57
56 63
56 66
56 67
56 69
56 70
56 72
56 75
56 79
56 81
56 89
56 90
56 91
56 94
56 96
56 105
56 107
56 110
56 112
56 113
56 114
56 122
56 123
56 124
56 125
56 126
56 131
56 136
56 138
56 140
56 141
56 142
56 147
56 154
56 156
56 167
56 175
56 176
56 181
56 186
56 188
56 189
56 197
56 200
56 205
56 206
56 211
56 221
56 224
56 225
56 238
56 241
56 243
56 244
56 252
56 258
56 264
56 269
56 270
56 271
56 272
56 274
56 275
56 276
56 280
56 281
56 283
56 285
56 287
56 292
56 295
57 59
57 63
57 66
57 71
57 72
57 75
57 79
57 84
57 85
57 94
57 100
57 107
57 110
57 114
57 116
57 121
57 122
57 124
57 126
57 127
57 128
57 130
57 131
57 132
57 133
57 135
57 138
57 139
57 141
57 144
57 149
57 152
57 162
57 163
57 166
57 168
57 170
57 173
57 177
57 178
57 183
57 187
57 189
57 194
57 196
57 198
57 199
57 200
57 202
57 203
57 208
57 213
57 217
57 218
57 221
57 223
57 224
57 226
57 231
57 232
57 234
57 248
57 249
57 259
57 261
57 262
57 265
57 267
57 269
57 270
57 272
57 277
57 278
57 280
57 282
57 287
57 298
58 59
58 64
58 72
58 76
58 79
58 80
58 84
58 90
58 92
58 93
58 98
58 101
58 102
58 116
58 118
58 119
58 120
58 121
58 123
58 125
58 129
58 130
58 138
58 140
58 141
58 142
58 146
58 152
58 155
58 163
58 166
58 168
58 170
58 177
58 178
58 188
58 189
58 193
58 199
58 207
58 208
58 209
58 212
58 214
58 223
58 232
58 233
58 234
58 236
58 237
58 239
58 243
58 244
58 246
58 253
58 254
58 257
58 261
58 262
58 264
58 265
58 268
58 269
58 271
58 277
58 279
58 282
58 283
58 284
58 287
58 292
58 293
58 296
58 299
59 60
59 61
59 65
59 70
59 71
59 75
59 76
59 81
59 85
59 87
59 88
59 91
59 95
59 99
59 105
59 110
59 111
59 115
59 120
59 122
59 130
59 131
59 134
59 138
59 142
59 144
59 145
59 150
59 153
59 158
59 160
59 162
59 166
59 173
59 175
59 178
59 179
59 182
59 185
59 188
59 189
59 196
59 205
59 214
59 219
59 224
59 227
59 229
59 233
59 234
59 237
59 240
59 244
59 246
59 249
59 250
59 251
59 253
59 254
59 255
59 261
59 263
59 267
59 273
59 275
59 278
59 285
59 288
59 291
59 292
59 296
59 297
60 61
60 62
60 67
60 68
60 70
60 73
60 78
60 80
60 85
60 86
60 87
60 88
60 90
60 93
60 102
60 104
60 108
60 114
60 120
60 122
60 126
60 130
60 136
60 137
60 138
60 143
60 144
60 145
60 146
60 147
60 150
60 152
60 153
60 155
60 156
60 160
60 162
60 173
60 175
60 179
60 182
60 186
60 190
60 194
60 208
60 209
60 212
60 213
60 214
60 217
60 220
60 224
60 225
60 230
60 231
60 239
60 240
60 242
60 243
60 244
60 247
60 250
60 251
60 252
60 254
60 257
60 272
60 273
60 276
60 277
60 278
60 279
60 284
60 291
60 296
60 299
61 66
61 68
61 71
61 73
61 76
61 77
61 84
61 86
61 89
61 97
61 98
61 99
61 103
61 105
61 107
61 111
61 115
61 118
61 121
61 126
61 128
61 135
61 137
61 141
61 143
61 144
61 148
61 158
61 164
61 169
61 172
61 187
61 191
61 198
61 202
61 203
61 204
61 207
61 209
61 210
61 211
61 214
61 216
61 218
61 221
61 222
61 223
61 225
61 226
61 227
61 228
61 229
61 230
61 233
61 234
61 236
61 238
61 242
61 247
61 248
61 249
61 253
61 254
61 258
61 259
61 263
61 268
61 273
61 277
61 284
61 286
62 63
62 66
62 67
62 68
62 71
62 77
62 79
62 80
62 84
62 85
62 94
62 96
62 103
62 104
62 108
62 111
62 115
62 116
62 117
62 124
62 126
62 127
62 128
62 130
62 131
62 134
62 137
62 140
62 151
62 164
62 166
62 167
62 174
62 175
62 178
62 180
62 185
62 186
62 196
62 197
62 201
62 202
62 203
62 205
62 209
62 216
62 217
62 218
62 220
62 232
62 239
62 240
62 243
62 245
62 251
62 252
62 256
62 257
62 260
62 262
62 270
62 271
62 279
62 281
62 282
62 296
62 298
63 65
63 66
63 67
63 70
63 73
63 75
63 77
63 80
63 87
63 93
63 94
63 95
63 96
63 97
63 98
63 100
63 108
63 117
63 120
63 121
63 123
63 124
63 126
63 129
63 132
63 135
63 136
63 138
63 139
63 145
63 146
63 147
63 149
63 151
63 153
63 156
63 160
63 165
63 173
63 174
63 176
63 177
63 182
63 183
63 186
63 188
63 193
63 195
63 209
63 218
63 219
63 220
63 222
63 224
63 227
63 228
63 231
63 232
63 233
63 235
63 236
63 237
63 243
63 251
63 252
63 256
63 262
63 263
63 265
63 267
63 269
63 271
63 273
63 275
63 276
63 278
63 281
63 290
64 65
64 69
64 78
64 85
64 91
64 94
64 96
64 97
64 100
64 103
64 115
64 118
64 119
64 121
64 126
64 128
64 129
64 132
64 133
64 134
64 137
64 141
64 142
64 146
64 148
64 150
64 153
64 154
64 158
64 171
64 172
64 179
64 185
64 187
64 190
64 202
64 208
64 214
64 217
64 220
64 221
64 225
64 228
64 229
64 230
64 236
64 238
64 248
64 253
64 254
64 257
64 258
64 259
64 261
64 263
64 265
64 270
64 271
64 272
64 275
64 276
64 277
64 278
64 279
64 280
64 281
64 283
64 290
64 293
64 294
64 295
65 66
65 67
65 71
65 72
65 75
65 81
65 88
65 91
65 94
65 101
65 103
65 114
65 115
65 120
65 124
65 135
65 137
65 139
65 140
65 144
65 145
65 148
65 149
65 154
65 155
65 160
65 164
65 170
65 171
65 179
65 183
65 186
65 187
65 188
65 190
65 197
65 202
65 205
65 206
65 210
65 211
65 217
65 219
65 221
65 222
65 224
65 235
65 245
65 247
65 249
65 251
65 255
65 257
65 262
65 263
65 266
65 267
65 269
65 270
65 271
65 276
65 279
65 280
65 293
65 294
66 68
66 82
66 84
66 85
66 86
66 87
66 89
66 90
66 91
66 100
66 101
66 103
66 107
66 109
66 110
66 113
66 117
66 118
66 121
66 122
66 124
66 125
66 126
66 127
66 128
66 130
66 131
66 134
66 136
66 139
66 147
66 148
66 151
66 154
66 157
66 160
66 163
66 165
66 168
66 170
66 175
66 176
66 177
66 181
66 182
66 186
66 192
66 193
66 196
66 203
66 208
66 213
66 214
66 220
66 225
66 227
66 230
66 235
66 237
66 241
66 246
66 258
66 262
66 270
66 271
66 274
66 276
66 279
66 281
66 284
66 285
66 286
66 288
66 289
66 291
66 297
67 72
67 76
67 80
67 82
67 87
67 88
67 91
67 96
67 99
67 102
67 107
67 110
67 111
67 114
67 116
67 120
67 133
67 134
67 139
67 144
67 148
67 152
67 156
67 160
67 161
67 166
67 168
67 169
67 170
67 174
67 182
67 186
67 202
67 203
67 204
67 205
67 211
67 215
67 216
67 220
67 222
67 223
67 225
67 226
67 231
67 232
67 240
67 242
67 248
67 252
67 255
67 257
67 264
67 265
67 266
67 273
67 274
67 275
67 276
67 280
67 289
67 290
68 73
68 74
68 82
68 91
68 93
68 94
68 101
68 102
68 104
68 106
68 107
68 111
68 113
68 114
68 127
68 132
68 134
68 141
68 142
68 143
68 145
68 147
68 150
68 165
68 166
68 170
68 173
68 178
68 181
68 182
68 184
68 186
68 187
68 188
68 195
68 196
68 199
68 206
68 208
68 210
68 213
68 216
68 218
68 220
68 224
68 225
68 228
68 232
68 243
68 248
68 250
68 254
68 256
68 267
68 268
68 269
68 270
68 272
68 274
68 275
68 281
68 285
68 288
68 295
68 298
69 74
69 75
69 80
69 83
69 91
69 100
69 101
69 102
69 113
69 114
69 115
69 116
69 117
69 118
69 120
69 124
69 127
69 131
69 132
69 134
69 138
69 140
69 142
69 143
69 144
69 147
69 148
69 153
69 157
69 161
69 168
69 170
69 173
69 174
69 175
69 178
69 180
69 182
69 184
69 189
69 196
69 199
69 202
69 204
69 205
69 206
69 211
69 212
69 213
69 215
69 216
69 222
69 223
69 232
69 234
69 237
69 238
69 241
69 244
69 250
69 254
69 260
69 261
69 266
69 267
69 268
69 270
69 271
69 274
69 276
69 279
69 280
69 281
69 282
69 292
69 294
69 296
70 72
70 73
70 75
70 77
70 82
70 85
70 88
70 96
70 100
70 102
70 104
70 105
70 106
70 109
70 113
70 114
70 115
70 116
70 117
70 119
70 121
70 127
70 128
70 132
70 133
70 134
70 136
70 137
70 140
70 142
70 153
70 159
70 160
70 164
70 166
70 168
70 172
70 175
70 179
70 182
70 186
70 188
70 189
70 197
70 198
70 199
70 200
70 201
70 207
70 210
70 211
70 212
70 219
70 220
70 221
70 222
70 223
70 226
70 227
70 234
70 237
70 238
70 241
70 243
70 244
70 247
70 248
70 251
70 257
70 260
70 265
70 286
70 289
70 290
70 291
70 293
70 294
70 298
71 73
71 75
71 77
71 80
71 81
71 82
71 83
71 84
71 86
71 89
71 91
71 97
71 101
71 105
71 107
71 123
71 134
71 136
71 137
71 139
71 141
71 146
71 147
71 155
71 156
71 159
71 161
71 163
71 168
71 169
71 172
71 174
71 175
71 176
71 178
71 183
71 188
71 190
71 192
71 193
71 194
71 195
71 196
71 197
71 201
71 203
71 204
71 207
71 211
71 216
71 222
71 223
71 224
71 225
71 231
71 232
71 234
71 235
71 238
71 242
71 243
71 244
71 247
71 248
71 249
71 252
71 255
71 257
71 258
71 259
71 262
71 263
71 266
71 271
71 272
71 273
71 278
71 280
71 281
71 282
71 287
71 292
71 293
71 297
71 298
72 79
72 82
72 85
72 87
72 88
72 90
72 94
72 98
72 100
72 101
72 112
72 114
72 117
72 121
72 122
72 123
72 125
72 128
72 131
72 133
72 139
72 140
72 142
72 144
72 145
72 146
72 150
72 156
72 162
72 166
72 170
72 172
72 181
72 185
72 186
72 193
72 194
72 205
72 215
72 219
72 222
72 224
72 236
72 237
72 239
72 241
72 242
72 244
72 246
72 247
72 248
72 250
72 251
72 252
72 255
72 260
72 267
72 268
72 269
72 271
72 272
72 280
72 283
72 285
72 294
72 296
72 299
73 75
73 76
73 77
73 84
73 85
73 86
73 88
73 101
73 105
73 106
73 109
73 112
73 116
73 118
73 119
73 121
73 122
73 123
73 124
73 127
73 128
73 130
73 131
73 136
73 140
73 141
73 142
73 146
73 147
73 149
73 152
73 156
73 158
73 160
73 164
73 165
73 169
73 173
73 180
73 181
73 185
73 190
73 192
73 194
73 199
73 203
73 207
73 209
73 214
73 217
73 218
73 219
73 224
73 226
73 227
73 228
73 231
73 232
73 237
73 238
73 245
73 246
73 249
73 250
73 251
73 254
73 257
73 258
73 265
73 266
73 267
73 272
73 274
73 279
73 282
73 287
73 294
73 295
73 296
73 297
73 299
74 75
74 76
74 77
74 80
74 81
74 82
74 89
74 92
74 94
74 95
74 96
74 100
74 101
74 102
74 104
74 105
74 108
74 111
74 112
74 130
74 138
74 139
74 144
74 145
74 153
74 160
74 162
74 166
74 167
74 169
74 171
74 174
74 175
74 178
74 182
74 186
74 202
74 208
74 210
74 211
74 215
74 216
74 221
74 225
74 231
74 235
74 236
74 237
74 240
74 241
74 242
74 249
74 255
74 260
74 261
74 262
74 263
74 268
74 270
74 271
74 272
74 273
74 275
74 278
74 283
74 287
74 288
74 290
74 292
74 297
74 298
75 77
75 78
75 79
75 82
75 83
75 84
75 85
75 91
75 92
75 96
75 104
75 106
75 107
75 109
75 114
75 119
75 120
75 131
75 132
75 134
75 137
75 138
75 143
75 144
75 148
75 154
75 155
75 157
75 159
75 160
75 164
75 173
75 174
75 178
75 179
75 183
75 185
75 191
75 193
75 198
75 201
75 202
75 205
75 206
75 212
75 214
75 218
75 220
75 222
75 230
75 231
75 234
75 238
75 245
75 247
75 257
75 258
75 260
75 262
75 277
75 279
75 282
75 283
75 284
75 291
75 294
75 296
75 298
76 77
76 79
76 88
76 93
76 100
76 103
76 111
76 112
76 114
76 119
76 120
76 126
76 127
76 129
76 130
76 134
76 135
76 136
76 137
76 138
76 141
76 147
76 150
76 151
76 153
76 155
76 163
76 164
76 166
76 167
76 170
76 190
76 191
76 194
76 196
76 197
76 201
76 204
76 205
76 206
76 211
76 212
76 215
76 219
76 222
76 225
76 226
76 229
76 232
76 234
76 241
76 246
76 250
76 254
76 255
76 261
76 265
76 267
76 269
76 270
76 271
76 272
76 274
76 280
76 283
76 285
76 286
76 289
76 290
76 294
76 295
76 297
77 79
77 83
77 85
77 86
77 89
77 96
77 102
77 105
77 108
77 109
77 112
77 114
77 117
77 119
77 122
77 123
77 124
77 128
77 129
77 130
77 138
77 140
77 142
77 143
77 148
77 157
77 159
77 166
77 169
77 178
77 180
77 183
77 186
77 188
77 189
77 198
77 205
77 206
77 212
77 213
77 215
77 219
77 224
77 227
77 228
77 233
77 236
77 238
77 239
77 242
77 243
77 244
77 247
77 253
77 259
77 266
77 273
77 275
77 279
77 281
77 282
77 289
77 294
77 295
77 296
78 80
78 84
78 88
78 89
78 92
78 93
78 95
78 98
78 99
78 101
78 107
78 115
78 123
78 129
78 130
78 132
78 138
78 140
78 142
78 144
78 156
78 161
78 167
78 173
78 174
78 175
78 178
78 180
78 181
78 185
78 190
78 191
78 196
78 201
78 210
78 213
78 215
78 216
78 219
78 222
78 223
78 228
78 229
78 243
78 245
78 247
78 248
78 250
78 256
78 257
78 259
78 266
78 271
78 282
78 283
78 287
78 292
78 295
78 298
78 299
79 80
79 82
79 93
79 103
79 104
79 107
79 109
79 115
79 117
79 118
79 121
79 122
79 123
79 130
79 133
79 136
79 142
79 145
79 150
79 156
79 159
79 160
79 162
79 166
79 168
79 169
79 172
79 173
79 175
79 177
79 183
79 191
79 192
79 193
79 194
79 196
79 202
79 205
79 207
79 209
79 212
79 218
79 223
79 229
79 232
79 233
79 237
79 241
79 242
79 245
79 246
79 249
79 250
79 251
79 252
79 253
79 254
79 262
79 272
79 274
79 275
79 281
79 282
79 285
79 287
79 289
79 292
79 296
80 82
80 85
80 89
80 92
80 93
80 95
80 99
80 105
80 107
80 111
80 113
80 114
80 116
80 122
80 124
80 126
80 133
80 135
80 141
80 143
80 144
80 146
80 152
80 153
80 155
80 156
80 157
80 158
80 164
80 167
80 169
80 174
80 175
80 184
80 187
80 192
80 193
80 194
80 196
80 198
80 199
80 200
80 201
80 202
80 207
80 217
80 218
80 220
80 233
80 238
80 240
80 241
80 242
80 243
80 249
80 256
80 257
80 259
80 263
80 266
80 271
80 276
80 279
80 282
80 283
80 284
80 285
80 287
80 290
80 291
80 297
81 87
81 89
81 90
81 91
81 104
81 107
81 108
81 110
81 112
81 113
81 115
81 118
81 124
81 126
81 127
81 130
81 135
81 137
81 140
81 145
81 148
81 154
81 155
81 156
81 157
81 159
81 160
81 163
81 171
81 172
81 173
81 180
81 181
81 184
81 187
81 193
81 201
81 207
81 215
81 216
81 217
81 230
81 235
81 238
81 241
81 242
81 245
81 247
81 248
81 249
81 250
81 251
81 258
81 259
81 269
81 270
81 272
81 273
81 277
81 278
81 283
81 285
81 290
81 292
82 86
82 87
82 90
82 91
82 94
82 96
82 97
82 102
82 111
82 113
82 114
82 116
82 117
82 122
82 123
82 125
82 126
82 130
82 132
82 136
82 138
82 141
82 144
82 146
82 147
82 150
82 154
82 157
82 158
82 162
82 169
82 171
82 175
82 179
82 180
82 181
82 184
82 189
82 194
82 195
82 206
82 207
82 214
82 220
82 234
82 237
82 239
82 241
82 242
82 244
82 246
82 253
82 256
82 259
82 263
82 275
82 279
82 280
82 289
82 291
82 292
82 296
82 298
83 85
83 88
83 89
83 91
83 92
83 93
83 96
83 100
83 104
83 108
83 113
83 115
83 117
83 119
83 125
83 128
83 130
83 134
83 136
83 141
83 146
83 154
83 156
83 158
83 159
83 167
83 175
83 176
83 182
83 185
83 192
83 197
83 200
83 203
83 205
83 206
83 208
83 214
83 220
83 222
83 223
83 227
83 228
83 232
83 237
83 239
83 241
83 242
83 246
83 247
83 250
83 252
83 254
83 257
83 258
83 268
83 272
83 273
83 274
83 275
83 276
83 277
83 279
83 288
83 289
83 294
83 295
84 86
84 88
84 89
84 90
84 95
84 96
84 99
84 102
84 104
84 110
84 111
84 121
84 123
84 124
84 126
84 134
84 135
84 139
84 140
84 141
84 142
84 145
84 147
84 156
84 157
84 163
84 165
84 166
84 175
84 179
84 183
84 185
84 187
84 188
84 191
84 203
84 205
84 206
84 214
84 215
84 221
84 225
84 226
84 229
84 235
84 238
84 239
84 241
84 243
84 246
84 247
84 250
84 255
84 256
84 258
84 259
84 266
84 275
84 285
84 289
84 290
84 291
84 292
84 294
84 296
85 86
85 91
85 92
85 96
85 101
85 102
85 103
85 104
85 108
85 111
85 116
85 117
85 119
85 121
85 122
85 126
85 127
85 128
85 135
85 136
85 138
85 143
85 145
85 146
85 151
85 156
85 157
85 158
85 164
85 165
85 169
85 171
85 178
85 181
85 182
85 189
85 190
85 191
85 195
85 197
85 200
85 202
85 205
85 207
85 208
85 216
85 220
85 222
85 223
85 225
85 229
85 233
85 235
85 237
85 239
85 242
85 247
85 248
85 254
85 255
85 260
85 264
85 267
85 268
85 273
85 277
85 282
85 284
85 285
85 286
85 287
85 290
85 291
85 293
85 298
86 94
86 102
86 103
86 105
86 108
86 113
86 116
86 117
86 123
86 124
86 125
86 126
86 131
86 135
86 139
86 142
86 152
86 159
86 170
86 173
86 180
86 182
86 184
86 185
86 186
86 193
86 206
86 209
86 211
86 216
86 217
86 219
86 220
86 221
86 222
86 224
86 226
86 227
86 234
86 240
86 241
86 243
86 246
86 254
86 255
86 256
86 260
86 263
86 268
86 272
86 274
86 275
86 281
86 283
86 287
86 292
86 294
86 297
87 93
87 94
87 103
87 108
87 109
87 111
87 114
87 115
87 118
87 123
87 130
87 134
87 135
87 143
87 146
87 150
87 152
87 154
87 164
87 166
87 167
87 168
87 171
87 172
87 173
87 174
87 177
87 183
87 186
87 188
87 195
87 197
87 209
87 211
87 212
87 213
87 217
87 220
87 223
87 224
87 226
87 227
87 230
87 232
87 240
87 241
87 245
87 246
87 247
87 249
87 250
87 251
87 256
87 276
87 280
87 281
87 283
87 286
87 289
87 291
87 292
87 299
88 89
88 90
88 91
88 92
88 94
88 95
88 96
88 97
88 99
88 100
88 106
88 109
88 110
88 114
88 117
88 119
88 120
88 123
88 124
88 127
88 129
88 130
88 133
88 135
88 138
88 139
88 141
88 145
88 149
88 154
88 155
88 158
88 162
88 163
88 165
88 167
88 169
88 170
88 173
88 175
88 176
88 184
88 190
88 196
88 210
88 216
88 219
88 224
88 227
88 232
88 235
88 236
88 237
88 238
88 239
88 243
88 247
88 251
88 254
88 255
88 257
88 258
88 264
88 265
88 266
88 270
88 271
88 275
88 278
88 279
88 282
88 295
88 299
89 91
89 102
89 103
89 104
89 105
89 109
89 111
89 113
89 114
89 116
89 121
89 124
89 126
89 134
89 138
89 139
89 140
89 144
89 145
89 150
89 153
89 166
89 168
89 170
89 171
89 172
89 178
89 187
89 196
89 200
89 203
89 204
89 213
89 215
89 220
89 221
89 223
89 225
89 229
89 237
89 240
89 249
89 250
89 255
89 261
89 263
89 267
89 268
89 276
89 281
89 286
89 287
89 290
89 292
89 294
89 299
90 91
90 96
90 101
90 105
90 106
90 112
90 113
90 120
90 121
90 124
90 131
90 135
90 137
90 139
90 141
90 144
90 147
90 149
90 151
90 153
90 154
90 155
90 160
90 163
90 171
90 172
90 178
90 180
90 182
90 183
90 185
90 189
90 190
90 193
90 194
90 199
90 202
90 207
90 213
90 215
90 218
90 220
90 222
90 224
90 232
90 239
90 244
90 245
90 246
90 248
90 256
90 260
90 261
90 266
90 267
90 268
90 274
90 276
90 280
90 283
90 287
90 291
90 294
90 297
91 98
91 101
91 110
91 111
91 112
91 116
91 117
91 125
91 126
91 127
91 133
91 134
91 141
91 142
91 144
91 146
91 158
91 163
91 164
91 165
91 169
91 170
91 176
91 178
91 184
91 187
91 188
91 190
91 191
91 193
91 194
91 195
91 200
91 202
91 212
91 225
91 227
91 228
91 237
91 238
91 242
91 248
91 253
91 254
91 261
91 262
91 264
91 268
91 269
91 270
91 272
91 273
91 274
91 278
91 279
91 284
91 286
91 296
91 297
92 94
92 98
92 99
92 100
92 103
92 109
92 113
92 118
92 119
92 120
92 123
92 128
92 129
92 131
92 137
92 139
92 140
92 141
92 144
92 146
92 149
92 152
92 154
92 161
92 164
92 170
92 174
92 177
92 186
92 189
92 192
92 197
92 198
92 207
92 210
92 211
92 215
92 218
92 219
92 222
92 223
92 232
92 235
92 238
92 239
92 240
92 241
92 245
92 246
92 247
92 255
92 256
92 257
92 261
92 266
92 269
92 272
92 276
92 277
92 282
92 283
92 285
92 286
92 290
92 297
93 94
93 97
93 108
93 109
93 111
93 113
93 119
93 122
93 124
93 125
93 127
93 131
93 132
93 136
93 140
93 141
93 142
93 144
93 145
93 155
93 157
93 162
93 164
93 165
93 167
93 170
93 175
93 176
93 177
93 178
93 182
93 195
93 201
93 207
93 210
93 211
93 216
93 217
93 219
93 229
93 236
93 239
93 243
93 244
93 247
93 252
93 255
93 259
93 264
93 266
93 270
93 274
93 276
93 277
93 279
93 280
93 281
93 282
93 284
93 289
93 292
93 295
93 296
93 298
94 98
94 104
94 106
94 107
94 113
94 115
94 118
94 120
94 121
94 125
94 133
94 134
94 141
94 146
94 148
94 150
94 155
94 156
94 168
94 169
94 178
94 179
94 183
94 184
94 189
94 190
94 193
94 194
94 197
94 198
94 201
94 204
94 210
94 212
94 220
94 231
94 238
94 241
94 242
94 245
94 246
94 252
94 256
94 258
94 260
94 263
94 265
94 266
94 268
94 271
94 273
94 277
94 280
94 282
94 284
94 287
94 288
94 289
94 291
94 296
94 297
94 298
95 99
95 103
95 109
95 120
95 124
95 135
95 138
95 139
95 144
95 146
95 149
95 155
95 159
95 161
95 170
95 175
95 177
95 184
95 185
95 187
95 188
95 190
95 191
95 192
95 196
95 201
95 205
95 206
95 215
95 220
95 222
95 223
95 225
95 226
95 230
95 232
95 234
95 237
95 238
95 241
95 244
95 245
95 248
95 254
95 256
95 257
95 260
95 261
95 265
95 266
95 267
95 275
95 282
95 286
95 289
95 291
95 292
95 294
95 296
95 297
95 298
95 299
96 99
96 109
96 112
96 117
96 118
96 120
96 126
96 128
96 129
96 132
96 133
96 135
96 138
96 144
96 152
96 157
96 164
96 165
96 169
96 171
96 177
96 178
96 180
96 187
96 188
96 189
96 195
96 201
96 203
96 204
96 207
96 211
96 221
96 227
96 230
96 235
96 236
96 240
96 243
96 244
96 250
96 255
96 258
96 263
96 267
96 269
96 272
96 274
96 278
96 279
96 280
96 287
96 288
96 294
96 298
97 98
97 106
97 111
97 112
97 113
97 114
97 123
97 126
97 129
97 134
97 135
97 136
97 139
97 141
97 159
97 160
97 161
97 167
97 174
97 175
97 179
97 183
97 187
97 188
97 189
97 190
97 191
97 192
97 193
97 194
97 196
97 200
97 202
97 206
97 212
97 213
97 215
97 219
97 227
97 229
97 230
97 232
97 235
97 237
97 240
97 245
97 247
97 248
97 249
97 251
97 252
97 256
97 261
97 265
97 270
97 275
97 277
97 279
97 281
97 283
97 285
97 291
97 292
97 299
98 101
98 103
98 109
98 111
98 116
98 121
98 123
98 125
98 126
98 129
98 135
98 137
98 141
98 142
98 146
98 148
98 155
98 157
98 159
98 164
98 165
98 166
98 167
98 170
98 171
98 176
98 178
98 183
98 185
98 189
98 191
98 194
98 195
98 205
98 207
98 213
98 215
98 216
98 220
98 221
98 222
98 225
98 226
98 233
98 234
98 237
98 241
98 243
98 244
98 245
98 246
98 250
98 252
98 253
98 256
98 258
98 261
98 264
98 267
98 272
98 273
98 275
98 277
98 279
98 281
98 286
98 290
98 291
98 294
98 296
98 298
99 101
99 102
99 108
99 110
99 112
99 121
99 125
99 129
99 131
99 133
99 140
99 141
99 143
99 144
99 150
99 151
99 152
99 155
99 156
99 160
99 163
99 168
99 171
99 175
99 176
99 177
99 182
99 184
99 188
99 190
99 194
99 196
99 198
99 199
99 200
99 217
99 219
99 221
99 224
99 227
99 229
99 231
99 233
99 237
99 242
99 244
99 247
99 249
99 252
99 258
99 259
99 260
99 261
99 262
99 263
99 265
99 270
99 272
99 274
99 275
99 276
99 277
99 285
99 296
99 297
100 106
100 107
100 113
100 116
100 118
100 119
100 125
100 131
100 134
100 138
100 144
100 147
100 150
100 154
100 155
100 158
100 159
100 160
100 164
100 165
100 170
100 176
100 177
100 179
100 180
100 183
100 186
100 189
100 195
100 197
100 199
100 203
100 211
100 214
100 217
100 220
100 221
100 223
100 228
100 234
100 238
100 239
100 242
100 243
100 247
100 249
100 252
100 264
100 265
100 267
100 268
100 269
100 271
100 278
100 279
100 283
100 284
100 288
100 289
100 293
100 296
100 297
100 298
100 299
101 102
101 106
101 110
101 111
101 118
101 121
101 123
101 124
101 127
101 128
101 139
101 141
101 144
101 151
101 155
101 157
101 164
101 166
101 171
101 177
101 180
101 182
101 183
101 184
101 185
101 186
101 188
101 190
101 192
101 198
101 207
101 209
101 210
101 211
101 212
101 219
101 226
101 228
101 230
101 237
101 239
101 240
101 242
101 246
101 250
101 253
101 257
101 258
101 264
101 265
101 270
101 272
101 274
101 281
101 283
101 284
101 291
101 295
101 298
101 299
102 104
102 105
102 110
102 114
102 116
102 124
102 128
102 132
102 133
102 135
102 138
102 141
102 143
102 146
102 152
102 159
102 162
102 165
102 169
102 170
102 176
102 178
102 179
102 183
102 184
102 185
102 187
102 191
102 194
102 197
102 199
102 200
102 201
102 204
102 205
102 212
102 216
102 220
102 222
102 223
102 225
102 226
102 228
102 229
102 231
102 233
102 234
102 243
102 245
102 246
102 249
102 254
102 259
102 264
102 265
102 267
102 271
102 273
102 277
102 281
102 284
102 285
102 286
102 291
102 292
102 294
102 296
102 298
103 111
103 122
103 132
103 133
103 134
103 139
103 144
103 148
103 156
103 158
103 161
103 163
103 165
103 166
103 170
103 173
103 180
103 181
103 182
103 189
103 190
103 201
103 207
103 210
103 211
103 214
103 219
103 222
103 224
103 226
103 231
103 233
103 234
103 235
103 246
103 247
103 249
103 250
103 255
103 258
103 260
103 265
103 266
103 267
103 273
103 274
103 275
103 278
103 279
103 283
103 288
103 294
103 295
103 298
103 299
104 108
104 112
104 125
104 127
104 138
104 140
104 144
104 147
104 148
104 154
104 155
104 157
104 161
104 164
104 168
104 170
104 172
104 174
104 176
104 178
104 180
104 184
104 188
104 190
104 191
104 196
104 199
104 200
104 202
104 207
104 210
104 213
104 221
104 224
104 226
104 237
104 240
104 242
104 245
104 246
104 248
104 249
104 250
104 257
104 258
104 260
104 261
104 265
104 268
104 273
104 276
104 277
104 282
104 284
104 298
105 109
105 113
105 115
105 121
105 122
105 123
105 127
105 134
105 136
105 138
105 144
105 145
105 148
105 153
105 161
105 163
105 166
105 173
105 176
105 177
105 180
105 185
105 193
105 194
105 199
105 204
105 205
105 209
105 212
105 219
105 221
105 228
105 229
105 231
105 232
105 233
105 241
105 244
105 250
105 257
105 259
105 262
105 268
105 269
105 270
105 273
105 278
105 280
105 296
105 297
105 299
106 107
106 108
106 125
106 129
106 130
106 132
106 133
106 144
106 145
106 153
106 156
106 158
106 162
106 165
106 166
106 170
106 173
106 174
106 175
106 188
106 192
106 195
106 197
106 204
106 206
106 208
106 210
106 215
106 216
106 222
106 224
106 225
106 228
106 231
106 232
106 234
106 236
106 241
106 244
106 247
106 248
106 250
106 253
106 263
106 265
106 267
106 268
106 276
106 282
106 289
106 291
106 295
106 297
107 108
107 111
107 113
107 116
107 117
107 120
107 123
107 124
107 128
107 134
107 135
107 137
107 141
107 144
107 147
107 153
107 157
107 163
107 168
107 169
107 171
107 175
107 177
107 178
107 179
107 180
107 186
107 187
107 190
107 192
107 194
107 196
107 199
107 200
107 202
107 204
107 205
107 209
107 210
107 212
107 217
107 218
107 219
107 220
107 224
107 225
107 229
107 232
107 234
107 235
107 237
107 238
107 243
107 244
107 245
107 256
107 260
107 263
107 265
107 268
107 276
107 279
107 280
107 281
107 282
107 285
107 286
107 289
107 294
107 298
108 111
108 116
108 133
108 138
108 141
108 146
108 149
108 152
108 156
108 157
108 165
108 167
108 172
108 174
108 179
108 186
108 191
108 196
108 197
108 198
108 201
108 205
108 211
108 214
108 217
108 220
108 225
108 228
108 231
108 236
108 238
108 239
108 240
108 242
108 243
108 245
108 247
108 252
108 254
108 257
108 260
108 261
108 262
108 264
108 268
108 273
108 275
108 276
108 278
108 284
108 285
108 287
108 288
109 114
109 115
109 122
109 125
109 129
109 130
109 142
109 146
109 149
109 151
109 159
109 164
109 165
109 166
109 169
109 170
109 172
109 173
109 174
109 175
109 179
109 180
109 188
109 190
109 197
109 198
109 200
109 205
109 213
109 215
109 219
109 221
109 222
109 229
109 232
109 236
109 240
109 242
109 246
109 248
109 249
109 250
109 255
109 257
109 259
109 260
109 261
109 266
109 267
109 271
109 272
109 273
109 279
109 297
109 298
110 111
110 116
110 119
110 131
110 137
110 139
110 141
110 143
110 144
110 153
110 154
110 155
110 160
110 164
110 166
110 169
110 170
110 171
110 173
110 175
110 179
110 180
110 191
110 192
110 204
110 206
110 212
110 213
110 215
110 218
110 220
110 230
110 240
110 244
110 246
110 251
110 260
110 263
110 267
110 277
110 283
110 287
110 289
111 115
111 118
111 120
111 124
111 131
111 133
111 137
111 141
111 143
111 144
111 154
111 156
111 157
111 158
111 159
111 175
111 179
111 181
111 182
111 184
111 185
111 187
111 193
111 197
111 198
111 204
111 205
111 208
111 217
111 218
111 219
111 221
111 222
111 223
111 225
111 237
111 240
111 242
111 243
111 247
111 249
111 254
111 258
111 263
111 267
111 269
111 270
111 271
111 275
111 278
111 279
111 283
112 115
112 118
112 120
112 134
112 140
112 144
112 154
112 167
112 168
112 172
112 175
112 176
112 177
112 180
112 181
112 186
112 189
112 191
112 192
112 193
112 197
112 203
112 205
112 212
112 230
112 233
112 239
112 242
112 245
112 246
112 248
112 251
112 253
112 256
112 257
112 260
112 268
112 271
112 277
112 279
112 280
112 283
112 286
112 290
112 293
112 299
113 118
113 125
113 129
113 131
113 133
113 134
113 139
113 140
113 146
113 149
113 151
113 152
113 158
113 160
113 161
113 164
113 165
113 166
113 167
113 169
113 170
113 172
113 178
113 179
113 180
113 185
113 192
113 193
113 198
113 204
113 206
113 208
113 211
113 215
113 216
113 221
113 223
113 226
113 228
113 232
113 233
113 235
113 245
113 246
113 250
113 254
113 256
113 257
113 259
113 260
113 261
113 263
113 265
113 274
113 285
113 288
113 289
113 296
113 297
113 298
114 120
114 122
114 123
114 128
114 136
114 139
114 140
114 142
114 144
114 147
114 149
114 150
114 151
114 154
114 157
114 166
114 168
114 171
114 173
114 178
114 180
114 183
114 189
114 192
114 197
114 198
114 199
114 201
114 204
114 205
114 207
114 208
114 210
114 217
114 219
114 226
114 238
114 246
114 248
114 249
114 251
114 253
114 259
114 260
114 262
114 265
114 270
114 273
114 283
114 284
114 286
114 288
114 295
114 298
115 120
115 121
115 131
115 132
115 133
115 139
115 150
115 154
115 159
115 172
115 174
115 175
115 177
115 183
115 190
115 192
115 193
115 197
115 199
115 200
115 210
115 211
115 216
115 219
115 220
115 223
115 225
115 226
115 227
115 233
115 234
115 248
115 251
115 257
115 259
115 260
115 278
115 281
115 284
115 285
115 286
115 287
115 289
115 298
116 122
116 123
116 125
116 126
116 131
116 134
116 139
116 141
116 143
116 146
116 148
116 152
116 155
116 156
116 158
116 160
116 162
116 163
116 179
116 180
116 181
116 187
116 193
116 194
116 196
116 198
116 200
116 205
116 209
116 213
116 223
116 225
116 233
116 236
116 237
116 239
116 240
116 249
116 250
116 252
116 254
116 260
116 261
116 264
116 267
116 268
116 270
116 271
116 272
116 276
116 277
116 283
116 285
116 289
116 294
117 122
117 126
117 128
117 131
117 133
117 136
117 137
117 140
117 141
117 148
117 150
117 152
117 156
117 162
117 168
117 170
117 179
117 180
117 183
117 187
117 191
117 194
117 205
117 211
117 212
117 215
117 222
117 226
117 231
117 239
117 242
117 243
117 249
117 252
117 253
117 257
117 260
117 261
117 262
117 266
117 278
117 280
117 282
117 283
117 286
117 293
117 294
117 297
117 298
117 299
118 120
118 121
118 129
118 133
118 134
118 135
118 147
118 151
118 155
118 156
118 157
118 172
118 175
118 176
118 178
118 189
118 190
118 192
118 195
118 197
118 199
118 200
118 202
118 203
118 204
118 208
118 209
118 210
118 213
118 216
118 218
118 220
118 222
118 223
118 225
118 226
118 229
118 230
118 234
118 239
118 243
118 248
118 250
118 251
118 252
118 253
118 255
118 257
118 258
118 263
118 265
118 267
118 268
118 269
118 270
118 272
118 276
118 282
118 287
118 288
118 290
118 292
118 293
118 295
118 297
118 299
119 120
119 130
119 136
119 137
119 139
119 140
119 142
119 145
119 148
119 151
119 152
119 155
119 160
119 164
119 165
119 168
119 173
119 177
119 181
119 183
119 185
119 192
119 193
119 194
119 195
119 197
119 198
119 202
119 206
119 207
119 211
119 217
119 218
119 219
119 230
119 232
119 233
119 235
119 236
119 238
119 240
119 241
119 245
119 246
119 247
119 254
119 260
119 266
119 272
119 277
119 283
119 284
119 286
119 288
119 291
119 297
119 298
120 123
120 126
120 128
120 129
120 131
120 135
120 136
120 141
120 142
120 143
120 144
120 146
120 147
120 150
120 164
120 165
120 169
120 179
120 181
120 183
120 188
120 194
120 198
120 203
120 207
120 210
120 218
120 219
120 226
120 230
120 232
120 233
120 234
120 245
120 246
120 252
120 256
120 258
120 263
120 267
120 268
120 270
120 281
120 289
120 290
120 291
120 294
120 295
120 296
121 122
121 125
121 127
121 129
121 131
121 132
121 133
121 144
121 153
121 159
121 161
121 167
121 168
121 170
121 175
121 176
121 178
121 185
121 189
121 190
121 192
121 193
121 197
121 198
121 199
121 200
121 202
121 208
121 210
121 211
121 215
121 219
121 220
121 224
121 225
121 228
121 229
121 234
121 235
121 242
121 245
121 246
121 248
121 254
121 256
121 261
121 263
121 267
121 270
121 276
121 279
121 281
121 282
121 285
122 123
122 125
122 130
122 133
122 135
122 140
122 141
122 146
122 147
122 151
122 152
122 154
122 155
122 161
122 164
122 168
122 169
122 173
122 174
122 175
122 177
122 178
122 180
122 185
122 191
122 194
122 196
122 197
122 198
122 201
122 205
122 212
122 215
122 218
122 222
122 223
122 224
122 230
122 237
122 243
122 250
122 251
122 254
122 262
122 263
122 267
122 272
122 280
122 281
122 282
122 283
122 285
122 287
122 289
122 293
122 296
122 297
123 124
123 125
123 131
123 133
123 136
123 140
123 154
123 159
123 162
123 170
123 172
123 175
123 176
123 178
123 184
123 187
123 191
123 192
123 194
123 199
123 201
123 207
123 209
123 212
123 231
123 234
123 236
123 240
123 242
123 243
123 246
123 249
123 252
123 263
123 269
123 271
123 273
123 277
123 281
123 283
123 288
123 294
123 297
123 299
124 130
124 133
124 145
124 151
124 158
124 163
124 166
124 169
124 170
124 174
124 176
124 178
124 179
124 182
124 190
124 202
124 204
124 206
124 210
124 212
124 213
124 215
124 219
124 220
124 221
124 223
124 225
124 226
124 237
124 242
124 244
124 245
124 247
124 250
124 251
124 252
124 256
124 260
124 270
124 272
124 274
124 278
124 285
124 287
124 294
124 297
125 127
125 130
125 135
125 136
125 140
125 144
125 148
125 150
125 151
125 155
125 158
125 159
125 161
125 163
125 166
125 169
125 174
125 175
125 178
125 179
125 181
125 182
125 183
125 186
125 187
125 191
125 195
125 202
125 206
125 207
125 208
125 211
125 213
125 217
125 219
125 220
125 226
125 230
125 234
125 242
125 245
125 246
125 247
125 255
125 256
125 258
125 265
125 266
125 273
125 274
125 275
125 283
125 287
125 288
125 290
125 297
125 299
126 127
126 129
126 139
126 140
126 142
126 144
126 145
126 146
126 150
126 162
126 163
126 168
126 170
126 173
126 176
126 182
126 185
126 186
126 189
126 190
126 191
126 196
126 201
126 204
126 213
126 215
126 216
126 223
126 224
126 232
126 235
126 241
126 243
126 246
126 253
126 255
126 256
126 257
126 258
126 260
126 262
126 263
126 264
126 270
126 272
126 273
126 276
126 278
126 281
126 283
126 284
126 285
126 296
126 297
127 131
127 133
127 134
127 135
127 137
127 143
127 148
127 151
127 152
127 155
127 157
127 160
127 179
127 184
127 186
127 187
127 192
127 199
127 201
127 205
127 212
127 214
127 218
127 223
127 226
127 236
127 239
127 241
127 245
127 246
127 258
127 262
127 264
127 267
127 268
127 271
127 273
127 277
127 278
127 282
127 283
127 286
127 289
127 291
127 296
127 298
128 129
128 130
128 137
128 138
128 139
128 140
128 144
128 146
128 148
128 150
128 159
128 163
128 164
128 166
128 167
128 169
128 171
128 172
128 176
128 179
128 188
128 189
128 190
128 192
128 198
128 199
128 200
128 201
128 202
128 204
128 205
128 206
128 216
128 219
128 220
128 229
128 234
128 236
128 242
128 245
128 251
128 253
128 254
128 258
128 262
128 268
128 271
128 274
128 278
128 281
128 283
128 290
128 296
128 298
129 134
129 135
129 146
129 148
129 149
129 154
129 164
129 168
129 169
129 177
129 178
129 186
129 189
129 193
129 194
129 197
129 199
129 201
129 203
129 204
129 217
129 222
129 223
129 225
129 234
129 249
129 251
129 257
129 259
129 260
129 262
129 264
129 271
129 277
129 283
129 284
129 286
129 292
129 293
129 296
129 298
130 132
130 136
130 137
130 140
130 141
130 143
130 147
130 151
130 158
130 164
130 165
130 167
130 168
130 170
130 178
130 181
130 184
130 185
130 186
130 190
130 192
130 195
130 196
130 197
130 200
130 203
130 204
130 206
130 207
130 208
130 211
130 215
130 217
130 223
130 229
130 230
130 238
130 246
130 247
130 249
130 252
130 254
130 265
130 267
130 277
130 281
130 287
130 290
131 137
131 140
131 142
131 143
131 144
131 149
131 161
131 162
131 163
131 164
131 165
131 169
131 175
131 178
131 181
131 183
131 184
131 186
131 192
131 193
131 195
131 196
131 199
131 204
131 207
131 209
131 215
131 219
131 220
131 224
131 228
131 229
131 231
131 234
131 235
131 241
131 245
131 246
131 249
131 251
131 253
131 254
131 256
131 258
131 259
131 260
131 265
131 281
131 282
131 285
131 287
131 290
131 296
131 297
131 299
132 136
132 141
132 145
132 148
132 149
132 151
132 156
132 161
132 162
132 163
132 168
132 177
132 179
132 182
132 184
132 188
132 195
132 198
132 199
132 202
132 204
132 206
132 210
132 211
132 215
132 221
132 223
132 228
132 229
132 233
132 237
132 239
132 240
132 241
132 242
132 248
132 252
132 257
132 259
132 260
132 278
132 283
132 284
132 285
132 286
132 288
132 289
132 291
132 295
132 298
133 136
133 138
133 140
133 146
133 147
133 151
133 154
133 157
133 159
133 161
133 164
133 181
133 182
133 187
133 188
133 191
133 195
133 197
133 205
133 206
133 214
133 217
133 218
133 226
133 229
133 233
133 235
133 239
133 243
133 246
133 247
133 250
133 255
133 256
133 258
133 259
133 266
133 268
133 275
133 280
133 284
133 285
133 288
133 293
134 135
134 136
134 139
134 142
134 143
134 144
134 155
134 157
134 158
134 159
134 162
134 164
134 165
134 168
134 177
134 180
134 181
134 184
134 186
134 190
134 191
134 196
134 199
134 202
134 205
134 206
134 207
134 211
134 214
134 218
134 220
134 223
134 229
134 231
134 232
134 234
134 235
134 245
134 248
134 249
134 251
134 256
134 257
134 260
134 261
134 264
134 265
134 266
134 275
134 281
134 282
134 284
134 290
135 137
135 142
135 148
135 152
135 159
135 164
135 169
135 173
135 174
135 175
135 180
135 185
135 188
135 190
135 191
135 192
135 193
135 195
135 197
135 200
135 201
135 204
135 205
135 208
135 212
135 213
135 222
135 227
135 231
135 233
135 235
135 237
135 243
135 244
135 245
135 248
135 251
135 253
135 254
135 256
135 257
135 268
135 271
135 272
135 273
135 275
135 276
135 278
135 282
135 284
135 285
135 287
135 289
135 296
135 299
136 137
136 144
136 146
136 148
136 152
136 163
136 170
136 171
136 172
136 180
136 188
136 189
136 192
136 195
136 199
136 204
136 205
136 207
136 221
136 224
136 225
136 227
136 241
136 242
136 244
136 248
136 249
136 250
136 251
136 253
136 259
136 262
136 265
136 271
136 272
136 273
136 279
136 280
136 282
136 283
136 284
136 285
136 292
136 294
136 299
137 144
137 145
137 149
137 152
137 156
137 160
137 167
137 169
137 172
137 177
137 179
137 180
137 187
137 190
137 196
137 198
137 199
137 203
137 204
137 210
137 211
137 215
137 216
137 219
137 223
137 234
137 236
137 240
137 241
137 243
137 245
137 253
137 256
137 259
137 263
137 269
137 270
137 271
137 276
137 284
137 298
137 299
138 140
138 144
138 145
138 149
138 150
138 152
138 154
138 155
138 156
138 166
138 169
138 172
138 175
138 178
138 184
138 185
138 187
138 188
138 191
138 193
138 195
138 201
138 202
138 206
138 210
138 213
138 215
138 216
138 217
138 218
138 221
138 223
138 228
138 230
138 231
138 235
138 237
138 238
138 241
138 246
138 254
138 258
138 260
138 261
138 269
138 272
138 274
138 277
138 283
138 284
138 285
138 286
138 287
138 288
138 294
138 295
139 140
139 144
139 146
139 152
139 154
139 157
139 160
139 169
139 172
139 173
139 176
139 179
139 180
139 185
139 189
139 192
139 193
139 194
139 195
139 199
139 200
139 202
139 203
139 205
139 206
139 207
139 208
139 209
139 216
139 220
139 222
139 226
139 227
139 228
139 231
139 234
139 241
139 242
139 245
139 247
139 249
139 251
139 253
139 256
139 258
139 261
139 262
139 263
139 266
139 269
139 277
139 278
139 279
139 280
139 281
139 282
139 284
139 286
139 288
139 292
139 296
140 141
140 145
140 146
140 149
140 153
140 161
140 167
140 168
140 172
140 175
140 177
140 178
140 181
140 187
140 190
140 191
140 195
140 197
140 205
140 206
140 208
140 210
140 214
140 217
140 219
140 220
140 226
140 228
140 229
140 233
140 234
140 244
140 249
140 250
140 252
140 253
140 254
140 255
140 260
140 264
140 273
140 274
140 276
140 277
140 278
140 279
140 281
140 282
140 284
140 285
140 290
140 299
141 149
141 163
141 164
141 165
141 168
141 170
141 174
141 178
141 181
141 186
141 190
141 196
141 197
141 200
141 203
141 207
141 208
141 212
141 213
141 215
141 220
141 231
141 234
141 235
141 245
141 246
141 248
141 249
141 251
141 253
141 255
141 257
141 259
141 261
141 262
141 263
141 271
141 272
141 278
141 279
141 280
141 281
141 282
141 283
141 288
141 290
141 292
141 296
141 298
141 299
142 143
142 144
142 146
142 148
142 155
142 160
142 162
142 164
142 172
142 174
142 176
142 179
142 180
142 183
142 189
142 194
142 195
142 198
142 208
142 216
142 227
142 229
142 233
142 239
142 240
142 241
142 247
142 248
142 254
142 257
142 261
142 265
142 267
142 269
142 271
142 275
142 277
142 278
142 280
142 285
142 289
142 290
142 291
142 299
143 146
143 148
143 152
143 159
143 164
143 166
143 176
143 178
143 181
143 186
143 191
143 197
143 201
143 204
143 205
143 208
143 210
143 211
143 216
143 221
143 225
143 228
143 231
143 233
143 234
143 235
143 240
143 241
143 242
143 245
143 246
143 251
143 252
143 253
143 254
143 255
143 259
143 264
143 265
143 266
143 273
143 275
143 276
143 280
143 282
143 285
143 289
143 293
143 294
143 297
143 298
144 145
144 146
144 147
144 149
144 150
144 151
144 153
144 154
144 158
144 162
144 163
144 167
144 171
144 173
144 193
144 195
144 202
144 204
144 205
144 206
144 207
144 208
144 210
144 213
144 218
144 222
144 223
144 227
144 229
144 232
144 233
144 234
144 238
144 239
144 240
144 243
144 245
144 247
144 252
144 257
144 258
144 259
144 267
144 269
144 271
144 272
144 274
144 278
144 279
144 280
144 284
144 285
144 286
144 289
144 290
144 293
145 147
145 148
145 151
145 155
145 157
145 159
145 164
145 170
145 181
145 184
145 187
145 190
145 192
145 194
145 198
145 202
145 205
145 210
145 214
145 218
145 220
145 223
145 226
145 229
145 230
145 231
145 236
145 240
145 241
145 242
145 243
145 248
145 249
145 251
145 252
145 253
145 257
145 263
145 264
145 267
145 271
145 275
145 278
145 281
145 283
145 287
145 288
145 291
145 297
145 298
146 150
146 152
146 153
146 154
146 162
146 164
146 168
146 171
146 172
146 173
146 176
146 177
146 179
146 180
146 181
146 195
146 208
146 211
146 214
146 215
146 218
146 220
146 224
146 231
146 232
146 233
146 235
146 240
146 242
146 244
146 245
146 249
146 251
146 256
146 259
146 260
146 261
146 272
146 275
146 284
146 285
146 286
146 289
146 290
146 292
146 298
146 299
147 156
147 162
147 163
147 165
147 166
147 169
147 171
147 174
147 175
147 176
147 179
147 182
147 190
147 193
147 196
147 197
147 199
147 200
147 203
147 205
147 206
147 207
147 211
147 213
147 214
147 215
147 216
147 226
147 227
147 228
147 240
147 243
147 246
147 247
147 250
147 251
147 254
147 257
147 264
147 267
147 268
147 271
147 272
147 274
147 276
147 279
147 280
147 284
147 288
147 290
147 292
147 299
148 151
148 158
148 159
148 160
148 165
148 166
148 168
148 169
148 173
148 182
148 184
148 187
148 192
148 195
148 206
148 210
148 216
148 218
148 220
148 224
148 227
148 230
148 231
148 233
148 234
148 240
148 242
148 243
148 247
148 248
148 255
148 263
148 264
148 267
148 270
148 271
148 276
148 280
148 281
148 288
148 298
149 164
149 165
149 166
149 169
149 175
149 179
149 180
149 184
149 186
149 187
149 189
149 191
149 201
149 203
149 206
149 208
149 211
149 212
149 215
149 217
149 219
149 222
149 224
149 227
149 229
149 232
149 233
149 238
149 239
149 241
149 250
149 256
149 263
149 264
149 266
149 267
149 271
149 274
149 276
149 279
149 286
149 287
149 288
149 292
149 294
149 296
150 157
150 161
150 165
150 166
150 167
150 169
150 170
150 171
150 173
150 178
150 179
150 182
150 187
150 188
150 193
150 195
150 198
150 199
150 203
150 204
150 210
150 212
150 216
150 218
150 219
150 221
150 223
150 234
150 237
150 239
150 240
150 243
150 253
150 258
150 259
150 272
150 277
150 278
150 279
150 284
150 286
150 288
150 297
150 298
150 299
151 154
151 155
151 156
151 157
151 163
151 164
151 165
151 168
151 170
151 172
151 177
151 178
151 180
151 182
151 183
151 191
151 192
151 193
151 198
151 201
151 202
151 204
151 207
151 208
151 210
151 213
151 214
151 217
151 225
151 228
151 230
151 232
151 240
151 241
151 243
151 249
151 250
151 259
151 265
151 271
151 273
151 276
151 279
151 280
151 282
151 286
151 287
151 295
151 297
152 154
152 155
152 156
152 158
152 160
152 161
152 162
152 165
152 170
152 171
152 177
152 184
152 186
152 189
152 190
152 192
152 194
152 196
152 201
152 206
152 209
152 217
152 218
152 219
152 220
152 223
152 225
152 226
152 228
152 229
152 231
152 242
152 243
152 249
152 251
152 252
152 253
152 254
152 255
152 257
152 260
152 264
152 270
152 271
152 273
152 275
152 277
152 278
152 282
152 291
152 293
152 295
152 297
153 160
153 164
153 165
153 168
153 170
153 173
153 189
153 195
153 196
153 202
153 203
153 207
153 209
153 211
153 215
153 223
153 225
153 228
153 230
153 233
153 234
153 241
153 245
153 248
153 249
153 255
153 258
153 259
153 261
153 266
153 268
153 270
153 272
153 273
153 274
153 276
153 278
153 280
153 284
153 286
154 158
154 160
154 161
154 162
154 164
154 166
154 168
154 171
154 174
154 175
154 182
154 185
154 189
154 195
154 198
154 201
154 203
154 206
154 210
154 213
154 215
154 223
154 225
154 231
154 233
154 242
154 246
154 248
154 249
154 251
154 253
154 254
154 263
154 267
154 276
154 281
154 288
154 289
154 290
154 294
154 295
154 298
155 162
155 163
155 168
155 169
155 173
155 180
155 181
155 185
155 189
155 197
155 202
155 206
155 208
155 216
155 221
155 224
155 228
155 229
155 231
155 236
155 243
155 245
155 247
155 250
155 261
155 266
155 270
155 272
155 274
155 276
155 281
155 287
155 288
155 290
155 292
155 296
156 157
156 160
156 161
156 163
156 164
156 166
156 171
156 172
156 173
156 177
156 183
156 190
156 195
156 201
156 202
156 209
156 211
156 215
156 216
156 220
156 222
156 223
156 225
156 226
156 227
156 229
156 237
156 238
156 239
156 248
156 249
156 252
156 255
156 256
156 261
156 266
156 275
156 281
156 283
156 285
156 287
156 293
156 297
157 159
157 161
157 166
157 172
157 173
157 175
157 176
157 179
157 182
157 186
157 195
157 198
157 199
157 203
157 204
157 207
157 210
157 212
157 215
157 216
157 219
157 222
157 223
157 226
157 232
157 235
157 237
157 240
157 242
157 243
157 244
157 246
157 247
157 248
157 249
157 253
157 254
157 256
157 260
157 262
157 274
157 276
157 278
157 280
157 281
157 282
157 283
157 284
157 288
157 291
157 296
158 168
158 172
158 173
158 185
158 187
158 191
158 192
158 196
158 199
158 200
158 201
158 211
158 213
158 221
158 224
158 226
158 227
158 232
158 238
158 239
158 244
158 245
158 247
158 249
158 257
158 261
158 263
158 268
158 269
158 272
158 275
158 276
158 279
158 281
158 285
158 296
159 167
159 172
159 176
159 178
159 179
159 183
159 189
159 193
159 194
159 199
159 201
159 208
159 209
159 212
159 214
159 218
159 221
159 225
159 226
159 228
159 230
159 231
159 241
159 245
159 248
159 249
159 256
159 263
159 266
159 267
159 268
159 271
159 274
159 279
159 283
159 286
159 293
159 294
159 295
159 298
159 299
160 161
160 163
160 164
160 165
160 167
160 171
160 174
160 180
160 181
160 183
160 186
160 189
160 191
160 194
160 195
160 205
160 208
160 212
160 213
160 214
160 215
160 216
160 217
160 220
160 221
160 224
160 230
160 231
160 233
160 236
160 239
160 244
160 253
160 259
160 264
160 267
160 268
160 272
160 279
160 284
160 290
160 291
160 292
160 293
160 294
160 298
161 162
161 169
161 170
161 174
161 180
161 181
161 183
161 184
161 185
161 186
161 208
161 209
161 210
161 212
161 214
161 215
161 218
161 223
161 225
161 226
161 231
161 234
161 240
161 241
161 242
161 243
161 249
161 251
161 253
161 257
161 258
161 259
161 262
161 263
161 265
161 267
161 268
161 269
161 271
161 277
161 283
161 285
161 288
161 292
161 293
161 296
161 297
162 167
162 172
162 173
162 175
162 178
162 179
162 180
162 184
162 186
162 187
162 189
162 191
162 194
162 197
162 199
162 202
162 207
162 209
162 215
162 224
162 226
162 227
162 234
162 238
162 239
162 241
162 243
162 250
162 251
162 261
162 265
162 266
162 267
162 268
162 271
162 283
162 285
162 289
162 291
162 299
163 167
163 170
163 173
163 183
163 185
163 189
163 195
163 200
163 202
163 216
163 218
163 220
163 223
163 236
163 239
163 240
163 243
163 246
163 252
163 259
163 262
163 263
163 264
163 266
163 268
163 271
163 277
163 279
163 280
163 281
163 282
163 286
163 288
163 289
163 294
163 297
163 298
163 299
164 166
164 168
164 171
164 173
164 177
164 179
164 187
164 190
164 193
164 194
164 197
164 199
164 200
164 203
164 208
164 212
164 213
164 215
164 227
164 231
164 236
164 237
164 241
164 250
164 253
164 262
164 263
164 264
164 267
164 269
164 271
164 272
164 273
164 274
164 276
164 277
164 278
164 279
164 280
164 285
164 286
164 290
164 293
164 294
165 167
165 170
165 177
165 180
165 184
165 188
165 198
165 201
165 202
165 204
165 210
165 213
165 218
165 221
165 222
165 224
165 227
165 230
165 237
165 243
165 245
165 261
165 269
165 274
165 276
165 283
165 289
165 294
165 295
165 296
165 297
166 168
166 176
166 180
166 183
166 186
166 194
166 196
166 200
166 201
166 203
166 204
166 209
166 211
166 212
166 215
166 223
166 226
166 228
166 231
166 233
166 234
166 240
166 241
166 243
166 245
166 247
166 248
166 249
166 252
166 256
166 257
166 261
166 262
166 263
166 269
166 277
166 278
166 282
166 285
166 288
166 292
166 296
166 298
166 299
167 171
167 174
167 176
167 178
167 180
167 181
167 182
167 187
167 191
167 214
167 216
167 219
167 221
167 223
167 224
167 228
167 229
167 230
167 232
167 237
167 240
167 244
167 247
167 249
167 254
167 255
167 256
167 257
167 258
167 259
167 260
167 261
167 264
167 266
167 269
167 272
167 273
167 278
167 281
167 287
167 290
167 294
168 170
168 177
168 180
168 181
168 182
168 183
168 184
168 185
168 186
168 191
168 194
168 195
168 197
168 203
168 205
168 210
168 212
168 217
168 221
168 222
168 226
168 228
168 233
168 235
168 236
168 237
168 238
168 239
168 242
168 252
168 256
168 259
168 263
168 267
168 269
168 270
168 275
168 282
168 283
168 284
168 290
168 291
168 293
168 296
168 298
169 171
169 172
169 177
169 181
169 183
169 184
169 188
169 190
169 192
169 196
169 203
169 209
169 213
169 214
169 215
169 217
169 228
169 229
169 230
169 231
169 236
169 239
169 247
169 249
169 255
169 259
169 262
169 264
169 267
169 269
169 270
169 279
169 280
169 281
169 284
169 290
169 293
169 294
169 296
170 173
170 177
170 180
170 181
170 182
170 185
170 187
170 188
170 189
170 192
170 193
170 194
170 204
170 210
170 211
170 212
170 215
170 216
170 217
170 224
170 229
170 233
170 234
170 235
170 236
170 237
170 239
170 241
170 242
170 248
170 256
170 259
170 262
170 265
170 273
170 274
170 275
170 284
170 286
170 287
170 288
170 299
171 176
171 177
171 178
171 180
171 181
171 183
171 184
171 187
171 192
171 194
171 197
171 198
171 202
171 204
171 207
171 214
171 215
171 216
171 221
171 222
171 226
171 230
171 243
171 245
171 248
171 249
171 251
171 253
171 254
171 256
171 260
171 261
171 262
171 265
171 273
171 278
171 280
171 288
171 289
171 291
171 292
171 297
172 176
172 179
172 180
172 195
172 200
172 208
172 212
172 218
172 220
172 222
172 224
172 227
172 228
172 229
172 230
172 231
172 233
172 237
172 238
172 239
172 241
172 243
172 244
172 245
172 256
172 264
172 267
172 270
172 272
172 274
172 277
172 280
172 285
172 287
172 288
172 291
172 292
172 295
173 176
173 179
173 183
173 187
173 189
173 194
173 203
173 205
173 210
173 213
173 216
173 218
173 221
173 231
173 232
173 235
173 238
173 241
173 244
173 253
173 256
173 258
173 261
173 263
173 264
173 267
173 269
173 271
173 273
173 274
173 277
173 279
173 282
173 284
173 285
173 286
173 287
173 291
174 177
174 183
174 185
174 186
174 188
174 193
174 194
174 197
174 198
174 199
174 200
174 202
174 203
174 212
174 215
174 220
174 223
174 232
174 233
174 239
174 243
174 247
174 249
174 250
174 260
174 263
174 272
174 273
174 276
174 279
174 283
174 288
174 293
174 296
175 177
175 179
175 185
175 191
175 192
175 193
175 196
175 199
175 201
175 209
175 210
175 212
175 215
175 221
175 222
175 225
175 227
175 228
175 233
175 234
175 244
175 248
175 250
175 253
175 257
175 258
175 259
175 260
175 261
175 263
175 264
175 267
175 272
175 276
175 277
175 278
175 279
175 286
175 287
175 292
175 293
176 180
176 194
176 198
176 205
176 206
176 209
176 210
176 211
176 212
176 218
176 220
176 221
176 224
176 238
176 240
176 243
176 248
176 249
176 250
176 251
176 252
176 256
176 262
176 263
176 265
176 269
176 272
176 276
176 279
176 283
176 285
176 287
176 289
176 291
176 293
176 294
176 297
177 178
177 180
177 182
177 190
177 192
177 193
177 195
177 198
177 202
177 206
177 208
177 210
177 211
177 215
177 224
177 227
177 231
177 232
177 235
177 237
177 241
177 242
177 244
177 246
177 250
177 257
177 260
177 264
177 267
177 268
177 275
177 276
177 278
177 280
177 281
177 288
177 292
177 293
177 296
177 298
178 182
178 185
178 188
178 190
178 192
178 193
178 197
178 198
178 199
178 202
178 204
178 206
178 208
178 218
178 224
178 225
178 235
178 237
178 244
178 248
178 249
178 250
178 251
178 252
178 264
178 265
178 267
178 268
178 276
178 278
178 285
178 286
178 288
178 290
178 291
178 294
178 295
179 181
179 192
179 193
179 195
179 196
179 201
179 202
179 205
179 209
179 213
179 216
179 217
179 223
179 227
179 228
179 229
179 232
179 237
179 247
179 251
179 252
179 256
179 258
179 262
179 264
179 266
179 269
179 270
179 272
179 274
179 276
179 278
179 280
179 281
179 282
179 284
179 287
179 291
179 292
179 293
179 298
180 181
180 184
180 196
180 203
180 211
180 213
180 218
180 219
180 220
180 225
180 227
180 228
180 231
180 234
180 235
180 237
180 239
180 242
180 244
180 247
180 250
180 254
180 258
180 260
180 264
180 265
180 272
180 275
180 278
180 282
180 284
180 285
180 287
180 289
180 291
180 295
180 298
181 182
181 183
181 187
181 190
181 195
181 197
181 198
181 200
181 207
181 219
181 225
181 229
181 232
181 237
181 238
181 239
181 244
181 247
181 248
181 251
181 254
181 255
181 260
181 261
181 265
181 266
181 267
181 269
181 274
181 275
181 276
181 277
181 279
181 280
181 281
181 285
181 286
181 287
181 291
181 292
181 293
181 294
181 298
181 299
182 185
182 191
182 192
182 193
182 194
182 195
182 200
182 202
182 208
182 210
182 218
182 220
182 223
182 225
182 228
182 233
182 234
182 245
182 251
182 252
182 256
182 263
182 265
182 268
182 275
182 278
182 279
182 280
182 282
182 283
182 287
182 294
182 296
183 190
183 192
183 195
183 197
183 202
183 204
183 205
183 206
183 208
183 211
183 212
183 216
183 221
183 222
183 225
183 226
183 229
183 231
183 233
183 241
183 247
183 250
183 252
183 260
183 267
183 275
183 278
183 280
183 288
183 291
183 292
183 295
183 296
183 299
184 185
184 191
184 197
184 199
184 206
184 211
184 216
184 221
184 222
184 228
184 231
184 233
184 234
184 240
184 243
184 244
184 246
184 248
184 252
184 257
184 271
184 274
184 276
184 282
184 283
184 288
184 291
184 297
185 189
185 202
185 204
185 206
185 209
185 213
185 214
185 223
185 229
185 230
185 233
185 235
185 239
185 240
185 248
185 249
185 250
185 252
185 257
185 259
185 260
185 262
185 265
185 267
185 268
185 269
185 272
185 275
185 278
185 280
185 282
185 284
185 291
185 292
185 293
185 295
185 297
186 187
186 188
186 191
186 192
186 193
186 194
186 195
186 196
186 199
186 200
186 204
186 207
186 211
186 223
186 227
186 230
186 233
186 238
186 239
186 240
186 241
186 243
186 246
186 250
186 253
186 257
186 260
186 261
186 262
186 270
186 271
186 272
186 273
186 274
186 276
186 280
186 283
186 287
186 288
186 292
186 294
187 189
187 196
187 201
187 204
187 213
187 215
187 219
187 220
187 225
187 229
187 236
187 242
187 245
187 247
187 248
187 251
187 253
187 260
187 261
187 262
187 263
187 265
187 270
187 272
187 275
187 276
187 287
187 289
187 291
187 293
187 294
187 299
188 192
188 198
188 199
188 201
188 204
188 206
188 208
188 212
188 216
188 220
188 225
188 227
188 228
188 230
188 231
188 240
188 242
188 246
188 252
188 254
188 259
188 260
188 265
188 271
188 281
188 284
188 286
188 288
188 294
188 298
189 192
189 196
189 197
189 198
189 199
189 204
189 209
189 212
189 223
189 227
189 229
189 231
189 232
189 236
189 240
189 248
189 249
189 250
189 251
189 255
189 259
189 260
189 261
189 263
189 269
189 270
189 276
189 277
189 280
189 281
189 283
189 290
189 296
190 191
190 194
190 195
190 197
190 198
190 201
190 207
190 209
190 212
190 214
190 221
190 235
190 241
190 243
190 245
190 247
190 255
190 256
190 259
190 261
190 264
190 266
190 269
190 271
190 272
190 278
190 279
190 280
190 281
190 287
190 291
190 293
190 295
190 296
191 192
191 197
191 205
191 214
191 215
191 222
191 228
191 230
191 232
191 237
191 238
191 239
191 241
191 247
191 252
191 257
191 264
191 265
191 272
191 275
191 276
191 278
191 280
191 283
191 285
191 289
191 293
191 294
191 295
192 200
192 205
192 207
192 208
192 209
192 215
192 218
192 219
192 220
192 227
192 231
192 232
192 234
192 241
192 258
192 261
192 263
192 267
192 272
192 275
192 280
192 284
192 285
192 288
192 289
192 294
193 197
193 198
193 201
193 203
193 205
193 211
193 215
193 217
193 220
193 222
193 226
193 229
193 236
193 237
193 241
193 246
193 247
193 252
193 255
193 264
193 272
193 274
193 275
193 279
193 281
193 282
193 284
193 288
193 292
193 295
193 298
194 195
194 196
194 197
194 211
194 212
194 213
194 224
194 225
194 227
194 228
194 236
194 241
194 250
194 259
194 262
194 264
194 271
194 272
194 273
194 274
194 275
194 278
194 279
194 281
194 284
194 288
194 289
194 291
194 294
194 295
194 296
194 297
194 298
194 299
195 197
195 198
195 205
195 208
195 209
195 212
195 214
195 230
195 237
195 238
195 241
195 247
195 250
195 263
195 273
195 275
195 279
195 280
195 289
195 290
195 291
195 293
195 295
196 200
196 208
196 209
196 210
196 217
196 219
196 222
196 224
196 226
196 227
196 229
196 231
196 234
196 239
196 243
196 245
196 246
196 250
196 252
196 256
196 258
196 266
196 267
196 271
196 275
196 280
196 285
196 287
196 290
196 293
196 296
196 298
197 198
197 200
197 202
197 208
197 209
197 210
197 212
197 216
197 218
197 219
197 222
197 225
197 227
197 231
197 235
197 238
197 241
197 242
197 243
197 245
197 246
197 254
197 256
197 259
197 264
197 268
197 269
197 272
197 282
197 292
197 293
197 297
197 299
198 199
198 201
198 203
198 204
198 207
198 209
198 214
198 217
198 218
198 222
198 225
198 229
198 231
198 233
198 236
198 242
198 249
198 250
198 251
198 253
198 256
198 260
198 263
198 267
198 270
198 273
198 277
198 281
198 282
198 288
198 295
198 297
198 298
198 299
199 200
199 201
199 208
199 211
199 212
199 215
199 218
199 219
199 222
199 224
199 225
199 226
199 233
199 234
199 235
199 236
199 245
199 255
199 256
199 258
199 264
199 266
199 267
199 270
199 272
199 278
199 279
199 281
199 288
199 289
199 290
200 201
200 206
200 209
200 210
200 219
200 223
200 224
200 231
200 233
200 239
200 240
200 250
200 251
200 256
200 257
200 262
200 269
200 272
200 274
200 277
200 278
200 284
200 285
200 289
200 290
200 295
200 297
200 298
201 206
201 209
201 214
201 218
201 219
201 220
201 221
201 223
201 227
201 239
201 241
201 243
201 246
201 251
201 252
201 253
201 259
201 260
201 263
201 264
201 267
201 272
201 275
201 281
201 286
201 288
201 293
201 299
202 210
202 212
202 216
202 221
202 224
202 227
202 229
202 230
202 244
202 245
202 246
202 247
202 250
202 252
202 253
202 261
202 263
202 264
202 267
202 269
202 274
202 276
202 277
202 278
202 279
202 282
202 284
202 285
202 287
202 294
202 298
203 205
203 207
203 208
203 209
203 211
203 224
203 230
203 231
203 239
203 240
203 241
203 242
203 244
203 246
203 250
203 252
203 254
203 256
203 265
203 275
203 277
203 288
203 294
204 206
204 207
204 211
204 215
204 216
204 217
204 221
204 226
204 227
204 228
204 231
204 232
204 236
204 242
204 244
204 252
204 261
204 270
204 273
204 278
204 281
204 282
204 285
204 290
204 296
205 207
205 208
205 210
205 219
205 222
205 225
205 226
205 231
205 239
205 240
205 243
205 244
205 245
205 246
205 250
205 251
205 255
205 268
205 271
205 277
205 280
205 282
205 284
205 286
205 294
205 296
205 298
206 207
206 208
206 209
206 211
206 212
206 213
206 214
206 215
206 218
206 226
206 227
206 233
206 240
206 245
206 249
206 250
206 251
206 254
206 256
206 258
206 261
206 266
206 269
206 270
206 271
206 272
206 274
206 276
206 279
206 280
206 282
206 283
206 294
206 295
206 297
206 298
206 299
207 212
207 215
207 219
207 220
207 221
207 222
207 229
207 233
207 236
207 239
207 240
207 243
207 249
207 250
207 251
207 252
207 253
207 255
207 259
207 260
207 264
207 265
207 267
207 269
207 270
207 271
207 273
207 275
207 278
207 280
207 284
207 285
207 286
207 289
207 290
207 296
207 297
208 209
208 216
208 220
208 227
208 230
208 232
208 235
208 238
208 240
208 246
208 247
208 261
208 265
208 268
208 270
208 272
208 277
208 289
208 291
208 292
208 293
208 294
208 296
208 297
208 299
209 210
209 213
209 225
209 231
209 232
209 234
209 236
209 237
209 240
209 243
209 247
209 253
209 255
209 258
209 259
209 260
209 267
209 273
209 275
209 281
209 284
209 290
209 292
209 295
209 299
210 212
210 213
210 214
210 217
210 218
210 219
210 222
210 230
210 231
210 233
210 235
210 237
210 238
210 240
210 243
210 249
210 253
210 255
210 260
210 262
210 263
210 272
210 273
210 274
210 275
210 278
210 284
210 286
211 213
211 214
211 223
211 227
211 228
211 230
211 231
211 236
211 237
211 238
211 244
211 248
211 253
211 255
211 257
211 259
211 262
211 264
211 271
211 274
211 275
211 276
211 277
211 280
211 285
211 286
211 291
211 294
211 296
212 213
212 217
212 220
212 222
212 224
212 225
212 228
212 229
212 232
212 235
212 236
212 239
212 240
212 242
212 249
212 250
212 251
212 253
212 254
212 256
212 259
212 266
212 267
212 269
212 271
212 273
212 274
212 276
212 277
212 279
212 280
212 282
212 284
212 285
212 286
212 295
212 297
212 298
213 214
213 215
213 217
213 218
213 221
213 222
213 225
213 226
213 229
213 230
213 231
213 233
213 236
213 239
213 241
213 242
213 246
213 247
213 248
213 249
213 254
213 257
213 261
213 264
213 266
213 267
213 271
213 278
213 279
213 281
213 283
213 285
213 286
213 288
213 291
213 294
213 296
213 297
214 215
214 222
214 224
214 225
214 227
214 235
214 237
214 240
214 245
214 247
214 251
214 257
214 265
214 266
214 271
214 272
214 277
214 279
214 281
214 282
214 287
214 292
214 294
214 297
215 223
215 226
215 228
215 231
215 232
215 242
215 243
215 251
215 258
215 264
215 268
215 272
215 276
215 280
215 282
215 284
215 288
215 289
215 290
215 292
215 293
215 295
215 297
216 217
216 219
216 220
216 225
216 227
216 229
216 233
216 235
216 241
216 243
216 244
216 249
216 251
216 253
216 255
216 257
216 260
216 263
216 274
216 285
216 286
216 293
216 295
216 296
217 225
217 227
217 231
217 244
217 250
217 252
217 255
217 257
217 261
217 263
217 265
217 268
217 270
217 271
217 273
217 276
217 279
217 293
217 298
217 299
218 224
218 225
218 226
218 227
218 228
218 229
218 234
218 235
218 236
218 237
218 240
218 246
218 249
218 259
218 264
218 265
218 266
218 273
218 280
218 281
218 282
218 283
218 288
218 290
218 298
218 299
219 221
219 223
219 227
219 228
219 229
219 238
219 243
219 246
219 248
219 252
219 253
219 256
219 257
219 258
219 259
219 260
219 263
219 265
219 266
219 267
219 279
219 280
219 284
219 285
219 286
219 291
219 293
219 294
220 238
220 240
220 242
220 244
220 245
220 250
220 260
220 262
220 266
220 267
220 269
220 272
220 273
220 278
220 279
220 283
220 287
220 288
220 293
221 231
221 234
221 236
221 242
221 245
221 248
221 251
221 252
221 256
221 259
221 275
221 276
221 277
221 278
221 280
221 284
221 285
221 288
221 289
221 291
221 293
221 295
221 297
222 224
222 226
222 229
222 232
222 241
222 245
222 246
222 251
222 252
222 255
222 259
222 261
222 262
222 265
222 266
222 273
222 274
222 275
222 278
222 285
222 289
222 291
222 292
222 296
222 297
222 298
222 299
223 228
223 229
223 232
223 233
223 234
223 237
223 239
223 241
223 247
223 255
223 256
223 263
223 264
223 266
223 267
223 270
223 272
223 274
223 275
223 277
223 280
223 281
223 288
223 294
223 296
224 229
224 230
224 239
224 241
224 242
224 243
224 245
224 248
224 253
224 254
224 258
224 259
224 263
224 265
224 268
224 269
224 276
224 278
224 281
224 288
224 291
224 292
224 293
224 296
224 299
225 230
225 231
225 232
225 233
225 238
225 246
225 250
225 254
225 257
225 264
225 266
225 269
225 270
225 284
225 291
225 294
226 227
226 232
226 233
226 235
226 238
226 239
226 240
226 242
226 244
226 247
226 251
226 257
226 259
226 264
226 271
226 272
226 275
226 276
226 279
226 290
226 293
226 294
226 299
227 228
227 231
227 233
227 236
227 238
227 239
227 242
227 248
227 250
227 252
227 253
227 256
227 258
227 260
227 265
227 266
227 272
227 277
227 278
227 283
227 284
227 287
227 290
227 294
227 298
227 299
228 229
228 230
228 232
228 235
228 237
228 238
228 241
228 245
228 247
228 248
228 249
228 250
228 255
228 266
228 269
228 270
228 271
228 279
228 281
228 282
228 286
228 287
228 293
228 295
228 298
228 299
229 230
229 233
229 234
229 235
229 238
229 239
229 240
229 243
229 244
229 245
229 250
229 253
229 255
229 257
229 260
229 263
229 265
229 269
229 278
229 283
229 284
229 287
229 293
229 295
229 296
229 298
230 232
230 237
230 240
230 242
230 245
230 247
230 249
230 257
230 265
230 267
230 278
230 279
230 281
230 282
230 285
230 290
230 291
230 292
230 298
230 299
231 239
231 244
231 245
231 247
231 248
231 250
231 256
231 257
231 260
231 261
231 262
231 265
231 266
231 268
231 274
231 276
231 279
231 281
231 285
231 287
231 291
232 241
232 245
232 246
232 247
232 248
232 254
232 256
232 257
232 259
232 266
232 268
232 269
232 277
232 280
232 285
232 288
232 291
232 293
232 298
233 239
233 243
233 246
233 255
233 265
233 266
233 272
233 283
233 286
233 289
233 290
233 294
233 295
233 296
233 298
233 299
234 239
234 240
234 243
234 246
234 247
234 251
234 253
234 254
234 260
234 263
234 265
234 271
234 274
234 281
234 290
234 295
234 296
234 299
235 242
235 243
235 249
235 253
235 257
235 259
235 262
235 266
235 269
235 277
235 278
235 280
235 284
235 288
235 290
235 291
235 293
235 294
235 296
235 297
235 299
236 237
236 243
236 244
236 246
236 251
236 261
236 274
236 275
236 277
236 280
236 283
236 290
236 298
237 249
237 252
237 253
237 256
237 258
237 260
237 275
237 279
237 281
237 283
237 289
237 292
237 293
237 294
238 243
238 251
238 253
238 255
238 256
238 257
238 258
238 259
238 266
238 273
238 276
238 278
238 282
238 289
238 293
238 295
238 297
238 298
238 299
239 245
239 250
239 255
239 258
239 260
239 264
239 267
239 270
239 273
239 274
239 275
239 280
239 283
239 284
239 285
239 287
239 290
239 291
239 292
239 293
240 241
240 245
240 247
240 252
240 256
240 261
240 263
240 269
240 270
240 271
240 272
240 275
240 280
240 281
240 284
240 285
240 286
240 287
240 291
240 292
240 293
240 295
240 296
241 247
241 249
241 252
241 254
241 255
241 256
241 263
241 264
241 265
241 268
241 271
241 277
241 278
241 281
241 285
241 287
241 295
241 297
241 298
242 243
242 245
242 246
242 255
242 260
242 261
242 274
242 280
242 285
242 290
242 291
242 298
242 299
243 245
243 246
243 247
243 248
243 250
243 256
243 258
243 259
243 260
243 264
243 269
243 274
243 277
243 282
243 283
243 286
243 288
243 289
243 290
243 291
243 295
243 297
243 298
244 249
244 251
244 252
244 257
244 263
244 266
244 267
244 286
244 287
244 289
244 290
244 291
244 292
244 294
244 299
245 247
245 248
245 252
245 255
245 259
245 265
245 268
245 273
245 274
245 281
245 283
245 284
245 285
245 289
245 293
245 296
246 247
246 249
246 254
246 259
246 266
246 267
246 271
246 272
246 273
246 276
246 278
246 279
246 280
246 281
246 282
246 284
246 290
246 291
246 292
246 295
246 297
247 249
247 250
247 253
247 255
247 258
247 261
247 264
247 265
247 269
247 270
247 271
247 274
247 276
247 277
247 286
247 293
247 294
247 295
247 296
247 299
248 250
248 252
248 253
248 258
248 261
248 267
248 274
248 277
248 279
248 280
248 285
248 289
248 291
248 292
248 293
248 295
249 259
249 264
249 266
249 272
249 274
249 276
249 279
249 280
249 281
249 286
249 288
249 290
249 294
249 298
250 251
250 252
250 254
250 258
250 260
250 264
250 265
250 266
250 267
250 273
250 275
250 276
250 277
250 280
250 286
250 287
250 290
250 291
250 296
251 255
251 258
251 259
251 266
251 271
251 274
251 279
251 283
251 287
251 288
251 290
251 292
251 294
251 296
251 298
252 255
252 259
252 260
252 266
252 270
252 276
252 279
252 280
252 284
252 286
252 288
252 293
252 295
252 298
253 261
253 265
253 267
253 277
253 279
253 280
253 285
253 289
253 291
253 295
253 299
254 255
254 259
254 269
254 273
254 275
254 278
254 289
254 292
254 294
254 295
254 296
254 298
255 256
255 258
255 259
255 260
255 266
255 269
255 275
255 276
255 277
255 283
255 288
255 290
255 291
255 293
255 296
255 297
256 260
256 261
256 262
256 264
256 265
256 267
256 268
256 272
256 278
256 279
256 283
256 284
256 289
256 290
256 293
256 295
257 258
257 261
257 263
257 270
257 271
257 274
257 277
257 278
257 282
257 283
257 289
257 294
257 295
258 261
258 263
258 265
258 267
258 268
258 270
258 277
258 279
258 280
258 281
258 286
258 289
258 293
258 295
258 296
258 297
258 298
259 260
259 261
259 267
259 269
259 270
259 271
259 275
259 277
259 283
259 285
259 289
259 292
259 293
259 295
259 296
259 298
260 269
260 271
260 273
260 274
260 276
260 277
260 285
260 287
260 290
260 291
260 292
260 294
260 296
261 262
261 265
261 269
261 279
261 280
261 284
261 298
262 271
262 275
262 276
262 278
262 280
262 289
262 290
262 291
262 292
262 293
262 294
262 296
263 264
263 265
263 266
263 272
263 275
263 282
263 284
263 287
263 292
263 295
263 299
264 271
264 272
264 274
264 279
264 280
264 282
264 290
264 296
264 297
264 298
264 299
265 266
265 267
265 271
265 273
265 276
265 278
265 280
265 281
265 282
265 284
265 287
265 288
265 289
265 291
265 294
265 296
266 267
266 271
266 272
266 279
266 284
266 285
266 288
266 295
266 296
266 297
266 299
267 269
267 270
267 273
267 274
267 283
267 284
267 287
267 292
267 294
267 295
267 297
268 273
268 283
268 285
268 286
268 288
268 291
268 292
268 295
268 296
268 298
269 273
269 276
269 278
269 281
269 282
269 283
269 288
269 289
269 291
269 299
270 271
270 279
270 280
270 287
270 288
270 296
270 298
270 299
271 273
271 274
271 275
271 277
271 282
271 283
271 284
271 286
271 287
271 290
271 294
271 295
271 296
271 299
272 275
272 277
272 281
272 284
272 285
272 288
272 289
272 293
272 297
272 299
273 274
273 275
273 279
273 281
273 293
273 294
274 275
274 278
274 280
274 281
274 289
274 292
275 278
275 279
275 280
275 282
275 287
275 292
275 295
275 296
275 299
276 281
276 282
276 290
276 291
276 295
276 297
277 278
277 288
277 289
277 294
277 296
277 299
278 282
278 283
278 289
278 291
278 295
278 296
278 297
278 298
278 299
279 285
279 289
279 294
279 295
279 299
280 281
280 282
280 284
280 287
280 290
280 291
280 296
280 297
281 284
281 287
281 292
281 293
281 294
281 296
281 298
282 289
282 294
282 295
282 296
282 297
282 299
283 285
283 289
283 290
283 297
283 298
284 285
284 299
285 293
285 295
286 287
286 293
286 297
287 288
287 289
287 295
287 296
287 297
287 299
288 290
288 291
288 294
288 297
288 299
289 295
289 296
289 297
290 295
291 293
291 294
291 297
291 298
292 299
293 296
293 297
294 295
294 298
295 296
295 298
295 299
