300 1221
0 28
0 29
0 72
0 73
0 82
0 106
0 194
0 199
0 201
0 229
1 43
1 49
1 85
1 135
1 169
1 213
1 249
2 33
2 48
2 156
2 172
2 174
2 187
2 202
2 223
2 250
2 252
3 6
3 61
3 74
3 86
3 112
3 135
3 157
3 161
3 216
3 250
3 254
3 266
3 288
4 8
4 21
4 23
4 25
4 41
4 58
4 87
4 100
4 189
4 235
4 255
4 260
4 261
4 279
5 21
5 26
5 45
5 76
5 118
5 144
5 227
5 232
5 233
5 269
6 8
6 47
6 142
6 172
6 230
7 24
7 42
7 129
7 134
7 150
7 161
7 210
7 254
7 282
7 287
8 24
8 93
8 242
9 18
9 49
9 127
9 161
9 163
9 188
9 203
9 211
9 219
9 221
9 233
9 277
10 11
10 42
10 99
10 106
10 120
10 123
10 134
10 135
10 155
10 182
10 214
10 229
11 59
11 132
11 198
11 261
11 273
11 276
12 104
12 149
12 184
12 259
12 284
12 289
13 143
13 146
13 151
13 203
13 205
13 247
13 276
13 298
14 65
14 74
14 150
14 157
14 194
14 211
14 255
15 32
15 52
15 57
15 111
15 127
15 129
15 193
15 220
15 228
15 232
16 44
16 49
16 54
16 104
16 139
16 152
16 191
16 198
16 231
16 248
16 252
16 279
16 297
17 55
17 134
17 139
17 155
17 166
17 180
17 200
17 275
17 294
18 97
18 118
18 153
18 163
18 168
18 209
19 51
19 83
19 134
19 146
19 298
20 41
20 94
20 146
20 233
21 35
21 62
21 90
21 112
21 127
21 151
21 158
21 224
21 227
21 234
21 261
22 28
22 55
22 100
22 166
22 170
22 193
22 217
22 237
23 109
23 111
23 138
23 156
23 163
23 211
24 93
24 97
24 113
24 116
24 123
24 149
24 151
24 171
24 172
24 174
24 182
24 213
25 28
25 51
25 70
25 123
25 161
25 174
25 175
25 182
25 217
25 227
25 232
25 236
25 241
25 267
25 272
25 287
26 103
26 127
26 158
26 206
26 249
26 265
26 279
27 30
27 122
27 191
27 197
27 206
27 216
27 233
27 247
28 65
28 66
28 147
28 234
29 47
29 71
29 91
29 117
29 136
29 162
29 164
29 178
29 196
29 260
29 261
29 296
30 58
30 72
30 103
30 136
30 143
30 159
30 175
30 231
30 270
30 271
31 61
31 83
31 106
31 107
31 140
31 192
31 233
31 258
32 62
32 90
32 113
32 140
32 179
32 289
33 72
33 93
33 109
33 249
34 73
34 159
34 181
34 189
34 217
34 276
35 65
35 127
35 185
35 197
35 217
35 220
35 284
35 287
36 72
36 128
36 164
36 172
36 187
36 191
36 212
36 223
37 71
37 81
37 143
37 145
37 153
37 168
37 173
37 210
37 260
38 69
38 118
38 188
38 210
38 252
38 257
38 276
38 290
38 293
39 79
39 286
39 290
39 296
39 299
40 111
40 150
40 280
40 283
40 296
41 112
41 122
41 131
41 162
41 195
41 241
41 273
42 99
42 183
42 246
42 254
42 299
43 44
43 61
43 116
43 158
43 181
43 207
43 249
43 267
43 278
44 172
44 175
44 192
44 193
44 240
44 286
45 107
45 144
45 169
45 186
45 216
45 229
45 238
45 283
46 104
46 143
46 168
46 197
46 229
46 240
46 284
47 64
47 67
47 81
47 145
47 146
47 165
47 201
47 253
48 106
48 158
48 194
49 90
49 129
49 141
49 155
49 163
49 172
49 262
50 132
50 138
50 212
50 262
50 273
51 93
51 138
51 149
51 174
51 229
51 264
51 287
52 62
52 86
52 123
52 157
52 176
52 180
52 222
52 226
52 228
52 282
52 286
52 298
53 90
53 141
53 154
53 179
53 239
54 105
54 111
54 177
54 209
54 295
55 133
55 177
55 192
55 233
55 250
56 69
56 114
56 126
56 160
56 200
56 253
56 256
57 90
57 97
57 125
57 126
57 193
57 295
58 80
58 100
58 107
58 111
58 125
58 172
58 212
58 276
58 293
59 62
59 77
59 91
59 101
59 116
59 118
59 119
59 132
59 204
59 221
59 224
59 255
59 292
60 61
60 114
60 159
60 228
60 240
60 275
61 64
61 68
61 71
61 105
61 119
61 143
61 162
61 256
61 268
62 86
62 168
62 237
62 299
63 135
63 203
63 246
63 252
64 92
64 143
64 158
64 190
64 247
65 108
65 113
65 139
65 198
65 218
65 245
65 256
65 289
66 67
66 104
66 106
66 109
66 142
66 165
66 202
66 267
67 119
67 143
67 153
67 154
67 172
67 185
67 221
67 284
68 141
68 173
68 270
69 70
69 116
69 119
69 193
69 224
69 252
70 81
70 109
70 204
70 210
70 213
70 239
70 253
70 295
71 72
71 73
71 104
71 144
71 148
71 159
71 221
71 280
71 284
72 136
72 170
72 176
72 214
72 265
73 109
73 147
73 211
73 289
74 279
75 152
75 180
75 191
75 223
75 226
75 232
75 257
76 108
76 131
76 210
76 224
76 250
77 117
77 120
77 211
77 218
77 290
78 138
78 172
78 214
78 254
78 297
79 162
79 221
80 172
80 251
80 296
81 119
81 136
81 168
81 187
81 258
81 298
82 96
82 129
82 142
82 147
82 172
82 186
82 216
82 221
82 233
82 235
83 86
83 143
84 98
84 103
84 223
84 265
84 281
84 289
85 139
85 173
85 181
85 225
86 104
86 129
86 151
86 201
86 212
86 219
86 268
86 296
87 105
87 122
87 130
87 132
87 144
87 151
87 178
87 188
87 248
87 285
88 257
89 129
89 130
89 138
89 149
89 160
89 198
89 230
89 274
89 297
90 133
90 225
90 262
91 93
91 182
91 186
91 191
91 193
92 134
92 176
92 198
92 203
92 204
92 228
92 233
92 286
92 295
93 96
93 151
93 152
93 193
93 194
93 209
93 214
93 246
93 250
93 288
94 103
94 106
94 107
94 188
94 254
94 291
95 133
95 161
95 193
95 209
96 125
96 253
97 102
97 121
97 219
97 228
98 140
98 224
98 290
99 111
99 128
100 103
100 171
100 273
101 103
101 104
101 144
101 160
101 200
101 201
101 264
101 277
101 288
101 296
102 186
102 193
102 204
102 226
102 264
103 169
103 236
103 283
103 286
104 107
104 139
104 197
104 213
104 265
104 273
104 289
105 107
105 138
105 146
105 148
105 185
105 212
106 107
106 190
106 217
106 250
106 257
106 294
106 295
107 114
107 130
107 298
108 110
108 118
108 158
108 160
108 161
108 180
108 207
108 287
109 135
109 162
109 172
109 199
109 204
109 274
109 291
110 140
110 196
110 197
110 206
110 278
110 294
111 154
111 259
112 121
112 156
112 159
112 176
112 292
113 188
113 256
114 127
114 178
114 188
114 222
115 151
115 192
115 251
115 265
115 278
115 295
116 117
116 225
116 227
116 233
116 281
117 149
117 184
117 269
118 144
118 156
118 185
118 200
118 237
119 164
119 170
119 197
119 251
119 277
119 292
120 176
121 127
121 172
121 182
121 221
121 230
121 297
122 154
122 155
122 192
123 193
124 135
124 139
124 163
124 191
124 216
124 274
125 178
125 213
127 141
127 149
127 220
127 227
127 289
128 210
128 252
128 279
128 296
128 297
129 165
129 186
129 228
129 233
129 253
129 271
130 191
130 225
130 235
130 252
131 268
132 138
132 185
132 224
132 247
132 276
133 229
133 241
133 261
134 151
134 178
134 258
135 297
136 154
136 177
136 190
136 197
136 199
136 201
136 222
136 239
136 262
136 295
137 194
137 213
137 249
137 288
138 149
138 241
138 263
138 277
138 296
139 158
139 265
139 277
139 279
139 293
140 195
140 215
140 244
140 250
140 271
140 288
142 208
142 218
142 250
142 254
142 268
143 155
143 163
143 230
143 234
143 242
143 248
143 285
144 167
144 198
144 211
144 215
144 260
144 276
144 277
145 180
145 242
145 257
145 268
145 272
146 156
146 245
146 276
146 280
147 190
147 240
147 292
148 211
149 169
149 204
149 205
149 288
150 184
150 273
151 152
151 202
151 244
153 155
153 167
153 174
153 194
154 163
154 166
154 233
154 241
154 281
156 159
156 202
156 223
156 252
156 269
157 168
157 185
157 284
157 286
157 290
158 216
158 223
158 242
159 163
159 170
159 198
159 252
159 257
160 175
160 210
160 258
160 279
161 179
161 217
161 227
161 229
161 231
161 232
161 236
161 239
161 261
161 267
161 272
161 273
162 168
162 176
162 178
162 183
162 221
162 224
162 281
162 299
163 231
163 263
164 166
164 200
164 230
164 288
165 249
165 275
166 182
166 250
166 284
167 176
167 246
168 238
168 243
168 260
168 299
169 197
169 200
169 237
171 287
172 181
172 238
173 210
173 221
173 270
174 188
174 243
174 261
174 295
174 297
174 299
175 216
175 274
175 287
175 294
176 204
176 225
176 285
177 229
178 195
178 213
178 231
179 184
179 197
179 203
179 217
179 255
179 284
180 208
180 215
180 228
181 190
181 227
181 255
181 292
182 200
182 256
182 278
182 286
183 205
183 215
183 221
183 255
184 193
184 214
184 233
184 246
184 251
184 298
185 187
185 204
185 207
185 228
185 236
185 263
186 198
186 257
186 272
187 222
187 253
188 220
188 255
188 277
189 258
189 261
190 222
190 268
190 278
191 212
191 281
191 287
192 246
193 199
193 250
194 266
195 200
195 218
195 285
196 197
196 274
196 294
197 260
198 202
198 238
199 227
199 259
199 289
199 297
200 251
200 271
203 214
203 257
203 261
204 217
204 220
204 269
205 206
205 230
206 214
206 275
207 243
208 227
209 234
209 252
209 254
210 246
211 233
211 234
211 241
212 220
212 240
212 258
213 227
213 231
213 261
214 257
214 271
214 287
215 243
215 287
216 260
217 227
217 232
217 236
217 267
217 272
217 290
217 293
218 243
218 269
219 236
219 243
219 268
220 234
220 243
220 264
220 288
221 244
221 249
221 260
221 270
221 275
222 231
223 272
224 285
224 299
225 265
227 232
227 236
227 260
227 267
227 272
228 259
229 232
229 247
229 269
231 240
231 246
231 256
232 236
232 267
232 272
232 298
233 289
233 297
234 238
234 264
234 289
235 292
236 262
236 267
236 272
236 297
236 299
238 245
239 245
239 271
240 288
241 276
243 278
243 288
244 252
244 299
245 246
245 288
246 296
248 293
249 265
249 273
250 288
251 256
251 270
251 271
253 277
253 293
255 288
256 288
257 260
257 289
258 290
259 262
260 289
261 298
262 299
263 264
263 268
263 288
263 290
265 267
265 284
265 294
267 272
268 274
268 284
272 284
274 279
274 280
276 292
277 285
277 297
278 285
279 286
280 295
284 297
286 288
286 299
294 295
