300 13759
0 4
0 8
0 19
0 20
0 21
0 23
0 25
0 26
0 27
0 29
0 33
0 34
0 35
0 36
0 42
0 47
0 50
0 53
0 54
0 56
0 57
0 59
0 63
0 65
0 69
0 71
0 73
0 74
0 82
0 85
0 86
0 89
0 91
0 95
0 99
0 101
0 112
0 115
0 119
0 121
0 127
0 132
0 138
0 139
0 143
0 150
0 152
0 158
0 168
0 172
0 175
0 176
0 180
0 181
0 187
0 189
0 191
0 192
0 197
0 198
0 200
0 201
0 203
0 205
0 211
0 213
0 214
0 215
0 218
0 219
0 220
0 229
0 234
0 240
0 241
0 245
0 253
0 259
0 261
0 265
0 270
0 276
0 278
0 279
0 282
0 285
0 287
0 288
0 292
0 293
0 298
0 299
1 11
1 13
1 15
1 16
1 18
1 21
1 23
1 24
1 28
1 29
1 46
1 49
1 50
1 51
1 55
1 58
1 59
1 60
1 62
1 69
1 70
1 71
1 73
1 84
1 93
1 98
1 101
1 102
1 109
1 110
1 111
1 112
1 113
1 120
1 121
1 122
1 123
1 124
1 129
1 131
1 133
1 134
1 138
1 143
1 145
1 150
1 151
1 152
1 163
1 164
1 165
1 173
1 176
1 181
1 183
1 184
1 187
1 190
1 191
1 194
1 197
1 198
1 210
1 213
1 217
1 222
1 223
1 225
1 229
1 231
1 232
1 234
1 239
1 241
1 251
1 258
1 261
1 264
1 267
1 269
1 271
1 272
1 278
1 279
1 282
1 283
1 286
1 289
1 290
1 296
1 299
2 3
2 5
2 12
2 13
2 15
2 16
2 18
2 21
2 27
2 29
2 34
2 35
2 39
2 45
2 47
2 48
2 50
2 55
2 62
2 63
2 72
2 77
2 79
2 81
2 82
2 84
2 89
2 91
2 92
2 96
2 99
2 101
2 105
2 107
2 110
2 116
2 121
2 122
2 123
2 126
2 128
2 131
2 132
2 138
2 141
2 143
2 145
2 149
2 154
2 157
2 159
2 162
2 164
2 179
2 180
2 181
2 185
2 187
2 190
2 191
2 192
2 198
2 199
2 203
2 208
2 215
2 220
2 222
2 223
2 224
2 226
2 228
2 232
2 234
2 240
2 249
2 251
2 260
2 261
2 273
2 276
2 278
2 283
2 285
2 288
2 290
2 293
3 6
3 10
3 11
3 12
3 14
3 15
3 16
3 17
3 20
3 26
3 27
3 30
3 32
3 39
3 40
3 42
3 44
3 50
3 53
3 62
3 63
3 68
3 72
3 74
3 75
3 76
3 81
3 84
3 96
3 97
3 98
3 99
3 100
3 104
3 109
3 111
3 112
3 114
3 115
3 116
3 121
3 122
3 123
3 124
3 125
3 129
3 135
3 137
3 141
3 146
3 147
3 156
3 158
3 160
3 161
3 165
3 168
3 174
3 177
3 178
3 179
3 181
3 184
3 185
3 192
3 194
3 196
3 202
3 211
3 212
3 216
3 219
3 220
3 227
3 230
3 234
3 237
3 238
3 247
3 248
3 249
3 255
3 256
3 258
3 259
3 260
3 266
3 269
3 275
3 277
3 281
3 284
3 291
4 5
4 7
4 15
4 17
4 18
4 19
4 20
4 21
4 25
4 28
4 33
4 39
4 43
4 48
4 52
4 53
4 62
4 74
4 76
4 81
4 83
4 85
4 94
4 95
4 98
4 99
4 101
4 108
4 110
4 113
4 114
4 120
4 125
4 127
4 131
4 134
4 136
4 138
4 143
4 147
4 153
4 155
4 156
4 159
4 167
4 170
4 174
4 175
4 177
4 178
4 179
4 182
4 185
4 188
4 191
4 193
4 196
4 197
4 200
4 202
4 203
4 204
4 209
4 219
4 221
4 222
4 226
4 229
4 230
4 232
4 235
4 238
4 241
4 242
4 255
4 260
4 262
4 270
4 271
4 274
4 277
4 281
4 293
4 296
5 12
5 16
5 17
5 18
5 19
5 20
5 21
5 24
5 33
5 35
5 38
5 39
5 45
5 48
5 53
5 56
5 57
5 62
5 65
5 67
5 69
5 72
5 73
5 75
5 81
5 84
5 93
5 98
5 100
5 101
5 107
5 108
5 111
5 115
5 117
5 122
5 126
5 132
5 133
5 135
5 137
5 147
5 154
5 155
5 169
5 175
5 176
5 183
5 188
5 190
5 195
5 198
5 199
5 202
5 205
5 207
5 211
5 216
5 226
5 238
5 243
5 247
5 248
5 249
5 253
5 256
5 257
5 258
5 260
5 261
5 262
5 263
5 274
5 275
5 277
5 278
5 280
5 282
5 288
5 289
5 291
5 296
5 298
6 9
6 10
6 12
6 14
6 28
6 29
6 34
6 36
6 39
6 40
6 45
6 48
6 49
6 55
6 60
6 61
6 62
6 63
6 66
6 68
6 69
6 76
6 81
6 88
6 89
6 93
6 94
6 100
6 101
6 102
6 103
6 105
6 110
6 111
6 113
6 120
6 124
6 126
6 127
6 133
6 134
6 135
6 138
6 141
6 142
6 144
6 146
6 149
6 150
6 151
6 159
6 161
6 163
6 166
6 170
6 173
6 175
6 178
6 179
6 181
6 182
6 185
6 186
6 197
6 198
6 216
6 219
6 220
6 221
6 223
6 224
6 226
6 228
6 230
6 235
6 240
6 248
6 250
6 251
6 258
6 259
6 260
6 264
6 276
6 279
6 280
6 285
6 286
6 288
6 290
7 8
7 12
7 16
7 18
7 22
7 33
7 35
7 36
7 38
7 39
7 44
7 45
7 52
7 57
7 58
7 61
7 62
7 65
7 67
7 77
7 79
7 91
7 94
7 95
7 99
7 100
7 102
7 103
7 105
7 106
7 109
7 112
7 119
7 120
7 122
7 123
7 124
7 127
7 131
7 144
7 148
7 149
7 151
7 168
7 170
7 173
7 180
7 184
7 185
7 188
7 190
7 194
7 197
7 199
7 203
7 204
7 205
7 214
7 216
7 219
7 220
7 221
7 225
7 236
7 239
7 240
7 241
7 243
7 248
7 251
7 255
7 258
7 264
7 271
7 272
7 279
7 280
7 283
7 286
7 296
8 9
8 20
8 27
8 31
8 33
8 40
8 42
8 45
8 48
8 52
8 55
8 58
8 59
8 60
8 62
8 64
8 65
8 68
8 71
8 72
8 76
8 81
8 83
8 84
8 90
8 91
8 94
8 95
8 99
8 105
8 106
8 111
8 115
8 116
8 124
8 125
8 126
8 129
8 132
8 135
8 136
8 138
8 139
8 142
8 143
8 145
8 151
8 166
8 167
8 170
8 171
8 174
8 176
8 178
8 182
8 183
8 184
8 185
8 186
8 187
8 189
8 190
8 195
8 196
8 199
8 200
8 201
8 203
8 205
8 207
8 213
8 222
8 227
8 230
8 231
8 236
8 242
8 244
8 247
8 249
8 250
8 251
8 252
8 255
8 257
8 258
8 263
8 267
8 268
8 269
8 271
8 273
8 274
8 276
8 280
8 285
8 291
8 298
9 11
9 12
9 17
9 18
9 20
9 21
9 25
9 29
9 30
9 39
9 41
9 42
9 47
9 52
9 55
9 56
9 57
9 60
9 63
9 67
9 76
9 79
9 81
9 84
9 95
9 96
9 99
9 100
9 103
9 104
9 105
9 107
9 108
9 109
9 115
9 116
9 118
9 125
9 130
9 134
9 137
9 141
9 143
9 144
9 147
9 149
9 160
9 163
9 165
9 173
9 175
9 176
9 184
9 188
9 191
9 193
9 208
9 219
9 224
9 226
9 233
9 234
9 241
9 247
9 250
9 254
9 255
9 256
9 257
9 258
9 259
9 263
9 266
9 270
9 275
9 277
9 281
9 284
9 288
9 294
9 296
9 299
10 12
10 13
10 14
10 16
10 24
10 25
10 27
10 32
10 34
10 40
10 41
10 45
10 50
10 52
10 54
10 57
10 63
10 64
10 71
10 72
10 73
10 74
10 78
10 79
10 81
10 91
10 94
10 95
10 101
10 103
10 106
10 115
10 120
10 121
10 124
10 126
10 135
10 142
10 146
10 147
10 152
10 157
10 160
10 161
10 166
10 169
10 172
10 174
10 179
10 185
10 195
10 196
10 200
10 203
10 207
10 213
10 216
10 220
10 221
10 223
10 228
10 229
10 231
10 233
10 250
10 256
10 261
10 265
10 268
10 270
10 275
10 276
10 279
10 281
10 283
10 284
10 286
10 290
10 296
10 298
11 14
11 17
11 21
11 23
11 24
11 25
11 30
11 31
11 32
11 34
11 49
11 55
11 58
11 61
11 63
11 71
11 72
11 80
11 82
11 83
11 88
11 91
11 96
11 99
11 100
11 104
11 105
11 111
11 122
11 126
11 128
11 136
11 138
11 147
11 150
11 155
11 157
11 158
11 161
11 164
11 165
11 167
11 168
11 169
11 173
11 185
11 187
11 189
11 191
11 193
11 195
11 198
11 201
11 206
11 209
11 218
11 219
11 220
11 221
11 222
11 236
11 237
11 239
11 249
11 254
11 255
11 259
11 265
11 266
11 268
11 272
11 273
11 274
11 285
11 291
11 295
11 298
12 13
12 14
12 18
12 23
12 26
12 31
12 35
12 39
12 43
12 46
12 56
12 60
12 62
12 64
12 65
12 66
12 68
12 71
12 79
12 83
12 84
12 85
12 86
12 88
12 89
12 91
12 93
12 94
12 98
12 99
12 101
12 103
12 104
12 108
12 116
12 117
12 125
12 126
12 131
12 132
12 137
12 140
12 141
12 149
12 150
12 152
12 158
12 161
12 163
12 170
12 172
12 173
12 177
12 182
12 185
12 189
12 193
12 195
12 197
12 198
12 205
12 210
12 212
12 215
12 225
12 227
12 236
12 238
12 239
12 242
12 247
12 249
12 253
12 261
12 263
12 264
12 269
12 270
12 275
12 279
12 282
12 284
12 292
12 294
12 297
12 298
13 15
13 17
13 25
13 26
13 28
13 36
13 39
13 41
13 47
13 49
13 52
13 56
13 57
13 60
13 63
13 64
13 74
13 76
13 77
13 81
13 83
13 86
13 96
13 97
13 99
13 104
13 105
13 108
13 112
13 113
13 117
13 120
13 123
13 127
13 130
13 133
13 135
13 138
13 139
13 141
13 148
13 151
13 152
13 153
13 154
13 157
13 160
13 161
13 170
13 171
13 176
13 179
13 180
13 181
13 183
13 184
13 187
13 189
13 190
13 192
13 202
13 208
13 212
13 215
13 220
13 222
13 229
13 230
13 232
13 235
13 238
13 239
13 240
13 244
13 246
13 250
13 251
13 255
13 256
13 258
13 264
13 267
13 273
13 280
13 282
13 285
13 286
13 288
13 290
13 295
14 18
14 19
14 25
14 28
14 31
14 34
14 39
14 41
14 43
14 44
14 48
14 53
14 56
14 66
14 67
14 68
14 74
14 76
14 79
14 83
14 97
14 98
14 104
14 105
14 109
14 111
14 114
14 127
14 131
14 133
14 136
14 143
14 145
14 148
14 151
14 154
14 160
14 165
14 176
14 186
14 188
14 207
14 208
14 220
14 226
14 229
14 232
14 234
14 235
14 238
14 239
14 247
14 248
14 249
14 254
14 256
14 262
14 263
14 264
14 265
14 267
14 268
14 273
14 276
14 279
14 282
14 284
14 287
14 297
14 299
15 19
15 25
15 28
15 32
15 34
15 39
15 45
15 51
15 53
15 54
15 57
15 58
15 60
15 65
15 66
15 71
15 72
15 73
15 74
15 75
15 82
15 86
15 91
15 93
15 95
15 96
15 103
15 104
15 115
15 116
15 117
15 121
15 130
15 135
15 137
15 143
15 147
15 159
15 161
15 163
15 167
15 170
15 172
15 174
15 177
15 179
15 188
15 200
15 204
15 207
15 209
15 210
15 211
15 213
15 215
15 218
15 219
15 220
15 223
15 230
15 231
15 232
15 233
15 234
15 238
15 239
15 242
15 244
15 246
15 249
15 251
15 255
15 260
15 262
15 267
15 274
15 275
15 277
15 282
15 284
15 291
15 292
15 295
15 296
15 297
15 299
16 22
16 23
16 24
16 26
16 34
16 36
16 40
16 41
16 50
16 51
16 53
16 60
16 61
16 62
16 64
16 72
16 81
16 90
16 94
16 97
16 98
16 99
16 100
16 103
16 107
16 108
16 109
16 115
16 116
16 119
16 125
16 127
16 129
16 131
16 133
16 139
16 145
16 147
16 156
16 159
16 161
16 165
16 166
16 170
16 171
16 172
16 176
16 178
16 181
16 182
16 186
16 188
16 190
16 191
16 194
16 195
16 196
16 199
16 205
16 206
16 207
16 208
16 210
16 220
16 221
16 222
16 224
16 229
16 239
16 241
16 245
16 246
16 247
16 249
16 252
16 258
16 261
16 264
16 269
16 288
16 289
16 292
17 18
17 19
17 22
17 28
17 29
17 33
17 43
17 46
17 48
17 51
17 54
17 55
17 57
17 58
17 59
17 62
17 69
17 70
17 72
17 73
17 74
17 78
17 79
17 84
17 87
17 89
17 91
17 93
17 94
17 96
17 99
17 100
17 101
17 104
17 107
17 110
17 111
17 118
17 119
17 120
17 123
17 128
17 132
17 144
17 146
17 150
17 154
17 161
17 162
17 163
17 164
17 166
17 173
17 176
17 179
17 183
17 184
17 192
17 197
17 198
17 201
17 202
17 203
17 205
17 208
17 210
17 212
17 214
17 215
17 226
17 227
17 234
17 235
17 240
17 241
17 242
17 246
17 248
17 249
17 250
17 251
17 256
17 259
17 262
17 267
17 272
17 274
17 283
17 285
17 286
17 289
17 297
18 19
18 22
18 23
18 25
18 28
18 32
18 33
18 34
18 36
18 39
18 41
18 47
18 50
18 51
18 62
18 70
18 73
18 79
18 80
18 82
18 86
18 87
18 89
18 94
18 95
18 96
18 104
18 111
18 121
18 122
18 125
18 126
18 127
18 135
18 137
18 142
18 146
18 147
18 148
18 149
18 151
18 155
18 158
18 161
18 168
18 169
18 170
18 172
18 173
18 176
18 177
18 184
18 190
18 191
18 192
18 193
18 194
18 196
18 208
18 209
18 211
18 214
18 216
18 217
18 218
18 219
18 221
18 223
18 224
18 225
18 226
18 227
18 229
18 230
18 232
18 233
18 239
18 241
18 247
18 252
18 254
18 256
18 261
18 265
18 266
18 267
18 271
18 272
18 274
18 276
18 278
18 279
18 280
18 283
18 291
18 292
18 294
18 295
18 296
19 20
19 27
19 30
19 31
19 32
19 35
19 39
19 40
19 43
19 44
19 45
19 46
19 54
19 56
19 63
19 71
19 74
19 79
19 82
19 84
19 86
19 89
19 93
19 97
19 98
19 99
19 102
19 108
19 109
19 113
19 115
19 117
19 119
19 121
19 122
19 134
19 138
19 148
19 150
19 153
19 154
19 156
19 157
19 160
19 166
19 169
19 171
19 181
19 185
19 189
19 190
19 191
19 193
19 197
19 198
19 199
19 208
19 210
19 216
19 217
19 222
19 226
19 229
19 231
19 233
19 236
19 237
19 239
19 243
19 244
19 245
19 248
19 254
19 264
19 265
19 266
19 267
19 271
19 273
19 274
19 275
19 281
19 284
19 286
19 291
19 294
20 22
20 24
20 27
20 28
20 34
20 35
20 36
20 37
20 46
20 57
20 58
20 64
20 70
20 71
20 72
20 73
20 75
20 82
20 83
20 87
20 88
20 89
20 90
20 91
20 96
20 100
20 101
20 103
20 106
20 107
20 112
20 114
20 117
20 118
20 120
20 121
20 124
20 133
20 134
20 139
20 140
20 141
20 148
20 153
20 155
20 157
20 160
20 163
20 171
20 173
20 176
20 180
20 181
20 184
20 185
20 190
20 195
20 197
20 200
20 206
20 208
20 213
20 229
20 230
20 233
20 237
20 239
20 241
20 245
20 246
20 247
20 249
20 253
20 254
20 255
20 258
20 266
20 268
20 269
20 276
20 277
20 278
20 281
20 285
20 289
20 293
20 294
20 295
20 296
20 297
21 22
21 24
21 27
21 28
21 34
21 36
21 40
21 44
21 46
21 47
21 48
21 51
21 53
21 56
21 57
21 65
21 67
21 72
21 80
21 81
21 90
21 91
21 93
21 104
21 112
21 114
21 115
21 118
21 125
21 126
21 127
21 130
21 132
21 140
21 143
21 151
21 156
21 157
21 158
21 161
21 167
21 173
21 174
21 177
21 181
21 185
21 194
21 197
21 198
21 200
21 202
21 203
21 204
21 208
21 211
21 213
21 214
21 219
21 224
21 225
21 227
21 230
21 231
21 234
21 241
21 242
21 245
21 249
21 252
21 253
21 254
21 258
21 259
21 261
21 269
21 270
21 271
21 272
21 275
21 277
21 278
21 279
21 280
21 297
22 23
22 29
22 30
22 33
22 35
22 37
22 41
22 43
22 46
22 50
22 56
22 60
22 64
22 65
22 67
22 68
22 70
22 72
22 78
22 81
22 87
22 90
22 91
22 92
22 93
22 94
22 97
22 101
22 104
22 106
22 107
22 108
22 110
22 111
22 117
22 122
22 123
22 125
22 128
22 137
22 140
22 147
22 148
22 152
22 163
22 164
22 171
22 172
22 192
22 197
22 200
22 207
22 208
22 209
22 215
22 216
22 219
22 223
22 226
22 229
22 230
22 234
22 238
22 240
22 246
22 249
22 253
22 254
22 258
22 259
22 260
22 261
22 262
22 263
22 264
22 266
22 268
22 274
22 277
22 282
22 287
22 288
22 289
22 291
22 294
23 25
23 38
23 39
23 41
23 43
23 44
23 47
23 48
23 50
23 52
23 54
23 57
23 62
23 64
23 66
23 67
23 71
23 76
23 78
23 79
23 80
23 81
23 83
23 84
23 85
23 92
23 96
23 97
23 98
23 105
23 106
23 114
23 117
23 131
23 135
23 138
23 139
23 149
23 150
23 156
23 158
23 161
23 164
23 165
23 166
23 169
23 171
23 178
23 182
23 186
23 188
23 190
23 203
23 215
23 216
23 219
23 222
23 225
23 226
23 227
23 234
23 235
23 236
23 241
23 249
23 250
23 253
23 255
23 256
23 258
23 262
23 267
23 270
23 274
23 275
23 277
23 280
23 284
23 287
23 291
23 293
23 294
23 295
23 298
24 30
24 40
24 41
24 45
24 46
24 47
24 48
24 54
24 55
24 56
24 58
24 59
24 63
24 64
24 71
24 73
24 80
24 81
24 84
24 87
24 88
24 90
24 96
24 104
24 106
24 107
24 114
24 115
24 119
24 123
24 127
24 128
24 133
24 134
24 137
24 138
24 140
24 142
24 143
24 147
24 156
24 159
24 164
24 170
24 171
24 177
24 182
24 185
24 186
24 191
24 194
24 200
24 205
24 211
24 216
24 220
24 222
24 226
24 228
24 232
24 233
24 236
24 237
24 240
24 244
24 245
24 248
24 272
24 273
24 275
24 279
24 281
24 283
24 293
24 298
24 299
25 26
25 33
25 36
25 37
25 38
25 40
25 43
25 44
25 45
25 46
25 47
25 49
25 55
25 60
25 70
25 76
25 83
25 84
25 85
25 86
25 87
25 95
25 96
25 97
25 99
25 103
25 105
25 108
25 110
25 114
25 115
25 122
25 125
25 126
25 127
25 133
25 134
25 141
25 142
25 145
25 148
25 151
25 154
25 156
25 159
25 177
25 178
25 179
25 186
25 187
25 189
25 190
25 191
25 192
25 194
25 200
25 201
25 202
25 204
25 207
25 210
25 212
25 215
25 218
25 219
25 222
25 223
25 228
25 230
25 235
25 236
25 237
25 240
25 241
25 242
25 243
25 254
25 260
25 261
25 263
25 265
25 268
25 269
25 271
25 276
25 277
25 280
25 282
25 288
25 289
25 290
25 292
25 295
25 297
25 299
26 34
26 35
26 38
26 44
26 46
26 48
26 53
26 57
26 58
26 64
26 79
26 85
26 91
26 97
26 100
26 105
26 114
26 116
26 118
26 121
26 122
26 124
26 132
26 133
26 134
26 135
26 136
26 142
26 148
26 149
26 151
26 152
26 153
26 160
26 162
26 165
26 167
26 169
26 174
26 176
26 182
26 183
26 187
26 193
26 196
26 197
26 198
26 203
26 206
26 207
26 219
26 223
26 225
26 232
26 234
26 235
26 236
26 237
26 242
26 250
26 253
26 256
26 258
26 265
26 268
26 270
26 271
26 276
26 278
26 280
26 281
26 284
26 285
26 291
26 292
26 294
26 297
26 298
26 299
27 30
27 31
27 36
27 37
27 39
27 40
27 43
27 47
27 48
27 49
27 51
27 53
27 55
27 56
27 65
27 66
27 69
27 72
27 75
27 76
27 83
27 86
27 88
27 90
27 93
27 97
27 100
27 102
27 103
27 111
27 112
27 114
27 117
27 119
27 125
27 128
27 129
27 130
27 133
27 140
27 144
27 148
27 149
27 153
27 157
27 166
27 168
27 173
27 175
27 181
27 186
27 188
27 191
27 192
27 194
27 196
27 199
27 206
27 207
27 211
27 215
27 220
27 221
27 222
27 230
27 233
27 235
27 237
27 238
27 243
27 246
27 249
27 254
27 255
27 256
27 262
27 264
27 272
27 282
27 283
27 286
27 287
27 288
27 289
27 290
27 292
27 295
28 29
28 31
28 35
28 41
28 45
28 49
28 50
28 59
28 60
28 62
28 67
28 71
28 73
28 74
28 77
28 82
28 85
28 86
28 88
28 90
28 92
28 101
28 110
28 112
28 113
28 115
28 119
28 125
28 128
28 129
28 130
28 131
28 133
28 140
28 141
28 142
28 146
28 151
28 155
28 159
28 166
28 167
28 177
28 178
28 185
28 186
28 187
28 191
28 192
28 197
28 200
28 201
28 202
28 206
28 227
28 230
28 232
28 233
28 235
28 237
28 238
28 239
28 242
28 243
28 244
28 246
28 253
28 255
28 256
28 257
28 261
28 263
28 265
28 267
28 270
28 272
28 273
28 275
28 279
28 282
28 288
28 289
28 292
29 35
29 36
29 43
29 50
29 52
29 56
29 71
29 77
29 83
29 88
29 91
29 97
29 103
29 108
29 112
29 113
29 120
29 121
29 123
29 126
29 129
29 130
29 131
29 136
29 143
29 144
29 149
29 150
29 154
29 155
29 156
29 164
29 165
29 166
29 175
29 176
29 178
29 179
29 185
29 186
29 187
29 191
29 195
29 199
29 204
29 205
29 206
29 207
29 209
29 212
29 217
29 219
29 220
29 222
29 226
29 234
29 240
29 247
29 251
29 252
29 255
29 256
29 259
29 261
29 266
29 267
29 268
29 269
29 273
29 274
29 277
29 278
29 287
29 288
29 291
29 296
29 299
30 32
30 34
30 37
30 39
30 40
30 42
30 44
30 47
30 52
30 53
30 59
30 60
30 65
30 66
30 70
30 71
30 74
30 76
30 78
30 79
30 81
30 83
30 86
30 89
30 90
30 92
30 93
30 94
30 103
30 105
30 106
30 107
30 111
30 114
30 118
30 119
30 121
30 125
30 126
30 128
30 132
30 133
30 136
30 140
30 144
30 145
30 147
30 148
30 149
30 153
30 163
30 165
30 168
30 171
30 174
30 176
30 181
30 182
30 184
30 197
30 198
30 202
30 203
30 204
30 210
30 214
30 217
30 223
30 228
30 236
30 238
30 241
30 245
30 246
30 251
30 254
30 259
30 266
30 269
30 270
30 274
30 276
30 279
30 283
30 284
30 295
30 296
31 32
31 34
31 36
31 37
31 39
31 40
31 41
31 50
31 53
31 54
31 56
31 59
31 62
31 72
31 74
31 78
31 88
31 89
31 93
31 96
31 105
31 110
31 113
31 116
31 121
31 122
31 125
31 128
31 130
31 132
31 134
31 145
31 146
31 147
31 148
31 155
31 159
31 162
31 165
31 168
31 169
31 170
31 171
31 186
31 190
31 191
31 194
31 196
31 197
31 203
31 205
31 206
31 215
31 218
31 219
31 221
31 225
31 230
31 236
31 238
31 244
31 247
31 250
31 251
31 252
31 258
31 261
31 265
31 267
31 268
31 270
31 274
31 276
31 277
31 278
31 279
31 280
31 282
31 283
31 284
31 289
31 294
31 299
32 36
32 37
32 42
32 44
32 50
32 51
32 52
32 54
32 55
32 61
32 62
32 64
32 65
32 67
32 68
32 72
32 80
32 83
32 86
32 89
32 90
32 93
32 95
32 99
32 103
32 107
32 114
32 117
32 119
32 121
32 127
32 129
32 131
32 133
32 134
32 136
32 139
32 141
32 143
32 146
32 147
32 149
32 150
32 151
32 153
32 154
32 159
32 164
32 165
32 167
32 168
32 169
32 170
32 172
32 176
32 177
32 179
32 183
32 192
32 196
32 202
32 206
32 212
32 219
32 221
32 224
32 230
32 234
32 237
32 246
32 248
32 249
32 251
32 252
32 256
32 257
32 258
32 259
32 260
32 265
32 268
32 269
32 272
32 273
32 275
32 283
32 284
32 287
32 288
32 295
33 40
33 50
33 51
33 52
33 55
33 68
33 69
33 70
33 74
33 77
33 84
33 90
33 95
33 99
33 100
33 102
33 103
33 105
33 108
33 112
33 113
33 116
33 118
33 119
33 121
33 123
33 124
33 127
33 130
33 144
33 145
33 146
33 150
33 154
33 155
33 156
33 157
33 159
33 164
33 169
33 175
33 177
33 179
33 181
33 186
33 187
33 198
33 201
33 206
33 213
33 215
33 222
33 226
33 237
33 239
33 240
33 243
33 244
33 245
33 250
33 254
33 255
33 258
33 262
33 265
33 266
33 268
33 269
33 272
33 273
33 277
33 279
33 281
33 282
33 284
33 285
33 295
33 297
34 38
34 40
34 41
34 43
34 44
34 46
34 50
34 51
34 62
34 69
34 70
34 73
34 77
34 82
34 84
34 85
34 89
34 91
34 92
34 93
34 95
34 102
34 107
34 110
34 111
34 113
34 114
34 115
34 117
34 120
34 122
34 124
34 132
34 136
34 139
34 143
34 144
34 145
34 148
34 150
34 153
34 154
34 155
34 162
34 163
34 167
34 170
34 173
34 174
34 181
34 182
34 183
34 188
34 190
34 193
34 197
34 203
34 206
34 208
34 209
34 210
34 214
34 218
34 221
34 223
34 226
34 231
34 234
34 235
34 236
34 237
34 238
34 239
34 243
34 245
34 247
34 248
34 249
34 253
34 257
34 259
34 262
34 265
34 266
34 271
34 272
34 275
34 282
34 284
34 287
34 288
34 290
34 297
34 299
35 37
35 39
35 40
35 50
35 52
35 53
35 56
35 57
35 60
35 62
35 63
35 64
35 72
35 74
35 75
35 84
35 88
35 100
35 105
35 108
35 111
35 113
35 114
35 115
35 117
35 118
35 120
35 124
35 129
35 130
35 131
35 136
35 147
35 152
35 157
35 158
35 161
35 165
35 169
35 171
35 172
35 173
35 175
35 177
35 178
35 179
35 186
35 190
35 193
35 195
35 198
35 199
35 201
35 206
35 208
35 210
35 219
35 222
35 224
35 228
35 245
35 252
35 256
35 263
35 265
35 269
35 280
35 283
35 284
35 287
35 288
35 290
35 294
35 296
35 299
36 37
36 40
36 47
36 48
36 49
36 55
36 57
36 64
36 68
36 74
36 78
36 83
36 84
36 86
36 87
36 88
36 97
36 104
36 111
36 115
36 117
36 119
36 120
36 127
36 130
36 131
36 133
36 134
36 135
36 137
36 141
36 143
36 149
36 150
36 153
36 154
36 157
36 159
36 164
36 166
36 167
36 168
36 173
36 181
36 182
36 186
36 188
36 191
36 193
36 195
36 199
36 200
36 203
36 204
36 209
36 210
36 212
36 216
36 218
36 219
36 221
36 222
36 225
36 229
36 232
36 237
36 239
36 241
36 242
36 244
36 245
36 262
36 264
36 267
36 271
36 274
36 279
36 282
36 283
36 284
36 286
36 287
36 293
36 295
36 297
36 298
37 39
37 40
37 44
37 49
37 53
37 55
37 56
37 57
37 62
37 64
37 65
37 66
37 67
37 73
37 77
37 79
37 81
37 82
37 83
37 94
37 98
37 101
37 103
37 110
37 120
37 124
37 127
37 131
37 132
37 133
37 136
37 138
37 139
37 143
37 144
37 145
37 146
37 149
37 151
37 154
37 159
37 163
37 171
37 173
37 175
37 180
37 181
37 183
37 188
37 190
37 194
37 198
37 200
37 204
37 205
37 211
37 215
37 217
37 218
37 223
37 227
37 229
37 234
37 235
37 241
37 242
37 243
37 245
37 251
37 255
37 262
37 269
37 276
37 282
37 283
37 288
37 290
37 291
37 292
37 293
37 296
37 297
37 298
38 41
38 47
38 51
38 52
38 56
38 57
38 61
38 69
38 73
38 76
38 86
38 88
38 89
38 93
38 94
38 95
38 98
38 104
38 108
38 109
38 112
38 119
38 125
38 141
38 144
38 148
38 150
38 151
38 152
38 158
38 160
38 161
38 165
38 166
38 172
38 173
38 175
38 176
38 177
38 182
38 193
38 198
38 205
38 206
38 207
38 219
38 226
38 228
38 229
38 230
38 235
38 238
38 241
38 245
38 246
38 248
38 249
38 250
38 251
38 252
38 258
38 259
38 260
38 266
38 269
38 271
38 272
38 279
38 283
38 284
38 289
38 290
38 294
39 41
39 42
39 43
39 45
39 46
39 47
39 55
39 59
39 61
39 62
39 70
39 73
39 77
39 80
39 88
39 89
39 91
39 92
39 93
39 99
39 103
39 112
39 115
39 118
39 122
39 135
39 141
39 143
39 147
39 148
39 149
39 150
39 153
39 156
39 162
39 163
39 165
39 166
39 172
39 181
39 183
39 186
39 187
39 188
39 189
39 190
39 192
39 195
39 200
39 201
39 204
39 209
39 213
39 214
39 224
39 225
39 227
39 228
39 236
39 238
39 239
39 240
39 241
39 242
39 244
39 254
39 255
39 261
39 268
39 269
39 272
39 280
39 281
39 290
39 294
39 296
39 299
40 43
40 45
40 46
40 53
40 54
40 55
40 59
40 62
40 65
40 67
40 71
40 75
40 79
40 82
40 85
40 90
40 91
40 93
40 97
40 100
40 102
40 110
40 118
40 119
40 122
40 126
40 128
40 131
40 132
40 139
40 142
40 147
40 149
40 152
40 154
40 155
40 159
40 161
40 162
40 163
40 164
40 168
40 169
40 170
40 171
40 174
40 176
40 184
40 191
40 195
40 205
40 206
40 209
40 214
40 217
40 224
40 225
40 228
40 234
40 235
40 242
40 245
40 248
40 250
40 251
40 255
40 257
40 258
40 259
40 261
40 262
40 263
40 265
40 269
40 270
40 292
40 293
41 42
41 45
41 47
41 51
41 52
41 56
41 63
41 64
41 65
41 66
41 70
41 72
41 78
41 84
41 86
41 87
41 88
41 92
41 93
41 96
41 101
41 103
41 105
41 110
41 111
41 115
41 121
41 122
41 123
41 132
41 133
41 134
41 141
41 143
41 148
41 162
41 168
41 170
41 178
41 179
41 181
41 182
41 184
41 192
41 196
41 200
41 202
41 203
41 208
41 213
41 214
41 215
41 219
41 220
41 226
41 243
41 249
41 260
41 262
41 263
41 264
41 272
41 276
41 278
41 285
41 288
41 290
41 291
41 292
41 296
42 46
42 51
42 52
42 54
42 56
42 57
42 59
42 60
42 61
42 64
42 65
42 68
42 69
42 75
42 79
42 89
42 90
42 95
42 97
42 101
42 104
42 106
42 110
42 114
42 116
42 120
42 121
42 122
42 124
42 128
42 133
42 134
42 142
42 150
42 152
42 157
42 160
42 161
42 167
42 170
42 171
42 174
42 175
42 176
42 177
42 178
42 179
42 182
42 186
42 187
42 189
42 190
42 198
42 199
42 202
42 204
42 206
42 207
42 208
42 210
42 217
42 218
42 220
42 221
42 226
42 227
42 231
42 238
42 239
42 240
42 249
42 253
42 262
42 263
42 265
42 272
42 280
42 281
42 284
42 287
42 288
42 292
42 296
42 299
43 44
43 45
43 46
43 61
43 62
43 63
43 65
43 66
43 69
43 72
43 73
43 74
43 78
43 83
43 87
43 88
43 89
43 91
43 93
43 95
43 96
43 103
43 110
43 113
43 117
43 121
43 122
43 124
43 126
43 127
43 128
43 130
43 136
43 141
43 146
43 148
43 152
43 156
43 158
43 159
43 161
43 163
43 165
43 166
43 169
43 171
43 173
43 179
43 182
43 185
43 188
43 191
43 193
43 203
43 204
43 205
43 214
43 219
43 221
43 224
43 226
43 229
43 233
43 236
43 237
43 241
43 242
43 245
43 254
43 255
43 256
43 257
43 258
43 260
43 265
43 266
43 270
43 272
43 277
43 279
43 281
43 284
43 286
43 291
43 293
43 294
43 295
43 296
44 46
44 47
44 57
44 59
44 61
44 64
44 66
44 70
44 77
44 80
44 81
44 87
44 88
44 90
44 91
44 97
44 98
44 99
44 101
44 103
44 107
44 111
44 117
44 118
44 119
44 123
44 125
44 127
44 130
44 131
44 133
44 137
44 139
44 140
44 141
44 146
44 149
44 151
44 156
44 158
44 162
44 163
44 168
44 171
44 172
44 173
44 174
44 176
44 178
44 182
44 185
44 187
44 189
44 191
44 192
44 194
44 195
44 197
44 198
44 206
44 211
44 212
44 214
44 216
44 217
44 220
44 222
44 224
44 226
44 229
44 233
44 234
44 235
44 237
44 240
44 242
44 248
44 249
44 250
44 251
44 252
44 253
44 255
44 259
44 260
44 265
44 266
44 268
44 269
44 277
44 280
44 281
44 284
44 285
44 287
44 291
44 293
44 295
45 47
45 50
45 55
45 57
45 61
45 65
45 66
45 72
45 76
45 81
45 83
45 94
45 96
45 97
45 98
45 106
45 109
45 112
45 114
45 115
45 116
45 119
45 120
45 124
45 128
45 133
45 143
45 147
45 148
45 154
45 158
45 159
45 161
45 163
45 164
45 165
45 167
45 169
45 170
45 171
45 173
45 176
45 180
45 191
45 192
45 198
45 199
45 201
45 203
45 205
45 206
45 208
45 212
45 213
45 220
45 228
45 229
45 230
45 238
45 239
45 240
45 241
45 245
45 246
45 247
45 250
45 259
45 264
45 265
45 271
45 276
45 279
45 282
45 285
45 287
45 288
45 290
45 294
45 296
46 51
46 53
46 54
46 55
46 57
46 60
46 65
46 66
46 73
46 74
46 75
46 79
46 83
46 84
46 88
46 89
46 94
46 95
46 98
46 105
46 107
46 109
46 111
46 112
46 113
46 116
46 118
46 124
46 131
46 133
46 134
46 136
46 140
46 143
46 146
46 147
46 148
46 149
46 150
46 154
46 156
46 159
46 161
46 169
46 173
46 186
46 188
46 192
46 196
46 201
46 202
46 205
46 208
46 211
46 212
46 213
46 215
46 220
46 221
46 222
46 232
46 238
46 244
46 245
46 246
46 248
46 251
46 262
46 267
46 268
46 269
46 272
46 273
46 276
46 279
46 280
46 281
46 285
46 286
46 288
46 290
46 292
47 49
47 52
47 55
47 56
47 59
47 61
47 66
47 68
47 69
47 74
47 75
47 76
47 79
47 87
47 92
47 98
47 101
47 105
47 107
47 109
47 112
47 118
47 119
47 120
47 122
47 123
47 124
47 129
47 132
47 134
47 138
47 139
47 140
47 147
47 148
47 162
47 167
47 181
47 187
47 192
47 193
47 199
47 201
47 203
47 205
47 206
47 208
47 213
47 214
47 218
47 228
47 243
47 246
47 248
47 251
47 252
47 257
47 260
47 262
47 263
47 271
47 274
47 281
47 282
47 284
47 290
47 295
47 298
48 49
48 50
48 55
48 62
48 71
48 72
48 74
48 75
48 77
48 80
48 84
48 85
48 88
48 93
48 94
48 95
48 99
48 107
48 109
48 114
48 119
48 120
48 131
48 133
48 135
48 140
48 145
48 153
48 157
48 158
48 162
48 163
48 167
48 168
48 183
48 185
48 186
48 190
48 191
48 192
48 193
48 194
48 198
48 203
48 206
48 207
48 212
48 214
48 216
48 218
48 224
48 228
48 235
48 239
48 247
48 248
48 256
48 258
48 264
48 265
48 266
48 267
48 268
48 269
48 272
48 273
48 274
48 288
48 289
48 290
48 291
48 294
49 51
49 54
49 59
49 63
49 64
49 66
49 67
49 70
49 73
49 75
49 76
49 83
49 85
49 86
49 88
49 89
49 90
49 93
49 94
49 97
49 106
49 110
49 113
49 114
49 115
49 116
49 118
49 121
49 124
49 125
49 128
49 134
49 135
49 140
49 146
49 149
49 155
49 161
49 166
49 168
49 169
49 172
49 173
49 176
49 180
49 183
49 187
49 188
49 198
49 203
49 205
49 213
49 214
49 215
49 218
49 220
49 227
49 232
49 233
49 235
49 236
49 238
49 239
49 241
49 242
49 244
49 245
49 249
49 250
49 252
49 257
49 261
49 276
49 277
49 282
49 284
49 286
49 290
49 297
49 299
50 55
50 59
50 64
50 68
50 76
50 77
50 79
50 81
50 87
50 88
50 89
50 92
50 95
50 104
50 108
50 111
50 112
50 113
50 116
50 122
50 124
50 128
50 130
50 132
50 138
50 140
50 144
50 148
50 149
50 152
50 155
50 160
50 162
50 166
50 167
50 169
50 171
50 173
50 185
50 190
50 193
50 194
50 196
50 197
50 198
50 199
50 203
50 207
50 208
50 209
50 212
50 215
50 220
50 221
50 227
50 237
50 240
50 243
50 245
50 252
50 256
50 257
50 259
50 262
50 263
50 265
50 267
50 269
50 270
50 273
50 275
50 277
50 278
50 279
50 282
50 287
50 296
50 297
51 53
51 54
51 56
51 57
51 58
51 59
51 60
51 62
51 65
51 76
51 78
51 79
51 81
51 83
51 87
51 88
51 90
51 97
51 98
51 100
51 101
51 102
51 104
51 111
51 113
51 114
51 125
51 129
51 130
51 131
51 132
51 139
51 141
51 142
51 143
51 144
51 147
51 150
51 154
51 155
51 160
51 161
51 164
51 169
51 175
51 176
51 177
51 178
51 181
51 186
51 190
51 196
51 199
51 200
51 203
51 207
51 209
51 211
51 212
51 214
51 215
51 216
51 220
51 234
51 235
51 236
51 241
51 247
51 249
51 253
51 260
51 261
51 266
51 269
51 273
51 274
51 276
51 277
51 278
51 281
51 284
51 291
51 292
51 295
51 298
52 53
52 58
52 62
52 67
52 68
52 77
52 78
52 80
52 83
52 90
52 93
52 94
52 97
52 98
52 100
52 110
52 112
52 114
52 115
52 120
52 122
52 125
52 126
52 129
52 134
52 135
52 138
52 147
52 148
52 149
52 156
52 157
52 158
52 160
52 161
52 162
52 164
52 168
52 169
52 178
52 185
52 190
52 192
52 195
52 198
52 201
52 214
52 216
52 217
52 223
52 228
52 232
52 234
52 236
52 239
52 241
52 242
52 243
52 244
52 245
52 246
52 247
52 248
52 250
52 254
52 255
52 265
52 267
52 269
52 274
52 287
52 290
52 292
52 298
52 299
53 58
53 59
53 64
53 65
53 68
53 70
53 71
53 79
53 80
53 84
53 86
53 91
53 99
53 104
53 106
53 111
53 113
53 118
53 126
53 127
53 129
53 130
53 132
53 134
53 135
53 138
53 143
53 147
53 148
53 149
53 151
53 154
53 155
53 156
53 158
53 180
53 181
53 190
53 193
53 194
53 195
53 197
53 198
53 199
53 200
53 203
53 204
53 209
53 211
53 212
53 215
53 216
53 217
53 223
53 225
53 226
53 227
53 228
53 231
53 236
53 239
53 241
53 244
53 254
53 256
53 264
53 265
53 267
53 275
53 279
53 285
53 288
53 293
53 297
53 299
54 58
54 62
54 71
54 74
54 75
54 82
54 83
54 85
54 91
54 92
54 93
54 94
54 95
54 97
54 102
54 103
54 107
54 109
54 121
54 123
54 125
54 128
54 131
54 132
54 134
54 137
54 138
54 140
54 143
54 146
54 148
54 155
54 159
54 160
54 161
54 172
54 175
54 177
54 181
54 185
54 186
54 187
54 192
54 195
54 196
54 197
54 200
54 201
54 202
54 206
54 209
54 210
54 212
54 214
54 215
54 217
54 223
54 224
54 228
54 232
54 234
54 236
54 237
54 238
54 239
54 242
54 249
54 252
54 254
54 256
54 257
54 258
54 268
54 269
54 271
54 272
54 273
54 275
54 278
54 279
54 281
54 282
54 287
54 291
54 292
54 294
54 296
54 298
55 58
55 59
55 62
55 64
55 65
55 70
55 71
55 73
55 79
55 82
55 83
55 85
55 89
55 95
55 96
55 97
55 100
55 104
55 111
55 112
55 113
55 118
55 120
55 121
55 122
55 124
55 127
55 128
55 132
55 133
55 135
55 139
55 140
55 145
55 146
55 149
55 152
55 155
55 156
55 158
55 159
55 160
55 166
55 167
55 170
55 173
55 180
55 183
55 185
55 192
55 193
55 194
55 196
55 198
55 199
55 203
55 204
55 205
55 207
55 208
55 209
55 211
55 213
55 215
55 218
55 220
55 221
55 228
55 236
55 238
55 242
55 246
55 247
55 249
55 254
55 255
55 257
55 258
55 268
55 269
55 271
55 277
55 281
55 285
55 286
55 291
55 293
55 294
55 295
55 296
55 299
56 61
56 67
56 70
56 73
56 75
56 76
56 78
56 82
56 83
56 84
56 88
56 89
56 95
56 98
56 99
56 102
56 108
56 110
56 114
56 117
56 119
56 120
56 121
56 128
56 129
56 130
56 133
56 137
56 139
56 140
56 141
56 151
56 152
56 153
56 154
56 156
56 157
56 162
56 165
56 166
56 172
56 174
56 194
56 196
56 198
56 208
56 210
56 212
56 215
56 218
56 222
56 223
56 227
56 228
56 232
56 234
56 242
56 243
56 254
56 258
56 264
56 267
56 269
56 270
56 274
56 276
56 277
56 278
56 281
56 282
56 286
56 288
56 289
56 292
56 294
56 297
56 298
57 61
57 74
57 75
57 88
57 93
57 98
57 99
57 100
57 101
57 105
57 113
57 119
57 120
57 123
57 125
57 127
57 128
57 129
57 132
57 133
57 134
57 135
57 137
57 138
57 139
57 143
57 146
57 149
57 150
57 151
57 154
57 155
57 159
57 160
57 162
57 163
57 167
57 168
57 169
57 175
57 177
57 178
57 179
57 188
57 194
57 198
57 201
57 206
57 207
57 210
57 214
57 216
57 227
57 228
57 230
57 232
57 235
57 239
57 241
57 242
57 244
57 245
57 246
57 248
57 249
57 254
57 255
57 258
57 260
57 261
57 265
57 269
57 271
57 274
57 276
57 286
57 290
57 291
57 292
57 296
57 298
58 64
58 68
58 72
58 73
58 77
58 83
58 88
58 89
58 90
58 93
58 94
58 95
58 96
58 100
58 103
58 107
58 111
58 116
58 118
58 119
58 121
58 123
58 130
58 133
58 143
58 146
58 148
58 154
58 155
58 157
58 161
58 163
58 167
58 170
58 177
58 181
58 183
58 192
58 194
58 202
58 203
58 205
58 213
58 215
58 224
58 228
58 229
58 232
58 241
58 243
58 245
58 248
58 249
58 252
58 256
58 258
58 261
58 262
58 273
58 279
58 280
58 282
58 285
58 286
58 294
58 295
58 296
59 61
59 64
59 65
59 67
59 73
59 77
59 79
59 82
59 84
59 86
59 89
59 93
59 105
59 108
59 111
59 112
59 114
59 119
59 121
59 127
59 128
59 129
59 131
59 135
59 136
59 138
59 147
59 149
59 151
59 153
59 155
59 157
59 159
59 160
59 164
59 168
59 171
59 173
59 176
59 183
59 187
59 190
59 191
59 192
59 193
59 194
59 198
59 199
59 210
59 219
59 224
59 229
59 230
59 232
59 237
59 240
59 247
59 248
59 258
59 259
59 263
59 264
59 265
59 266
59 268
59 270
59 271
59 272
59 276
59 279
59 280
59 288
59 296
60 64
60 66
60 68
60 69
60 71
60 74
60 75
60 76
60 77
60 81
60 86
60 90
60 95
60 98
60 99
60 102
60 106
60 109
60 113
60 115
60 118
60 127
60 128
60 129
60 131
60 137
60 144
60 148
60 151
60 159
60 162
60 167
60 171
60 174
60 176
60 177
60 182
60 183
60 189
60 190
60 191
60 194
60 195
60 196
60 198
60 200
60 201
60 203
60 204
60 212
60 222
60 229
60 236
60 238
60 243
60 252
60 253
60 262
60 265
60 267
60 272
60 275
60 276
60 294
60 297
60 299
61 62
61 63
61 64
61 65
61 67
61 69
61 71
61 73
61 76
61 77
61 81
61 92
61 96
61 98
61 100
61 102
61 110
61 116
61 126
61 130
61 132
61 134
61 136
61 139
61 141
61 143
61 145
61 150
61 155
61 156
61 162
61 167
61 171
61 175
61 176
61 177
61 180
61 185
61 186
61 188
61 192
61 194
61 196
61 201
61 203
61 204
61 207
61 212
61 216
61 217
61 219
61 221
61 222
61 226
61 227
61 229
61 230
61 235
61 236
61 237
61 242
61 247
61 249
61 250
61 253
61 254
61 256
61 257
61 264
61 274
61 275
61 277
61 278
61 280
61 281
61 290
61 296
61 298
61 299
62 65
62 73
62 74
62 75
62 78
62 79
62 82
62 83
62 88
62 90
62 96
62 103
62 106
62 108
62 111
62 113
62 114
62 118
62 121
62 123
62 125
62 131
62 132
62 133
62 135
62 136
62 143
62 145
62 149
62 155
62 156
62 157
62 158
62 160
62 162
62 169
62 171
62 180
62 184
62 188
62 191
62 197
62 198
62 202
62 204
62 206
62 208
62 209
62 212
62 214
62 215
62 217
62 218
62 219
62 220
62 221
62 232
62 237
62 245
62 248
62 254
62 255
62 256
62 263
62 268
62 269
62 270
62 272
62 281
62 289
62 295
63 72
63 74
63 76
63 78
63 87
63 91
63 93
63 94
63 98
63 99
63 101
63 107
63 108
63 109
63 114
63 115
63 118
63 122
63 123
63 124
63 125
63 127
63 129
63 139
63 140
63 143
63 145
63 146
63 148
63 156
63 162
63 164
63 167
63 168
63 175
63 183
63 185
63 186
63 188
63 189
63 192
63 195
63 196
63 201
63 203
63 206
63 207
63 212
63 213
63 214
63 217
63 224
63 225
63 234
63 235
63 239
63 240
63 242
63 249
63 253
63 261
63 264
63 267
63 269
63 270
63 278
63 279
63 281
63 287
63 289
63 297
63 299
64 68
64 74
64 78
64 82
64 85
64 87
64 89
64 95
64 98
64 99
64 105
64 109
64 118
64 119
64 121
64 122
64 123
64 126
64 127
64 129
64 130
64 132
64 141
64 146
64 147
64 153
64 155
64 156
64 159
64 174
64 175
64 178
64 179
64 180
64 181
64 187
64 191
64 192
64 194
64 204
64 207
64 215
64 217
64 222
64 223
64 225
64 227
64 233
64 234
64 252
64 253
64 255
64 256
64 258
64 265
64 266
64 267
64 270
64 274
64 275
64 276
64 278
64 283
64 286
64 293
64 295
64 296
65 70
65 72
65 75
65 77
65 84
65 86
65 87
65 88
65 89
65 92
65 96
65 98
65 101
65 102
65 107
65 112
65 113
65 114
65 115
65 120
65 122
65 123
65 124
65 138
65 139
65 140
65 141
65 142
65 143
65 150
65 154
65 159
65 166
65 177
65 178
65 180
65 183
65 185
65 186
65 188
65 190
65 192
65 194
65 195
65 197
65 198
65 201
65 204
65 209
65 213
65 216
65 218
65 227
65 228
65 233
65 235
65 238
65 239
65 240
65 244
65 245
65 250
65 254
65 256
65 257
65 258
65 264
65 265
65 269
65 270
65 271
65 272
65 275
65 276
65 278
65 280
65 283
65 289
65 290
65 295
66 68
66 82
66 85
66 86
66 95
66 96
66 98
66 99
66 101
66 108
66 109
66 112
66 115
66 122
66 128
66 129
66 130
66 135
66 138
66 141
66 142
66 143
66 145
66 147
66 153
66 155
66 157
66 160
66 163
66 164
66 166
66 168
66 177
66 179
66 181
66 187
66 190
66 191
66 194
66 202
66 203
66 204
66 209
66 212
66 213
66 214
66 216
66 217
66 218
66 219
66 223
66 225
66 232
66 234
66 238
66 241
66 244
66 246
66 254
66 255
66 260
66 263
66 267
66 268
66 269
66 271
66 272
66 273
66 274
66 278
66 280
66 284
66 289
66 294
66 298
66 299
67 71
67 73
67 77
67 81
67 86
67 87
67 89
67 95
67 96
67 97
67 101
67 103
67 104
67 106
67 108
67 111
67 119
67 120
67 121
67 122
67 130
67 131
67 144
67 145
67 152
67 155
67 156
67 157
67 169
67 171
67 172
67 179
67 182
67 185
67 186
67 190
67 193
67 198
67 202
67 204
67 205
67 207
67 212
67 213
67 215
67 228
67 233
67 237
67 241
67 242
67 244
67 245
67 252
67 259
67 262
67 264
67 265
67 269
67 270
67 275
67 278
67 284
67 285
67 287
67 289
67 291
67 294
67 295
68 74
68 82
68 83
68 87
68 88
68 91
68 92
68 95
68 96
68 106
68 113
68 118
68 120
68 121
68 127
68 132
68 134
68 141
68 143
68 149
68 155
68 159
68 160
68 161
68 165
68 166
68 168
68 169
68 172
68 173
68 178
68 187
68 188
68 190
68 192
68 193
68 195
68 204
68 205
68 209
68 210
68 211
68 213
68 220
68 221
68 230
68 232
68 234
68 245
68 247
68 249
68 255
68 256
68 265
68 267
68 268
68 269
68 274
68 275
68 289
68 293
68 294
68 295
68 296
68 297
69 73
69 76
69 86
69 92
69 95
69 97
69 100
69 101
69 102
69 103
69 107
69 108
69 118
69 123
69 128
69 130
69 131
69 135
69 137
69 141
69 142
69 148
69 149
69 150
69 151
69 158
69 161
69 168
69 169
69 179
69 181
69 186
69 188
69 189
69 190
69 194
69 196
69 204
69 208
69 210
69 212
69 213
69 216
69 224
69 228
69 234
69 235
69 237
69 243
69 247
69 250
69 257
69 263
69 264
69 265
69 267
69 273
69 276
69 278
69 281
69 289
69 291
69 292
69 294
69 295
69 296
69 297
70 73
70 77
70 79
70 80
70 81
70 85
70 87
70 97
70 105
70 106
70 108
70 109
70 114
70 115
70 116
70 117
70 121
70 123
70 124
70 125
70 126
70 127
70 130
70 132
70 135
70 139
70 147
70 150
70 156
70 166
70 167
70 169
70 171
70 173
70 174
70 175
70 177
70 183
70 185
70 191
70 192
70 197
70 202
70 204
70 209
70 213
70 215
70 217
70 219
70 222
70 227
70 231
70 234
70 241
70 242
70 248
70 249
70 250
70 254
70 257
70 262
70 268
70 269
70 270
70 277
70 281
70 287
70 295
70 296
71 73
71 76
71 77
71 79
71 80
71 83
71 84
71 88
71 93
71 94
71 95
71 96
71 97
71 100
71 103
71 105
71 106
71 108
71 109
71 111
71 114
71 116
71 119
71 120
71 121
71 123
71 124
71 130
71 133
71 135
71 137
71 139
71 148
71 149
71 159
71 160
71 161
71 164
71 168
71 171
71 173
71 175
71 177
71 178
71 181
71 182
71 188
71 191
71 194
71 195
71 201
71 202
71 203
71 219
71 220
71 221
71 222
71 226
71 228
71 230
71 233
71 235
71 241
71 244
71 247
71 248
71 251
71 256
71 257
71 261
71 266
71 267
71 269
71 270
71 272
71 277
71 281
71 282
71 283
71 287
71 288
71 294
72 73
72 74
72 75
72 77
72 80
72 82
72 87
72 88
72 91
72 93
72 96
72 97
72 107
72 109
72 112
72 113
72 116
72 117
72 120
72 125
72 126
72 128
72 130
72 131
72 133
72 144
72 147
72 148
72 149
72 152
72 155
72 156
72 168
72 172
72 173
72 174
72 176
72 177
72 182
72 183
72 184
72 189
72 191
72 193
72 197
72 203
72 207
72 212
72 215
72 216
72 220
72 221
72 231
72 236
72 239
72 243
72 244
72 251
72 253
72 254
72 255
72 257
72 262
72 263
72 268
72 278
72 279
72 282
72 285
72 286
72 288
72 293
72 296
72 299
73 81
73 82
73 84
73 89
73 90
73 91
73 98
73 99
73 104
73 105
73 107
73 111
73 114
73 118
73 119
73 125
73 126
73 130
73 131
73 136
73 137
73 139
73 144
73 149
73 151
73 152
73 154
73 157
73 158
73 163
73 167
73 174
73 177
73 189
73 194
73 195
73 197
73 198
73 200
73 205
73 206
73 209
73 211
73 214
73 215
73 216
73 217
73 223
73 227
73 230
73 231
73 235
73 238
73 240
73 243
73 244
73 245
73 249
73 253
73 255
73 257
73 258
73 261
73 269
73 270
73 278
73 280
73 285
73 288
73 290
73 297
74 77
74 78
74 81
74 82
74 86
74 87
74 104
74 105
74 107
74 111
74 122
74 125
74 126
74 131
74 132
74 133
74 136
74 137
74 140
74 142
74 148
74 149
74 150
74 151
74 155
74 157
74 161
74 162
74 163
74 167
74 169
74 171
74 173
74 174
74 184
74 189
74 193
74 194
74 198
74 200
74 201
74 206
74 207
74 209
74 210
74 212
74 216
74 217
74 219
74 222
74 223
74 225
74 226
74 227
74 230
74 233
74 236
74 242
74 243
74 249
74 252
74 254
74 262
74 263
74 265
74 269
74 270
74 275
74 278
74 285
74 287
74 288
74 293
74 298
75 77
75 79
75 81
75 82
75 87
75 88
75 92
75 95
75 100
75 104
75 126
75 129
75 132
75 141
75 144
75 148
75 151
75 152
75 158
75 160
75 161
75 163
75 164
75 171
75 176
75 183
75 186
75 187
75 194
75 198
75 202
75 203
75 204
75 205
75 213
75 215
75 220
75 221
75 227
75 236
75 242
75 243
75 247
75 255
75 256
75 263
75 267
75 270
75 271
75 273
75 274
75 280
75 283
75 286
75 288
75 296
76 77
76 81
76 84
76 92
76 94
76 97
76 105
76 106
76 107
76 108
76 111
76 116
76 117
76 122
76 123
76 125
76 127
76 132
76 136
76 138
76 141
76 142
76 147
76 148
76 149
76 151
76 152
76 153
76 154
76 156
76 159
76 161
76 170
76 176
76 184
76 185
76 200
76 204
76 209
76 210
76 211
76 215
76 217
76 218
76 220
76 222
76 223
76 226
76 229
76 233
76 236
76 237
76 239
76 242
76 244
76 245
76 250
76 253
76 255
76 259
76 262
76 263
76 264
76 278
76 289
76 290
76 291
76 292
76 294
76 295
76 298
77 80
77 82
77 83
77 85
77 86
77 91
77 94
77 96
77 97
77 101
77 104
77 110
77 114
77 116
77 118
77 122
77 128
77 132
77 136
77 139
77 140
77 145
77 151
77 155
77 156
77 157
77 158
77 160
77 161
77 162
77 163
77 168
77 169
77 172
77 173
77 174
77 186
77 187
77 193
77 197
77 200
77 203
77 209
77 211
77 216
77 217
77 220
77 223
77 226
77 238
77 239
77 241
77 250
77 258
77 260
77 261
77 269
77 283
77 286
77 289
77 291
77 294
77 296
77 297
77 298
77 299
78 93
78 96
78 100
78 102
78 105
78 106
78 108
78 112
78 113
78 118
78 123
78 130
78 131
78 135
78 136
78 138
78 139
78 140
78 141
78 143
78 144
78 152
78 154
78 155
78 163
78 168
78 169
78 171
78 173
78 181
78 183
78 184
78 187
78 193
78 195
78 196
78 198
78 201
78 202
78 203
78 206
78 207
78 215
78 219
78 220
78 224
78 232
78 234
78 235
78 240
78 245
78 247
78 249
78 251
78 252
78 255
78 258
78 262
78 265
78 266
78 269
78 270
78 275
78 284
78 287
78 290
79 87
79 89
79 90
79 92
79 93
79 94
79 103
79 107
79 112
79 115
79 117
79 119
79 122
79 123
79 124
79 128
79 129
79 132
79 134
79 138
79 143
79 147
79 150
79 157
79 158
79 162
79 164
79 168
79 169
79 177
79 188
79 191
79 193
79 196
79 197
79 198
79 200
79 201
79 209
79 219
79 223
79 224
79 233
79 236
79 237
79 238
79 242
79 246
79 252
79 254
79 256
79 257
79 261
79 265
79 267
79 269
79 270
79 274
79 276
79 277
79 278
79 281
79 290
79 291
79 293
79 294
79 296
79 297
79 299
80 83
80 84
80 86
80 88
80 98
80 102
80 106
80 108
80 109
80 116
80 119
80 126
80 127
80 132
80 133
80 135
80 136
80 138
80 141
80 144
80 146
80 148
80 152
80 157
80 160
80 161
80 162
80 166
80 181
80 183
80 185
80 187
80 192
80 194
80 196
80 198
80 205
80 210
80 211
80 212
80 215
80 217
80 219
80 220
80 222
80 226
80 232
80 246
80 247
80 249
80 255
80 258
80 259
80 269
80 270
80 282
80 285
80 286
80 287
80 288
80 291
80 296
81 85
81 86
81 88
81 93
81 94
81 96
81 108
81 110
81 112
81 119
81 120
81 121
81 126
81 128
81 133
81 134
81 135
81 140
81 141
81 143
81 147
81 151
81 153
81 158
81 160
81 163
81 165
81 167
81 168
81 169
81 172
81 174
81 175
81 180
81 185
81 186
81 187
81 188
81 190
81 194
81 195
81 196
81 201
81 203
81 204
81 207
81 208
81 212
81 214
81 219
81 223
81 227
81 234
81 236
81 237
81 243
81 250
81 254
81 255
81 261
81 264
81 267
81 269
81 272
81 281
81 286
81 287
81 292
81 293
82 84
82 92
82 94
82 101
82 103
82 111
82 112
82 116
82 121
82 122
82 123
82 125
82 130
82 131
82 137
82 143
82 151
82 156
82 160
82 164
82 174
82 175
82 176
82 184
82 185
82 188
82 189
82 190
82 199
82 200
82 202
82 203
82 205
82 211
82 213
82 216
82 218
82 222
82 225
82 230
82 231
82 232
82 233
82 236
82 247
82 249
82 251
82 256
82 257
82 263
82 269
82 270
82 271
82 275
82 278
82 284
82 290
82 292
82 293
82 298
83 87
83 89
83 93
83 95
83 97
83 98
83 100
83 101
83 105
83 106
83 107
83 113
83 114
83 117
83 119
83 120
83 124
83 125
83 129
83 135
83 137
83 142
83 143
83 144
83 145
83 152
83 153
83 157
83 160
83 164
83 166
83 167
83 169
83 173
83 177
83 181
83 182
83 184
83 186
83 190
83 193
83 198
83 199
83 200
83 201
83 206
83 208
83 214
83 216
83 220
83 221
83 222
83 223
83 231
83 232
83 234
83 236
83 241
83 243
83 244
83 246
83 247
83 248
83 251
83 260
83 264
83 268
83 271
83 272
83 274
83 279
83 283
83 288
83 291
83 295
83 299
84 88
84 91
84 93
84 94
84 95
84 96
84 103
84 112
84 118
84 121
84 122
84 125
84 126
84 128
84 139
84 140
84 144
84 146
84 149
84 156
84 157
84 158
84 160
84 162
84 163
84 169
84 170
84 173
84 174
84 177
84 180
84 185
84 194
84 196
84 200
84 203
84 209
84 214
84 219
84 220
84 226
84 227
84 229
84 234
84 237
84 238
84 244
84 245
84 246
84 247
84 249
84 251
84 253
84 254
84 256
84 257
84 265
84 266
84 267
84 272
84 280
84 283
84 285
84 286
84 292
84 293
84 299
85 89
85 93
85 94
85 107
85 112
85 117
85 120
85 123
85 125
85 127
85 136
85 138
85 139
85 144
85 146
85 152
85 154
85 155
85 156
85 158
85 159
85 160
85 161
85 163
85 164
85 167
85 171
85 172
85 180
85 181
85 193
85 194
85 195
85 207
85 212
85 229
85 230
85 232
85 233
85 234
85 237
85 239
85 241
85 247
85 251
85 254
85 256
85 257
85 258
85 259
85 261
85 265
85 266
85 272
85 273
85 275
85 277
85 279
85 283
85 285
85 286
86 87
86 91
86 92
86 94
86 95
86 96
86 97
86 99
86 100
86 102
86 105
86 109
86 110
86 111
86 117
86 124
86 129
86 131
86 134
86 135
86 136
86 144
86 149
86 150
86 151
86 158
86 159
86 160
86 166
86 167
86 168
86 169
86 173
86 179
86 181
86 182
86 183
86 186
86 187
86 188
86 189
86 194
86 195
86 201
86 202
86 203
86 206
86 209
86 212
86 215
86 220
86 222
86 227
86 229
86 230
86 234
86 235
86 237
86 238
86 240
86 242
86 243
86 247
86 256
86 257
86 258
86 260
86 261
86 262
86 266
86 267
86 268
86 270
86 271
86 276
86 277
86 280
86 287
86 288
86 299
87 89
87 94
87 95
87 98
87 99
87 100
87 103
87 106
87 113
87 117
87 118
87 127
87 129
87 134
87 138
87 141
87 149
87 150
87 151
87 152
87 165
87 168
87 171
87 176
87 177
87 181
87 183
87 184
87 188
87 194
87 195
87 199
87 207
87 211
87 212
87 213
87 219
87 220
87 224
87 230
87 240
87 247
87 251
87 252
87 256
87 257
87 258
87 260
87 265
87 266
87 267
87 273
87 277
87 280
87 284
87 285
87 288
87 292
87 299
88 89
88 92
88 98
88 99
88 101
88 111
88 113
88 121
88 122
88 123
88 131
88 133
88 134
88 136
88 140
88 142
88 143
88 144
88 145
88 150
88 153
88 156
88 163
88 171
88 172
88 174
88 177
88 187
88 189
88 193
88 195
88 197
88 200
88 202
88 203
88 206
88 209
88 212
88 217
88 218
88 223
88 225
88 239
88 243
88 244
88 248
88 249
88 250
88 251
88 252
88 254
88 256
88 258
88 263
88 266
88 268
88 275
88 276
88 283
88 284
88 289
88 291
88 297
88 298
89 92
89 96
89 98
89 100
89 103
89 114
89 117
89 123
89 129
89 130
89 134
89 136
89 137
89 142
89 144
89 145
89 156
89 163
89 166
89 167
89 168
89 170
89 174
89 178
89 180
89 182
89 183
89 185
89 186
89 189
89 190
89 193
89 196
89 202
89 203
89 204
89 211
89 213
89 230
89 232
89 249
89 250
89 258
89 264
89 269
89 270
89 276
89 277
89 278
89 280
89 284
89 288
89 293
89 298
90 91
90 98
90 99
90 101
90 102
90 104
90 105
90 106
90 112
90 113
90 115
90 116
90 124
90 126
90 127
90 128
90 129
90 138
90 140
90 142
90 143
90 146
90 158
90 159
90 163
90 170
90 173
90 179
90 180
90 183
90 186
90 187
90 191
90 199
90 200
90 202
90 204
90 205
90 208
90 211
90 213
90 214
90 215
90 232
90 233
90 236
90 240
90 247
90 259
90 260
90 261
90 267
90 270
90 271
90 273
90 282
90 283
90 285
90 291
90 293
90 299
91 93
91 95
91 96
91 97
91 103
91 115
91 116
91 121
91 124
91 134
91 136
91 137
91 138
91 143
91 145
91 156
91 158
91 159
91 160
91 165
91 167
91 171
91 172
91 181
91 182
91 191
91 195
91 198
91 201
91 203
91 205
91 207
91 208
91 212
91 222
91 224
91 226
91 229
91 232
91 233
91 234
91 241
91 245
91 249
91 256
91 258
91 260
91 262
91 263
91 264
91 266
91 271
91 277
91 279
91 280
91 283
91 284
91 285
91 292
91 295
91 297
92 97
92 98
92 100
92 102
92 104
92 105
92 106
92 108
92 109
92 113
92 114
92 119
92 120
92 133
92 134
92 136
92 137
92 138
92 140
92 141
92 146
92 149
92 152
92 155
92 159
92 161
92 165
92 166
92 173
92 178
92 179
92 182
92 187
92 188
92 190
92 194
92 199
92 201
92 202
92 207
92 210
92 211
92 212
92 213
92 221
92 228
92 229
92 232
92 233
92 238
92 240
92 244
92 245
92 247
92 254
92 261
92 262
92 264
92 266
92 268
92 270
92 276
92 277
92 283
92 285
92 287
92 288
92 292
92 296
93 95
93 96
93 98
93 99
93 102
93 103
93 105
93 106
93 110
93 111
93 116
93 120
93 123
93 125
93 129
93 131
93 136
93 138
93 139
93 143
93 146
93 149
93 153
93 154
93 158
93 159
93 160
93 163
93 167
93 168
93 169
93 173
93 180
93 183
93 184
93 186
93 187
93 188
93 190
93 192
93 193
93 194
93 199
93 201
93 202
93 211
93 214
93 218
93 220
93 224
93 226
93 227
93 234
93 240
93 249
93 250
93 255
93 257
93 263
93 264
93 273
93 277
93 278
93 280
93 281
93 285
93 287
93 288
93 292
93 296
93 298
94 95
94 96
94 98
94 101
94 102
94 104
94 107
94 108
94 109
94 110
94 112
94 116
94 118
94 123
94 130
94 132
94 138
94 142
94 144
94 147
94 152
94 156
94 162
94 168
94 172
94 173
94 182
94 183
94 189
94 194
94 199
94 202
94 203
94 204
94 206
94 209
94 210
94 214
94 215
94 216
94 221
94 222
94 229
94 231
94 232
94 233
94 236
94 237
94 240
94 241
94 242
94 245
94 254
94 263
94 265
94 268
94 274
94 276
94 279
94 281
94 283
94 293
94 296
94 298
95 98
95 103
95 108
95 110
95 116
95 118
95 123
95 128
95 133
95 137
95 139
95 142
95 146
95 147
95 148
95 153
95 155
95 159
95 162
95 167
95 169
95 173
95 174
95 178
95 182
95 184
95 191
95 192
95 195
95 200
95 206
95 208
95 210
95 214
95 217
95 218
95 219
95 221
95 222
95 223
95 228
95 229
95 230
95 231
95 233
95 234
95 238
95 239
95 240
95 242
95 243
95 245
95 247
95 253
95 254
95 257
95 259
95 260
95 263
95 264
95 265
95 269
95 270
95 272
95 275
95 279
95 282
95 284
95 286
95 291
96 107
96 110
96 121
96 125
96 126
96 128
96 131
96 135
96 142
96 146
96 150
96 155
96 161
96 165
96 166
96 171
96 174
96 177
96 179
96 184
96 185
96 192
96 197
96 203
96 204
96 205
96 207
96 209
96 212
96 225
96 227
96 229
96 230
96 235
96 236
96 246
96 253
96 254
96 256
96 261
96 262
96 265
96 266
96 268
96 272
96 273
96 275
96 277
96 280
96 281
96 282
96 283
96 284
96 285
96 286
96 287
96 288
96 289
96 292
96 294
96 295
96 296
96 299
97 99
97 108
97 110
97 112
97 113
97 119
97 128
97 135
97 136
97 138
97 139
97 141
97 150
97 151
97 158
97 159
97 160
97 174
97 179
97 181
97 185
97 186
97 189
97 197
97 209
97 212
97 215
97 216
97 217
97 219
97 220
97 221
97 222
97 223
97 228
97 232
97 235
97 245
97 246
97 256
97 260
97 263
97 264
97 267
97 291
98 100
98 104
98 105
98 110
98 112
98 116
98 120
98 121
98 122
98 125
98 126
98 134
98 136
98 137
98 141
98 143
98 147
98 149
98 157
98 160
98 162
98 165
98 166
98 169
98 170
98 171
98 172
98 177
98 179
98 180
98 181
98 183
98 184
98 185
98 187
98 198
98 199
98 200
98 204
98 225
98 227
98 229
98 235
98 241
98 250
98 252
98 255
98 257
98 259
98 262
98 267
98 269
98 275
98 283
98 286
98 289
98 291
98 292
98 295
99 100
99 107
99 117
99 119
99 124
99 125
99 128
99 133
99 134
99 137
99 139
99 140
99 148
99 151
99 153
99 155
99 157
99 161
99 162
99 168
99 172
99 176
99 177
99 178
99 179
99 180
99 182
99 185
99 186
99 187
99 194
99 200
99 207
99 209
99 210
99 215
99 219
99 221
99 224
99 231
99 232
99 234
99 238
99 244
99 245
99 250
99 252
99 254
99 257
99 258
99 261
99 265
99 268
99 270
99 274
99 276
99 278
99 280
99 281
99 284
99 289
99 292
99 293
99 295
99 297
100 101
100 102
100 107
100 108
100 110
100 112
100 114
100 116
100 121
100 131
100 132
100 134
100 136
100 137
100 141
100 142
100 147
100 151
100 156
100 159
100 164
100 172
100 173
100 174
100 185
100 188
100 189
100 190
100 191
100 193
100 195
100 196
100 198
100 202
100 204
100 205
100 206
100 211
100 213
100 220
100 222
100 224
100 226
100 227
100 228
100 231
100 233
100 237
100 238
100 251
100 255
100 257
100 262
100 263
100 267
100 270
100 271
100 272
100 273
100 274
100 275
100 276
100 277
100 279
100 283
100 284
100 286
100 287
100 288
100 294
100 295
100 298
101 103
101 106
101 109
101 111
101 113
101 118
101 120
101 121
101 131
101 134
101 137
101 140
101 141
101 144
101 145
101 151
101 153
101 156
101 161
101 165
101 169
101 171
101 172
101 173
101 176
101 178
101 180
101 183
101 190
101 191
101 195
101 198
101 201
101 202
101 203
101 205
101 207
101 211
101 212
101 215
101 230
101 238
101 240
101 241
101 245
101 247
101 248
101 251
101 255
101 256
101 260
101 265
101 267
101 269
101 271
101 280
101 281
101 283
101 286
101 290
101 295
101 296
101 297
102 106
102 110
102 114
102 118
102 120
102 125
102 137
102 139
102 141
102 144
102 147
102 149
102 155
102 156
102 157
102 162
102 166
102 173
102 174
102 180
102 181
102 182
102 184
102 185
102 186
102 190
102 197
102 199
102 203
102 204
102 205
102 206
102 208
102 211
102 213
102 217
102 218
102 220
102 221
102 224
102 225
102 232
102 235
102 237
102 238
102 242
102 245
102 252
102 253
102 255
102 256
102 260
102 266
102 274
102 275
102 279
102 281
102 282
102 286
102 289
102 293
102 296
102 299
103 104
103 106
103 111
103 112
103 113
103 116
103 118
103 126
103 128
103 130
103 133
103 134
103 137
103 139
103 142
103 146
103 148
103 150
103 152
103 157
103 160
103 164
103 167
103 169
103 172
103 182
103 184
103 187
103 188
103 189
103 192
103 197
103 209
103 210
103 213
103 222
103 226
103 227
103 230
103 231
103 235
103 236
103 240
103 241
103 242
103 246
103 249
103 251
103 256
103 260
103 261
103 266
103 272
103 275
103 277
103 280
103 281
103 282
103 288
103 289
103 291
103 294
103 296
103 297
103 298
104 107
104 109
104 117
104 122
104 123
104 127
104 128
104 130
104 132
104 133
104 137
104 138
104 141
104 145
104 147
104 148
104 152
104 153
104 154
104 156
104 157
104 161
104 168
104 172
104 174
104 175
104 178
104 179
104 180
104 181
104 187
104 193
104 194
104 197
104 204
104 207
104 208
104 209
104 210
104 212
104 217
104 225
104 228
104 231
104 235
104 244
104 245
104 246
104 247
104 252
104 260
104 263
104 267
104 272
104 275
104 280
104 282
104 286
104 287
104 291
104 296
104 297
104 298
105 107
105 112
105 118
105 119
105 120
105 125
105 127
105 130
105 131
105 132
105 133
105 137
105 138
105 144
105 147
105 150
105 153
105 154
105 158
105 159
105 162
105 167
105 172
105 173
105 175
105 180
105 182
105 184
105 193
105 197
105 207
105 213
105 214
105 216
105 221
105 223
105 225
105 229
105 248
105 253
105 254
105 259
105 264
105 265
105 268
105 269
105 270
105 272
105 274
105 286
105 287
105 288
105 295
106 109
106 113
106 118
106 123
106 124
106 126
106 128
106 129
106 131
106 138
106 139
106 140
106 143
106 146
106 147
106 148
106 149
106 156
106 158
106 183
106 189
106 190
106 191
106 192
106 208
106 213
106 216
106 218
106 219
106 222
106 223
106 224
106 227
106 230
106 232
106 233
106 234
106 235
106 238
106 243
106 246
106 249
106 256
106 264
106 266
106 273
106 276
106 279
106 280
106 281
106 282
106 288
106 289
106 290
106 295
106 298
107 110
107 113
107 114
107 116
107 120
107 126
107 127
107 130
107 132
107 136
107 141
107 142
107 144
107 154
107 158
107 159
107 168
107 169
107 175
107 177
107 179
107 181
107 183
107 185
107 187
107 190
107 192
107 193
107 194
107 195
107 196
107 197
107 200
107 203
107 204
107 205
107 209
107 211
107 212
107 215
107 221
107 231
107 234
107 236
107 240
107 241
107 246
107 247
107 248
107 249
107 255
107 256
107 257
107 258
107 259
107 261
107 264
107 266
107 267
107 271
107 276
107 280
107 288
107 291
107 293
107 295
108 118
108 119
108 120
108 121
108 126
108 130
108 133
108 134
108 136
108 144
108 146
108 148
108 151
108 160
108 165
108 171
108 176
108 180
108 181
108 182
108 183
108 186
108 191
108 192
108 210
108 211
108 214
108 217
108 223
108 224
108 227
108 231
108 236
108 241
108 242
108 245
108 247
108 253
108 255
108 259
108 260
108 261
108 265
108 268
108 276
108 279
108 280
108 284
108 286
108 289
108 290
108 291
108 293
109 110
109 111
109 112
109 114
109 115
109 118
109 120
109 122
109 124
109 126
109 130
109 134
109 135
109 137
109 139
109 142
109 143
109 144
109 147
109 153
109 155
109 157
109 158
109 159
109 163
109 165
109 166
109 167
109 169
109 170
109 178
109 181
109 184
109 186
109 187
109 195
109 197
109 198
109 202
109 204
109 206
109 208
109 209
109 211
109 218
109 220
109 224
109 225
109 226
109 227
109 230
109 231
109 237
109 238
109 241
109 242
109 244
109 245
109 247
109 256
109 258
109 261
109 269
109 276
109 277
109 279
109 281
109 291
109 293
109 294
109 298
110 112
110 116
110 117
110 120
110 127
110 128
110 130
110 131
110 137
110 141
110 144
110 146
110 147
110 148
110 149
110 151
110 153
110 157
110 158
110 159
110 160
110 165
110 168
110 177
110 181
110 183
110 189
110 190
110 191
110 195
110 199
110 202
110 203
110 211
110 212
110 221
110 222
110 224
110 234
110 239
110 243
110 244
110 247
110 250
110 251
110 264
110 267
110 271
110 272
110 273
110 276
110 280
110 281
110 283
110 287
110 294
110 295
111 113
111 115
111 117
111 119
111 122
111 123
111 124
111 125
111 127
111 130
111 133
111 137
111 141
111 145
111 146
111 147
111 149
111 153
111 156
111 157
111 159
111 161
111 164
111 165
111 166
111 169
111 175
111 179
111 183
111 187
111 188
111 189
111 192
111 194
111 200
111 208
111 225
111 228
111 233
111 234
111 237
111 239
111 244
111 246
111 247
111 248
111 250
111 253
111 254
111 255
111 260
111 261
111 266
111 269
111 270
111 272
111 274
111 275
111 276
111 277
111 282
111 286
111 287
111 288
111 291
111 294
111 295
111 296
111 299
112 117
112 118
112 128
112 131
112 132
112 133
112 144
112 153
112 154
112 156
112 157
112 159
112 161
112 162
112 165
112 170
112 172
112 173
112 174
112 189
112 192
112 194
112 197
112 198
112 199
112 215
112 220
112 227
112 228
112 238
112 240
112 247
112 248
112 249
112 250
112 257
112 261
112 263
112 266
112 268
112 269
112 277
112 279
112 287
112 289
112 290
112 292
113 114
113 116
113 123
113 126
113 127
113 129
113 132
113 136
113 137
113 138
113 140
113 146
113 149
113 153
113 154
113 161
113 164
113 167
113 172
113 177
113 185
113 191
113 192
113 194
113 195
113 197
113 198
113 209
113 214
113 216
113 217
113 218
113 220
113 222
113 226
113 239
113 242
113 243
113 247
113 248
113 249
113 253
113 254
113 259
113 262
113 263
113 264
113 268
113 270
113 272
113 275
113 277
113 285
113 289
113 292
113 293
113 295
114 118
114 119
114 121
114 122
114 124
114 129
114 134
114 136
114 138
114 139
114 140
114 141
114 143
114 145
114 146
114 150
114 151
114 152
114 154
114 157
114 161
114 162
114 166
114 171
114 176
114 182
114 186
114 187
114 188
114 189
114 190
114 196
114 199
114 200
114 201
114 202
114 203
114 205
114 213
114 215
114 217
114 219
114 222
114 224
114 227
114 231
114 233
114 236
114 241
114 242
114 250
114 251
114 255
114 258
114 259
114 260
114 262
114 263
114 269
114 270
114 272
114 273
114 276
114 278
114 287
114 288
114 298
114 299
115 116
115 122
115 125
115 129
115 130
115 136
115 137
115 144
115 146
115 149
115 152
115 153
115 157
115 158
115 168
115 175
115 178
115 184
115 185
115 189
115 192
115 193
115 198
115 212
115 220
115 222
115 242
115 244
115 245
115 246
115 249
115 251
115 255
115 259
115 261
115 266
115 275
115 288
115 289
115 290
115 291
115 292
115 294
115 295
116 117
116 118
116 124
116 126
116 128
116 137
116 140
116 141
116 142
116 145
116 146
116 148
116 149
116 150
116 162
116 168
116 175
116 177
116 180
116 181
116 185
116 189
116 192
116 194
116 203
116 204
116 207
116 212
116 218
116 219
116 223
116 225
116 230
116 233
116 239
116 241
116 244
116 247
116 253
116 257
116 263
116 264
116 265
116 270
116 271
116 273
116 275
116 277
116 294
116 296
116 298
117 123
117 126
117 128
117 132
117 134
117 141
117 144
117 145
117 148
117 151
117 159
117 160
117 166
117 175
117 179
117 189
117 191
117 194
117 196
117 198
117 199
117 202
117 204
117 210
117 214
117 217
117 218
117 221
117 228
117 231
117 240
117 245
117 246
117 255
117 261
117 263
117 265
117 271
117 282
117 283
117 286
117 288
117 291
117 296
118 124
118 125
118 132
118 137
118 139
118 141
118 143
118 145
118 147
118 149
118 151
118 153
118 166
118 169
118 171
118 173
118 176
118 182
118 183
118 184
118 185
118 190
118 191
118 195
118 197
118 205
118 209
118 211
118 212
118 213
118 215
118 217
118 219
118 220
118 221
118 224
118 231
118 232
118 233
118 237
118 240
118 244
118 247
118 252
118 253
118 255
118 256
118 264
118 271
118 277
118 281
118 284
118 292
118 298
119 121
119 124
119 131
119 132
119 137
119 141
119 142
119 145
119 151
119 153
119 156
119 158
119 161
119 162
119 166
119 167
119 169
119 171
119 174
119 180
119 183
119 187
119 190
119 191
119 199
119 204
119 205
119 216
119 217
119 218
119 219
119 220
119 222
119 227
119 230
119 232
119 235
119 237
119 238
119 240
119 242
119 243
119 249
119 250
119 258
119 260
119 263
119 264
119 267
119 270
119 275
119 276
119 280
119 281
119 284
119 285
119 291
119 292
119 295
119 298
120 130
120 131
120 139
120 144
120 147
120 152
120 156
120 157
120 158
120 161
120 162
120 164
120 165
120 172
120 173
120 175
120 187
120 191
120 193
120 197
120 198
120 204
120 210
120 217
120 221
120 222
120 223
120 225
120 227
120 234
120 237
120 242
120 253
120 257
120 259
120 263
120 265
120 268
120 272
120 275
120 277
120 279
120 280
120 289
120 293
120 295
121 123
121 126
121 127
121 131
121 132
121 133
121 146
121 149
121 150
121 151
121 152
121 153
121 155
121 157
121 158
121 162
121 163
121 169
121 172
121 176
121 195
121 197
121 201
121 207
121 210
121 212
121 214
121 222
121 224
121 225
121 226
121 230
121 237
121 239
121 244
121 249
121 252
121 253
121 255
121 260
121 264
121 266
121 272
121 273
121 274
121 275
121 280
121 282
121 283
121 289
121 291
121 292
121 294
122 123
122 127
122 131
122 135
122 136
122 137
122 139
122 141
122 144
122 145
122 147
122 149
122 155
122 156
122 157
122 160
122 164
122 167
122 168
122 181
122 182
122 184
122 186
122 194
122 196
122 199
122 201
122 203
122 207
122 208
122 212
122 219
122 220
122 221
122 222
122 224
122 229
122 230
122 233
122 237
122 238
122 240
122 241
122 245
122 248
122 250
122 252
122 260
122 261
122 263
122 265
122 268
122 270
122 271
122 272
122 276
122 277
122 281
122 282
122 283
122 286
122 294
122 296
122 299
123 127
123 130
123 136
123 137
123 139
123 140
123 143
123 144
123 145
123 146
123 148
123 151
123 155
123 156
123 162
123 167
123 172
123 174
123 178
123 180
123 185
123 190
123 191
123 192
123 195
123 197
123 199
123 206
123 208
123 209
123 211
123 213
123 216
123 220
123 221
123 224
123 225
123 226
123 227
123 229
123 231
123 234
123 235
123 242
123 245
123 250
123 254
123 255
123 259
123 261
123 272
123 275
123 276
123 280
123 283
123 291
123 292
123 293
123 294
124 128
124 129
124 132
124 138
124 149
124 150
124 154
124 158
124 159
124 161
124 169
124 175
124 182
124 185
124 191
124 192
124 193
124 195
124 197
124 199
124 201
124 205
124 206
124 209
124 210
124 215
124 219
124 221
124 228
124 233
124 234
124 235
124 237
124 238
124 240
124 244
124 254
124 255
124 257
124 258
124 259
124 261
124 266
124 270
124 278
124 279
124 285
124 286
124 287
124 291
125 132
125 136
125 146
125 154
125 173
125 188
125 191
125 197
125 210
125 212
125 213
125 214
125 216
125 217
125 218
125 221
125 222
125 226
125 229
125 232
125 233
125 236
125 239
125 240
125 241
125 242
125 246
125 253
125 255
125 256
125 270
125 271
125 272
125 273
125 278
125 282
125 283
125 288
125 289
125 290
125 291
125 292
126 133
126 136
126 137
126 139
126 141
126 145
126 146
126 150
126 152
126 158
126 164
126 175
126 176
126 181
126 183
126 186
126 189
126 198
126 199
126 202
126 206
126 211
126 213
126 215
126 224
126 232
126 233
126 239
126 241
126 243
126 244
126 245
126 254
126 256
126 262
126 269
126 272
126 276
126 277
126 284
126 286
126 294
126 297
126 299
127 131
127 132
127 133
127 137
127 140
127 154
127 155
127 157
127 160
127 162
127 167
127 170
127 178
127 180
127 184
127 189
127 190
127 196
127 199
127 200
127 203
127 206
127 207
127 208
127 210
127 216
127 222
127 223
127 234
127 235
127 237
127 239
127 242
127 243
127 249
127 250
127 252
127 258
127 262
127 268
127 275
127 277
127 284
127 285
127 289
127 292
127 294
127 297
127 298
127 299
128 129
128 130
128 135
128 137
128 138
128 141
128 146
128 147
128 150
128 151
128 159
128 160
128 161
128 163
128 164
128 168
128 171
128 173
128 176
128 177
128 179
128 182
128 184
128 187
128 189
128 190
128 191
128 194
128 197
128 199
128 200
128 202
128 205
128 206
128 214
128 218
128 219
128 224
128 226
128 227
128 243
128 248
128 250
128 254
128 257
128 258
128 261
128 263
128 266
128 267
128 274
128 278
128 284
128 293
128 295
129 130
129 141
129 145
129 146
129 147
129 148
129 151
129 153
129 157
129 162
129 163
129 167
129 168
129 169
129 173
129 174
129 180
129 182
129 183
129 186
129 191
129 192
129 194
129 197
129 199
129 206
129 208
129 209
129 210
129 211
129 215
129 217
129 218
129 221
129 223
129 225
129 232
129 233
129 237
129 241
129 244
129 245
129 249
129 253
129 256
129 257
129 259
129 267
129 268
129 272
129 274
129 286
129 291
129 292
129 297
129 298
129 299
130 133
130 134
130 135
130 139
130 140
130 141
130 144
130 146
130 148
130 149
130 154
130 158
130 160
130 168
130 171
130 172
130 173
130 174
130 179
130 181
130 183
130 185
130 188
130 189
130 190
130 194
130 199
130 200
130 202
130 203
130 212
130 213
130 214
130 224
130 239
130 250
130 251
130 253
130 258
130 262
130 263
130 264
130 265
130 267
130 271
130 272
130 276
130 279
130 283
130 289
130 291
130 297
131 132
131 133
131 140
131 144
131 147
131 159
131 160
131 168
131 169
131 170
131 171
131 178
131 186
131 190
131 191
131 195
131 196
131 197
131 198
131 200
131 202
131 206
131 213
131 215
131 221
131 227
131 228
131 230
131 234
131 235
131 236
131 237
131 242
131 244
131 247
131 249
131 257
131 260
131 265
131 268
131 270
131 281
131 285
131 286
131 290
131 293
131 294
131 297
131 299
132 134
132 135
132 141
132 147
132 154
132 163
132 171
132 172
132 175
132 176
132 178
132 184
132 186
132 187
132 189
132 191
132 192
132 194
132 195
132 201
132 203
132 205
132 208
132 219
132 224
132 226
132 228
132 230
132 232
132 233
132 234
132 235
132 237
132 238
132 240
132 246
132 247
132 248
132 249
132 251
132 256
132 257
132 258
132 259
132 262
132 267
132 272
132 273
132 283
132 284
132 285
132 288
132 289
132 290
132 296
133 136
133 137
133 138
133 142
133 143
133 144
133 145
133 147
133 149
133 153
133 154
133 156
133 160
133 162
133 164
133 165
133 168
133 173
133 174
133 176
133 177
133 181
133 182
133 183
133 184
133 189
133 192
133 194
133 195
133 199
133 200
133 201
133 202
133 211
133 217
133 218
133 221
133 222
133 227
133 233
133 236
133 247
133 253
133 254
133 255
133 258
133 260
133 262
133 264
133 267
133 273
133 274
133 275
133 277
133 284
133 287
133 288
133 292
133 293
133 295
133 296
134 138
134 139
134 140
134 142
134 148
134 149
134 154
134 156
134 164
134 172
134 173
134 174
134 175
134 182
134 184
134 187
134 189
134 192
134 194
134 199
134 201
134 208
134 209
134 212
134 216
134 218
134 219
134 222
134 224
134 226
134 228
134 230
134 234
134 235
134 245
134 247
134 252
134 255
134 258
134 261
134 262
134 265
134 269
134 270
134 273
134 275
134 281
134 282
134 284
134 286
134 288
134 295
134 298
135 136
135 141
135 148
135 149
135 153
135 154
135 156
135 159
135 165
135 167
135 170
135 174
135 178
135 182
135 185
135 189
135 193
135 194
135 197
135 198
135 200
135 204
135 208
135 210
135 212
135 217
135 218
135 226
135 229
135 230
135 233
135 236
135 239
135 242
135 243
135 246
135 250
135 252
135 254
135 257
135 265
135 269
135 273
135 274
135 277
135 278
135 279
135 281
135 282
135 288
135 289
135 293
135 294
135 295
136 137
136 138
136 140
136 146
136 149
136 150
136 154
136 156
136 157
136 159
136 162
136 163
136 165
136 167
136 169
136 180
136 183
136 185
136 190
136 191
136 192
136 193
136 195
136 196
136 201
136 207
136 208
136 209
136 219
136 222
136 227
136 234
136 239
136 242
136 243
136 246
136 247
136 252
136 257
136 261
136 269
136 271
136 273
136 276
136 278
136 279
136 281
136 283
136 287
136 291
136 293
136 294
136 295
136 298
137 138
137 140
137 148
137 151
137 154
137 157
137 160
137 164
137 171
137 172
137 175
137 176
137 179
137 180
137 183
137 184
137 187
137 196
137 203
137 204
137 208
137 209
137 210
137 213
137 214
137 215
137 218
137 220
137 222
137 223
137 236
137 242
137 255
137 256
137 258
137 263
137 267
137 270
137 271
137 276
137 278
137 280
137 282
137 285
137 287
137 288
137 289
137 290
137 296
137 297
137 298
138 140
138 145
138 148
138 149
138 152
138 156
138 159
138 162
138 165
138 169
138 172
138 183
138 191
138 192
138 198
138 199
138 219
138 220
138 224
138 228
138 229
138 231
138 235
138 237
138 255
138 269
138 274
138 279
138 280
138 281
138 286
138 290
138 292
138 294
138 295
138 296
139 141
139 142
139 144
139 147
139 152
139 154
139 157
139 166
139 167
139 170
139 171
139 176
139 189
139 193
139 194
139 197
139 200
139 203
139 204
139 207
139 211
139 213
139 214
139 215
139 217
139 224
139 228
139 229
139 231
139 232
139 233
139 238
139 243
139 252
139 254
139 256
139 262
139 263
139 264
139 269
139 271
139 273
139 276
139 278
139 283
139 291
139 293
139 294
139 296
140 158
140 160
140 161
140 162
140 174
140 176
140 181
140 188
140 191
140 194
140 195
140 197
140 203
140 204
140 207
140 209
140 211
140 212
140 214
140 218
140 225
140 229
140 234
140 236
140 241
140 244
140 246
140 248
140 249
140 250
140 251
140 252
140 254
140 256
140 259
140 264
140 266
140 273
140 278
140 284
140 287
140 288
140 295
140 296
141 143
141 144
141 148
141 152
141 156
141 160
141 162
141 164
141 169
141 175
141 178
141 180
141 181
141 184
141 185
141 197
141 200
141 206
141 208
141 209
141 211
141 218
141 225
141 227
141 230
141 234
141 239
141 244
141 250
141 253
141 257
141 261
141 262
141 271
141 274
141 275
141 278
141 279
141 280
141 284
141 285
141 295
141 297
141 299
142 143
142 144
142 151
142 152
142 156
142 157
142 158
142 159
142 161
142 166
142 172
142 179
142 180
142 187
142 190
142 191
142 193
142 196
142 198
142 199
142 201
142 203
142 221
142 229
142 232
142 235
142 238
142 240
142 249
142 250
142 252
142 259
142 264
142 266
142 269
142 271
142 273
142 277
142 279
142 282
142 286
142 297
143 149
143 150
143 151
143 154
143 156
143 163
143 165
143 167
143 168
143 174
143 175
143 185
143 199
143 200
143 205
143 212
143 214
143 215
143 217
143 224
143 235
143 246
143 248
143 252
143 253
143 255
143 257
143 259
143 263
143 265
143 269
143 274
143 278
143 285
143 287
143 288
143 289
143 292
144 145
144 147
144 166
144 167
144 172
144 175
144 179
144 180
144 181
144 183
144 187
144 192
144 195
144 197
144 200
144 201
144 202
144 204
144 207
144 209
144 213
144 214
144 218
144 230
144 232
144 235
144 238
144 239
144 241
144 246
144 249
144 250
144 252
144 260
144 263
144 264
144 268
144 269
144 270
144 276
144 277
144 279
144 281
144 283
144 284
144 288
144 289
144 293
144 294
144 296
144 298
145 146
145 149
145 152
145 153
145 155
145 159
145 162
145 172
145 182
145 184
145 191
145 192
145 200
145 205
145 206
145 207
145 209
145 216
145 219
145 223
145 224
145 226
145 227
145 229
145 230
145 233
145 235
145 237
145 240
145 244
145 248
145 249
145 251
145 253
145 254
145 258
145 262
145 263
145 268
145 269
145 274
145 278
145 281
145 286
145 287
145 289
145 292
145 293
145 295
145 297
146 147
146 149
146 150
146 172
146 173
146 182
146 193
146 194
146 195
146 197
146 198
146 199
146 202
146 206
146 209
146 211
146 213
146 218
146 220
146 222
146 224
146 227
146 228
146 229
146 237
146 242
146 251
146 253
146 254
146 255
146 256
146 263
146 267
146 269
146 270
146 274
146 275
146 281
146 287
146 291
146 297
146 299
147 148
147 154
147 158
147 159
147 161
147 166
147 168
147 170
147 175
147 176
147 179
147 181
147 182
147 187
147 189
147 191
147 197
147 198
147 209
147 225
147 230
147 235
147 236
147 245
147 246
147 249
147 260
147 269
147 272
147 273
147 274
147 276
147 279
147 282
147 285
147 286
147 287
147 290
147 297
147 298
148 150
148 151
148 160
148 161
148 163
148 165
148 167
148 169
148 171
148 175
148 178
148 179
148 184
148 185
148 189
148 201
148 202
148 206
148 207
148 211
148 212
148 213
148 218
148 219
148 220
148 230
148 231
148 237
148 238
148 242
148 243
148 246
148 248
148 250
148 251
148 252
148 253
148 254
148 260
148 261
148 262
148 264
148 267
148 269
148 273
148 274
148 275
148 278
148 290
148 295
148 296
149 152
149 155
149 157
149 160
149 165
149 169
149 173
149 176
149 177
149 179
149 183
149 184
149 185
149 197
149 200
149 201
149 203
149 206
149 207
149 214
149 223
149 227
149 230
149 231
149 234
149 235
149 236
149 237
149 238
149 240
149 241
149 253
149 254
149 256
149 258
149 259
149 262
149 263
149 264
149 268
149 274
149 276
149 277
149 283
149 284
149 286
149 294
150 153
150 156
150 157
150 165
150 168
150 170
150 179
150 181
150 185
150 186
150 188
150 191
150 192
150 195
150 197
150 208
150 210
150 214
150 216
150 217
150 225
150 226
150 229
150 230
150 232
150 235
150 236
150 238
150 239
150 241
150 242
150 250
150 267
150 268
150 269
150 276
150 278
150 280
150 285
150 291
150 294
150 296
151 152
151 155
151 157
151 164
151 166
151 169
151 172
151 173
151 180
151 181
151 183
151 184
151 188
151 196
151 198
151 202
151 212
151 216
151 220
151 221
151 226
151 227
151 229
151 230
151 232
151 236
151 240
151 252
151 256
151 258
151 259
151 261
151 262
151 264
151 266
151 267
151 268
151 272
151 277
151 278
151 280
151 281
151 282
151 291
151 294
151 295
151 297
151 298
151 299
152 154
152 162
152 165
152 166
152 168
152 169
152 174
152 175
152 180
152 182
152 188
152 189
152 190
152 192
152 200
152 201
152 204
152 212
152 214
152 215
152 222
152 223
152 224
152 225
152 226
152 227
152 229
152 230
152 233
152 241
152 248
152 249
152 253
152 255
152 257
152 258
152 267
152 269
152 273
152 274
152 276
152 278
152 284
152 287
152 293
152 298
153 158
153 159
153 160
153 161
153 168
153 170
153 172
153 173
153 176
153 178
153 180
153 183
153 186
153 188
153 189
153 190
153 192
153 196
153 197
153 198
153 200
153 204
153 209
153 212
153 215
153 224
153 226
153 231
153 232
153 233
153 234
153 235
153 241
153 242
153 246
153 247
153 249
153 251
153 259
153 260
153 267
153 269
153 270
153 272
153 279
153 283
153 286
153 287
153 288
153 291
153 293
153 296
153 298
153 299
154 155
154 158
154 159
154 160
154 161
154 165
154 166
154 167
154 171
154 178
154 179
154 181
154 184
154 185
154 186
154 193
154 204
154 207
154 209
154 210
154 217
154 224
154 225
154 232
154 236
154 238
154 239
154 244
154 249
154 251
154 252
154 253
154 255
154 256
154 257
154 259
154 261
154 262
154 265
154 269
154 270
154 277
154 278
154 281
154 282
154 292
154 295
154 297
154 299
155 157
155 159
155 161
155 163
155 174
155 178
155 182
155 196
155 198
155 201
155 202
155 209
155 211
155 212
155 214
155 220
155 223
155 224
155 227
155 233
155 239
155 241
155 245
155 246
155 255
155 258
155 259
155 260
155 271
155 272
155 278
155 279
155 282
155 288
155 290
155 291
155 292
155 293
155 296
155 299
156 157
156 165
156 166
156 171
156 174
156 179
156 183
156 184
156 185
156 186
156 189
156 190
156 191
156 199
156 200
156 201
156 208
156 210
156 214
156 215
156 224
156 226
156 227
156 228
156 229
156 240
156 243
156 245
156 250
156 255
156 256
156 262
156 264
156 267
156 269
156 274
156 276
156 278
156 279
156 280
156 282
156 289
156 290
156 291
156 297
156 298
156 299
157 158
157 164
157 165
157 167
157 168
157 173
157 175
157 177
157 179
157 185
157 194
157 195
157 196
157 201
157 202
157 203
157 205
157 206
157 209
157 216
157 217
157 219
157 225
157 226
157 227
157 233
157 234
157 241
157 244
157 248
157 249
157 250
157 251
157 253
157 258
157 260
157 262
157 266
157 268
157 270
157 273
157 275
157 277
157 278
157 281
157 295
158 161
158 162
158 164
158 165
158 175
158 176
158 177
158 178
158 183
158 187
158 188
158 198
158 205
158 209
158 213
158 217
158 220
158 221
158 222
158 223
158 236
158 237
158 240
158 243
158 244
158 245
158 247
158 251
158 256
158 257
158 262
158 263
158 265
158 266
158 274
158 277
158 283
158 288
158 290
158 292
159 169
159 172
159 174
159 178
159 182
159 190
159 195
159 198
159 199
159 202
159 209
159 212
159 216
159 220
159 225
159 228
159 229
159 232
159 238
159 242
159 244
159 245
159 246
159 247
159 249
159 251
159 256
159 260
159 267
159 273
159 276
159 284
159 286
159 289
159 291
159 292
159 294
160 161
160 163
160 168
160 170
160 171
160 172
160 173
160 175
160 177
160 182
160 184
160 191
160 192
160 193
160 194
160 199
160 205
160 214
160 216
160 220
160 224
160 228
160 229
160 233
160 234
160 236
160 238
160 239
160 247
160 250
160 254
160 261
160 263
160 266
160 268
160 270
160 274
160 275
160 277
160 279
160 284
160 287
160 291
160 292
160 297
161 162
161 170
161 173
161 176
161 181
161 182
161 184
161 189
161 190
161 194
161 197
161 198
161 201
161 213
161 214
161 218
161 224
161 225
161 231
161 232
161 233
161 236
161 238
161 241
161 256
161 263
161 265
161 269
161 272
161 275
161 277
161 284
161 286
161 289
161 291
161 293
161 295
161 296
161 298
161 299
162 165
162 166
162 173
162 177
162 179
162 182
162 184
162 194
162 196
162 202
162 207
162 208
162 213
162 220
162 221
162 224
162 230
162 232
162 233
162 235
162 241
162 243
162 244
162 249
162 251
162 255
162 257
162 258
162 259
162 260
162 261
162 262
162 264
162 267
162 268
162 270
162 272
162 275
162 276
162 284
162 286
162 287
162 288
162 289
162 294
162 296
163 166
163 167
163 168
163 170
163 171
163 174
163 179
163 182
163 184
163 188
163 196
163 197
163 199
163 202
163 203
163 210
163 214
163 215
163 217
163 218
163 221
163 223
163 224
163 226
163 229
163 231
163 239
163 242
163 252
163 259
163 263
163 265
163 266
163 267
163 272
163 275
163 278
163 282
163 285
163 286
163 288
163 289
163 291
163 294
163 295
163 297
164 165
164 166
164 168
164 169
164 170
164 171
164 172
164 176
164 177
164 178
164 183
164 184
164 190
164 191
164 192
164 193
164 197
164 198
164 205
164 208
164 210
164 214
164 215
164 223
164 224
164 230
164 232
164 244
164 245
164 251
164 253
164 254
164 255
164 258
164 266
164 269
164 270
164 271
164 272
164 274
164 276
164 277
164 282
164 285
164 286
164 293
164 297
165 166
165 173
165 177
165 182
165 184
165 188
165 190
165 194
165 195
165 197
165 202
165 203
165 204
165 208
165 210
165 213
165 215
165 225
165 226
165 227
165 231
165 238
165 239
165 242
165 244
165 245
165 251
165 252
165 254
165 256
165 257
165 262
165 263
165 264
165 265
165 267
165 269
165 270
165 273
165 275
165 278
165 284
165 285
165 287
165 288
165 291
165 293
165 295
165 297
166 167
166 170
166 171
166 173
166 174
166 184
166 189
166 192
166 194
166 195
166 201
166 209
166 210
166 211
166 212
166 218
166 220
166 221
166 222
166 231
166 235
166 242
166 244
166 245
166 247
166 248
166 249
166 251
166 254
166 255
166 259
166 260
166 265
166 280
166 281
166 282
166 284
166 293
166 297
166 298
167 170
167 171
167 176
167 178
167 181
167 182
167 183
167 185
167 191
167 196
167 199
167 200
167 201
167 204
167 205
167 209
167 211
167 216
167 217
167 220
167 222
167 223
167 225
167 231
167 233
167 234
167 239
167 240
167 245
167 248
167 253
167 255
167 256
167 260
167 262
167 263
167 264
167 271
167 280
167 285
167 287
167 289
167 292
167 293
167 296
168 170
168 171
168 174
168 178
168 180
168 182
168 192
168 195
168 198
168 207
168 208
168 209
168 210
168 213
168 214
168 217
168 220
168 221
168 228
168 230
168 232
168 234
168 235
168 237
168 240
168 241
168 243
168 250
168 252
168 254
168 257
168 258
168 263
168 265
168 267
168 271
168 272
168 282
168 286
168 287
168 295
169 170
169 176
169 178
169 180
169 198
169 199
169 203
169 208
169 210
169 213
169 215
169 216
169 218
169 222
169 226
169 228
169 233
169 248
169 249
169 250
169 253
169 260
169 264
169 265
169 267
169 270
169 271
169 272
169 283
169 285
169 290
169 291
169 292
169 297
169 299
170 177
170 178
170 181
170 185
170 186
170 187
170 188
170 194
170 198
170 201
170 202
170 204
170 208
170 210
170 212
170 219
170 224
170 225
170 228
170 230
170 231
170 238
170 240
170 241
170 242
170 245
170 250
170 254
170 260
170 273
170 282
170 289
170 290
170 292
170 293
170 294
170 296
170 298
171 177
171 178
171 179
171 180
171 185
171 189
171 191
171 195
171 196
171 197
171 198
171 200
171 201
171 202
171 204
171 212
171 218
171 223
171 230
171 231
171 233
171 236
171 237
171 238
171 239
171 247
171 248
171 261
171 264
171 265
171 268
171 269
171 275
171 276
171 278
171 280
171 281
171 284
171 288
171 289
171 296
172 173
172 175
172 176
172 183
172 185
172 188
172 190
172 193
172 194
172 196
172 204
172 206
172 212
172 213
172 214
172 215
172 219
172 224
172 229
172 231
172 233
172 237
172 246
172 249
172 253
172 256
172 258
172 260
172 262
172 266
172 271
172 275
172 276
172 280
172 285
172 290
172 291
172 295
173 177
173 179
173 186
173 192
173 195
173 201
173 202
173 203
173 204
173 207
173 215
173 218
173 222
173 227
173 231
173 232
173 235
173 239
173 243
173 245
173 247
173 248
173 250
173 252
173 254
173 255
173 258
173 264
173 265
173 268
173 272
173 273
173 275
173 278
173 281
173 286
173 287
173 288
173 289
173 290
173 291
173 294
173 298
173 299
174 180
174 182
174 184
174 187
174 198
174 199
174 201
174 202
174 206
174 207
174 220
174 221
174 228
174 237
174 244
174 251
174 254
174 255
174 258
174 262
174 266
174 267
174 268
174 269
174 273
174 275
174 277
174 282
174 283
174 284
174 285
174 286
174 287
174 289
174 295
174 296
174 297
175 177
175 179
175 182
175 184
175 187
175 188
175 192
175 198
175 199
175 203
175 205
175 206
175 207
175 208
175 209
175 211
175 213
175 214
175 227
175 237
175 238
175 241
175 246
175 249
175 250
175 257
175 262
175 267
175 268
175 271
175 275
175 279
175 281
175 283
175 285
175 286
175 290
175 297
176 178
176 181
176 185
176 186
176 190
176 192
176 196
176 197
176 198
176 200
176 202
176 203
176 204
176 209
176 212
176 213
176 217
176 218
176 219
176 224
176 225
176 228
176 230
176 231
176 247
176 249
176 253
176 258
176 260
176 263
176 265
176 267
176 269
176 272
176 274
176 276
176 278
176 279
176 280
176 282
176 284
176 286
176 292
176 295
176 296
177 179
177 184
177 186
177 198
177 200
177 204
177 210
177 211
177 212
177 214
177 217
177 218
177 219
177 220
177 224
177 225
177 227
177 229
177 230
177 232
177 243
177 245
177 246
177 247
177 249
177 250
177 251
177 253
177 255
177 260
177 262
177 263
177 264
177 267
177 269
177 271
177 279
177 282
177 283
177 285
177 286
177 289
177 298
178 188
178 191
178 193
178 196
178 199
178 201
178 203
178 209
178 212
178 213
178 214
178 217
178 218
178 224
178 227
178 228
178 229
178 236
178 237
178 238
178 242
178 243
178 245
178 253
178 256
178 262
178 264
178 266
178 267
178 268
178 269
178 271
178 273
178 286
178 287
178 288
178 294
179 185
179 191
179 197
179 198
179 206
179 208
179 214
179 215
179 221
179 222
179 224
179 229
179 231
179 233
179 235
179 236
179 237
179 238
179 239
179 245
179 246
179 248
179 251
179 258
179 260
179 261
179 273
179 277
179 278
179 279
179 280
179 282
179 286
179 287
179 288
179 289
179 290
179 291
179 292
179 294
180 187
180 189
180 192
180 195
180 198
180 206
180 210
180 214
180 217
180 220
180 227
180 230
180 231
180 235
180 237
180 239
180 242
180 244
180 246
180 251
180 252
180 253
180 254
180 255
180 258
180 259
180 261
180 262
180 263
180 264
180 265
180 266
180 270
180 272
180 275
180 279
180 280
180 281
180 284
180 286
180 287
180 288
180 290
180 291
180 292
180 298
181 191
181 205
181 207
181 208
181 211
181 216
181 217
181 219
181 223
181 227
181 228
181 233
181 236
181 240
181 244
181 248
181 249
181 258
181 265
181 268
181 270
181 273
181 274
181 275
181 279
181 282
181 286
181 287
181 290
182 186
182 187
182 188
182 192
182 195
182 201
182 202
182 203
182 206
182 208
182 212
182 223
182 224
182 230
182 231
182 237
182 238
182 240
182 241
182 245
182 247
182 252
182 255
182 257
182 260
182 264
182 269
182 271
182 273
182 279
182 281
182 283
182 284
182 287
182 292
182 296
182 298
182 299
183 185
183 192
183 194
183 195
183 198
183 199
183 201
183 215
183 220
183 222
183 224
183 227
183 228
183 230
183 239
183 242
183 247
183 248
183 250
183 251
183 253
183 254
183 258
183 259
183 261
183 264
183 268
183 270
183 274
183 278
183 283
183 284
183 285
183 286
183 287
183 289
183 290
183 291
183 295
184 187
184 193
184 198
184 201
184 206
184 207
184 212
184 213
184 219
184 223
184 228
184 231
184 233
184 234
184 238
184 240
184 243
184 244
184 248
184 249
184 250
184 254
184 255
184 257
184 258
184 260
184 264
184 267
184 268
184 270
184 271
184 273
184 278
184 280
184 281
184 286
184 289
184 292
184 293
184 295
184 296
185 186
185 201
185 202
185 208
185 220
185 221
185 224
185 229
185 239
185 244
185 245
185 247
185 255
185 256
185 257
185 261
185 264
185 267
185 268
185 271
185 272
185 273
185 275
185 277
185 286
185 289
185 290
185 292
185 294
186 191
186 193
186 194
186 195
186 197
186 198
186 201
186 205
186 206
186 207
186 209
186 212
186 214
186 216
186 217
186 220
186 224
186 225
186 230
186 238
186 240
186 242
186 246
186 249
186 251
186 252
186 253
186 261
186 263
186 265
186 268
186 270
186 272
186 275
186 277
186 278
186 280
186 286
186 290
186 293
186 294
186 297
186 298
187 189
187 190
187 191
187 195
187 197
187 203
187 204
187 211
187 214
187 216
187 219
187 229
187 231
187 232
187 236
187 252
187 253
187 255
187 259
187 267
187 268
187 269
187 270
187 281
187 282
187 284
187 288
187 291
187 293
187 295
187 298
188 191
188 194
188 195
188 197
188 200
188 207
188 209
188 210
188 212
188 218
188 223
188 224
188 229
188 233
188 234
188 235
188 237
188 238
188 240
188 242
188 243
188 245
188 246
188 254
188 257
188 270
188 273
188 282
188 284
188 285
188 289
188 291
188 292
189 190
189 199
189 203
189 205
189 207
189 208
189 209
189 210
189 211
189 214
189 216
189 218
189 220
189 224
189 225
189 231
189 234
189 236
189 238
189 239
189 241
189 250
189 251
189 254
189 256
189 261
189 265
189 269
189 270
189 271
189 282
189 285
189 292
189 295
189 296
190 194
190 195
190 199
190 200
190 205
190 208
190 219
190 220
190 221
190 223
190 225
190 226
190 229
190 230
190 236
190 242
190 244
190 248
190 249
190 250
190 253
190 255
190 260
190 261
190 273
190 277
190 281
190 283
190 286
190 287
190 288
190 291
190 292
190 293
190 294
190 298
191 197
191 202
191 203
191 204
191 209
191 210
191 213
191 216
191 217
191 220
191 221
191 234
191 236
191 238
191 240
191 244
191 247
191 249
191 250
191 253
191 256
191 257
191 262
191 263
191 265
191 275
191 276
191 283
191 295
191 296
192 198
192 200
192 203
192 204
192 207
192 215
192 216
192 220
192 221
192 222
192 224
192 225
192 228
192 232
192 236
192 239
192 240
192 241
192 251
192 255
192 257
192 263
192 266
192 272
192 273
192 285
192 286
192 287
192 291
192 294
192 295
192 299
193 203
193 205
193 208
193 210
193 212
193 213
193 214
193 217
193 219
193 220
193 224
193 226
193 236
193 241
193 243
193 245
193 249
193 250
193 251
193 253
193 255
193 258
193 259
193 262
193 267
193 299
194 196
194 197
194 204
194 213
194 221
194 232
194 234
194 236
194 237
194 238
194 242
194 245
194 249
194 251
194 252
194 253
194 254
194 257
194 260
194 261
194 264
194 271
194 272
194 273
194 275
194 276
194 277
194 278
194 280
194 283
194 286
194 290
194 292
194 296
194 297
194 298
195 196
195 198
195 201
195 211
195 214
195 217
195 218
195 219
195 220
195 223
195 224
195 226
195 227
195 228
195 230
195 233
195 234
195 240
195 241
195 243
195 245
195 246
195 248
195 249
195 250
195 258
195 263
195 264
195 267
195 276
195 279
195 287
195 288
195 289
195 290
195 291
195 292
195 296
195 297
196 197
196 208
196 211
196 212
196 214
196 216
196 218
196 220
196 222
196 225
196 226
196 240
196 245
196 247
196 251
196 252
196 254
196 259
196 262
196 269
196 275
196 277
196 279
196 285
196 286
196 290
196 294
196 295
196 298
197 199
197 201
197 206
197 215
197 219
197 220
197 222
197 226
197 228
197 229
197 234
197 237
197 241
197 243
197 249
197 252
197 260
197 265
197 269
197 273
197 282
197 285
197 290
198 199
198 203
198 204
198 205
198 213
198 218
198 222
198 225
198 226
198 227
198 229
198 232
198 234
198 235
198 238
198 253
198 254
198 255
198 258
198 261
198 277
198 284
198 287
198 292
198 296
199 200
199 202
199 203
199 208
199 214
199 215
199 216
199 218
199 222
199 223
199 224
199 225
199 234
199 240
199 248
199 249
199 252
199 254
199 256
199 257
199 261
199 264
199 266
199 267
199 269
199 271
199 272
199 278
199 279
199 282
199 286
199 291
199 293
199 296
199 297
200 201
200 203
200 210
200 212
200 219
200 220
200 224
200 233
200 237
200 240
200 241
200 250
200 255
200 258
200 260
200 264
200 267
200 270
200 271
200 273
200 276
200 277
200 283
200 287
200 292
200 295
201 202
201 203
201 206
201 207
201 208
201 215
201 221
201 225
201 230
201 231
201 233
201 235
201 241
201 242
201 244
201 246
201 247
201 254
201 255
201 256
201 257
201 258
201 259
201 262
201 266
201 267
201 271
201 275
201 276
201 277
201 283
201 284
201 285
201 286
201 294
202 204
202 205
202 207
202 212
202 218
202 225
202 226
202 227
202 230
202 236
202 238
202 242
202 244
202 254
202 255
202 258
202 262
202 269
202 272
202 273
202 282
202 286
202 287
202 288
202 290
202 291
202 293
202 295
202 297
203 204
203 211
203 219
203 224
203 227
203 231
203 234
203 236
203 242
203 243
203 244
203 248
203 250
203 252
203 257
203 261
203 263
203 265
203 273
203 274
203 275
203 277
203 278
203 285
203 286
203 290
204 206
204 207
204 210
204 228
204 232
204 238
204 244
204 246
204 250
204 252
204 257
204 259
204 261
204 263
204 264
204 265
204 266
204 267
204 276
204 283
204 284
204 286
204 287
204 288
204 289
204 294
204 299
205 206
205 212
205 213
205 214
205 218
205 224
205 227
205 231
205 232
205 233
205 236
205 237
205 239
205 241
205 243
205 250
205 253
205 255
205 260
205 263
205 264
205 266
205 268
205 269
205 274
205 275
205 277
205 284
205 286
205 293
205 294
205 296
206 208
206 209
206 211
206 213
206 216
206 217
206 218
206 219
206 223
206 225
206 227
206 229
206 235
206 236
206 240
206 243
206 245
206 246
206 250
206 259
206 260
206 262
206 271
206 274
206 276
206 279
206 280
206 285
206 287
206 290
206 291
207 208
207 211
207 214
207 215
207 216
207 219
207 228
207 239
207 241
207 246
207 247
207 253
207 256
207 259
207 264
207 265
207 272
207 279
207 287
207 290
207 292
207 293
207 298
208 209
208 218
208 219
208 221
208 224
208 227
208 230
208 232
208 237
208 246
208 247
208 248
208 252
208 254
208 257
208 258
208 260
208 269
208 275
208 280
208 285
208 287
208 294
208 295
208 296
208 298
209 222
209 229
209 232
209 235
209 239
209 241
209 244
209 248
209 250
209 251
209 252
209 264
209 269
209 270
209 272
209 273
209 275
209 277
209 283
209 284
209 286
209 287
209 288
209 289
209 294
209 295
209 296
209 297
210 211
210 220
210 222
210 225
210 226
210 229
210 231
210 246
210 249
210 252
210 257
210 258
210 263
210 266
210 268
210 269
210 271
210 273
210 285
210 293
210 296
211 214
211 215
211 219
211 222
211 223
211 224
211 232
211 233
211 235
211 236
211 239
211 242
211 246
211 247
211 249
211 256
211 263
211 264
211 267
211 268
211 273
211 276
211 286
211 294
211 299
212 216
212 219
212 220
212 221
212 223
212 225
212 226
212 229
212 236
212 237
212 246
212 249
212 252
212 253
212 255
212 256
212 265
212 269
212 270
212 276
212 281
212 282
212 293
212 294
212 295
213 216
213 219
213 224
213 230
213 237
213 239
213 244
213 246
213 247
213 249
213 250
213 253
213 254
213 257
213 260
213 262
213 270
213 272
213 273
213 275
213 284
213 286
213 288
213 292
213 294
214 215
214 220
214 228
214 230
214 233
214 237
214 244
214 250
214 260
214 261
214 263
214 272
214 279
214 282
214 283
214 285
214 286
214 295
215 216
215 222
215 230
215 232
215 236
215 239
215 245
215 246
215 250
215 254
215 259
215 261
215 283
215 285
215 287
215 290
215 297
216 221
216 222
216 224
216 229
216 230
216 232
216 233
216 235
216 237
216 243
216 251
216 255
216 256
216 258
216 262
216 264
216 266
216 267
216 269
216 271
216 272
216 275
216 277
216 284
216 286
216 292
216 296
216 297
216 299
217 220
217 221
217 230
217 238
217 240
217 243
217 244
217 246
217 247
217 252
217 256
217 261
217 266
217 270
217 281
217 284
217 285
217 286
217 290
217 292
217 294
218 219
218 221
218 222
218 226
218 228
218 229
218 232
218 233
218 235
218 240
218 241
218 244
218 246
218 247
218 248
218 251
218 255
218 258
218 262
218 265
218 270
218 271
218 272
218 273
218 277
218 279
218 280
218 282
218 284
218 286
218 289
218 292
218 294
218 295
218 297
218 299
219 223
219 225
219 226
219 230
219 232
219 235
219 238
219 246
219 248
219 250
219 251
219 253
219 257
219 259
219 262
219 267
219 273
219 275
219 276
219 280
219 285
219 293
219 297
220 227
220 228
220 235
220 237
220 238
220 241
220 242
220 244
220 245
220 249
220 254
220 260
220 261
220 263
220 264
220 266
220 271
220 273
220 276
220 280
220 282
220 283
220 287
220 289
220 291
220 292
220 299
221 228
221 230
221 231
221 238
221 240
221 241
221 245
221 248
221 252
221 254
221 256
221 271
221 272
221 274
221 275
221 283
221 284
221 288
221 291
221 294
222 223
222 224
222 229
222 230
222 232
222 234
222 236
222 238
222 245
222 246
222 253
222 258
222 266
222 271
222 276
222 277
222 279
222 281
222 282
222 289
222 292
222 296
222 299
223 228
223 230
223 238
223 239
223 241
223 247
223 249
223 250
223 255
223 256
223 258
223 263
223 264
223 268
223 270
223 271
223 276
223 279
223 280
223 281
223 283
223 285
223 289
223 294
223 295
223 296
223 299
224 225
224 226
224 228
224 235
224 236
224 238
224 241
224 242
224 243
224 245
224 247
224 251
224 253
224 261
224 262
224 263
224 265
224 272
224 274
224 275
224 276
224 279
224 284
224 292
224 298
225 226
225 235
225 241
225 245
225 246
225 250
225 252
225 255
225 258
225 259
225 261
225 265
225 266
225 270
225 271
225 277
225 279
225 280
225 281
225 285
225 287
225 289
225 292
226 227
226 228
226 231
226 237
226 239
226 240
226 243
226 244
226 246
226 247
226 248
226 250
226 252
226 253
226 255
226 257
226 258
226 265
226 268
226 271
226 272
226 276
226 277
226 278
226 287
226 297
227 232
227 234
227 240
227 244
227 245
227 251
227 260
227 262
227 264
227 267
227 271
227 275
227 276
227 280
227 281
227 282
227 286
227 290
227 292
227 299
228 229
228 233
228 235
228 236
228 238
228 240
228 242
228 243
228 250
228 252
228 253
228 261
228 263
228 264
228 267
228 270
228 271
228 275
228 278
228 288
228 292
228 294
229 231
229 232
229 234
229 244
229 245
229 247
229 255
229 256
229 257
229 258
229 261
229 265
229 270
229 274
229 276
229 282
229 284
229 291
229 295
229 298
230 233
230 237
230 240
230 251
230 263
230 264
230 267
230 269
230 271
230 278
230 281
230 285
230 286
230 288
230 289
230 296
230 299
231 232
231 237
231 243
231 244
231 245
231 248
231 254
231 257
231 260
231 266
231 270
231 273
231 280
231 281
231 282
231 283
231 287
231 290
231 296
232 235
232 237
232 238
232 243
232 246
232 253
232 255
232 258
232 261
232 263
232 266
232 272
232 279
232 292
232 294
233 234
233 235
233 237
233 238
233 239
233 240
233 245
233 248
233 254
233 256
233 258
233 259
233 261
233 263
233 266
233 268
233 273
233 279
233 281
233 284
233 285
233 289
233 296
234 237
234 239
234 242
234 251
234 256
234 264
234 266
234 268
234 269
234 271
234 276
234 279
234 282
234 284
234 288
234 289
234 297
234 299
235 242
235 253
235 255
235 257
235 259
235 265
235 271
235 272
235 276
235 279
235 281
235 284
235 285
235 286
235 289
235 293
235 297
235 299
236 237
236 238
236 240
236 243
236 248
236 250
236 255
236 256
236 259
236 263
236 265
236 267
236 272
236 275
236 279
236 283
236 287
236 288
236 289
236 290
236 294
236 299
237 239
237 245
237 246
237 251
237 258
237 259
237 260
237 267
237 278
237 293
237 296
237 297
237 298
238 240
238 246
238 247
238 248
238 250
238 255
238 264
238 269
238 271
238 276
239 240
239 243
239 244
239 248
239 251
239 253
239 255
239 259
239 261
239 269
239 270
239 276
239 278
239 280
239 292
239 295
240 242
240 250
240 251
240 253
240 254
240 257
240 260
240 261
240 262
240 267
240 268
240 275
240 284
240 285
240 290
240 293
240 294
240 297
240 299
241 243
241 244
241 246
241 259
241 262
241 265
241 269
241 272
241 274
241 278
241 281
241 284
241 287
241 288
241 291
241 295
241 297
242 245
242 251
242 255
242 256
242 260
242 265
242 267
242 268
242 270
242 276
242 277
242 279
242 281
242 282
242 284
242 289
242 295
243 244
243 247
243 249
243 251
243 253
243 254
243 257
243 259
243 260
243 262
243 265
243 266
243 267
243 274
243 275
243 276
243 278
243 283
243 285
243 286
243 290
243 292
243 296
243 299
244 246
244 248
244 249
244 258
244 260
244 262
244 263
244 264
244 271
244 272
244 273
244 274
244 279
244 280
244 287
244 290
244 291
244 293
244 298
245 246
245 247
245 248
245 254
245 255
245 257
245 260
245 269
245 271
245 275
245 284
245 291
245 293
245 294
246 248
246 257
246 262
246 265
246 266
246 268
246 275
246 277
246 279
246 285
246 288
246 289
246 291
246 294
246 298
247 255
247 256
247 257
247 264
247 266
247 267
247 271
247 273
247 274
247 278
247 282
247 283
247 284
247 285
247 291
248 249
248 255
248 257
248 258
248 272
248 275
248 276
248 278
248 280
248 282
248 283
248 284
248 293
248 294
248 295
248 296
248 297
249 252
249 253
249 256
249 257
249 263
249 268
249 269
249 270
249 271
249 272
249 277
249 278
249 293
249 299
250 252
250 255
250 262
250 263
250 265
250 266
250 270
250 271
250 273
250 279
250 298
251 253
251 255
251 257
251 258
251 265
251 267
251 268
251 270
251 273
251 276
251 277
251 282
251 283
251 290
251 291
251 298
252 261
252 263
252 264
252 265
252 270
252 271
252 278
252 279
252 280
252 288
252 292
252 296
252 298
253 264
253 265
253 272
253 273
253 276
253 281
253 287
253 288
253 292
253 295
253 297
254 255
254 256
254 259
254 260
254 267
254 271
254 272
254 282
254 287
254 293
254 296
254 297
255 259
255 260
255 263
255 265
255 268
255 274
255 276
255 278
255 280
255 281
255 285
255 287
255 288
255 290
255 291
255 296
255 297
256 258
256 260
256 261
256 262
256 263
256 264
256 273
256 281
256 282
256 283
256 284
256 285
256 287
256 290
257 258
257 262
257 267
257 271
257 273
257 278
257 279
257 283
257 285
257 290
258 269
258 270
258 271
258 272
258 277
258 279
258 281
258 295
258 297
258 299
259 265
259 266
259 272
259 276
259 277
259 278
259 280
259 281
259 283
259 286
259 289
259 291
259 294
259 296
259 299
260 265
260 268
260 288
260 293
260 294
260 295
260 297
260 298
261 264
261 267
261 269
261 271
261 272
261 273
261 275
261 277
261 278
261 287
261 288
261 289
261 291
261 293
261 295
261 296
261 297
261 298
262 266
262 268
262 272
262 273
262 276
262 280
262 281
262 286
262 287
262 294
262 298
263 265
263 266
263 269
263 274
263 277
263 278
263 283
263 284
263 289
263 290
263 292
263 293
263 295
263 299
264 267
264 268
264 270
264 277
264 278
264 282
264 294
264 298
265 266
265 267
265 268
265 269
265 270
265 275
265 287
266 267
266 270
266 272
266 273
266 274
266 283
266 285
266 296
266 297
266 299
267 270
267 275
267 277
267 280
267 281
267 283
267 284
267 286
267 289
267 295
267 298
268 273
268 280
268 282
268 285
268 290
268 291
268 293
268 298
269 273
269 275
269 277
269 278
269 281
269 292
269 295
269 296
269 298
270 275
270 277
270 278
270 281
270 283
270 286
270 289
270 294
270 295
270 296
270 299
271 273
271 275
271 277
271 278
271 279
271 281
271 282
271 285
271 292
271 294
271 298
272 275
272 284
272 288
272 290
272 291
272 292
272 295
272 298
273 274
273 276
273 277
273 278
273 281
273 282
273 291
273 292
273 295
273 296
273 299
274 275
274 279
274 280
274 287
274 289
274 290
274 294
274 295
275 276
275 286
275 288
275 296
275 297
275 298
275 299
276 278
276 279
276 282
276 290
276 292
276 293
277 286
277 287
277 288
277 290
277 291
277 292
277 297
277 298
278 280
278 281
278 283
278 289
278 292
278 296
278 299
279 294
279 295
279 298
280 286
280 288
280 294
280 297
281 282
281 283
281 287
281 289
281 290
281 291
281 293
282 284
282 288
282 290
282 295
283 290
284 285
284 296
285 286
285 287
285 289
285 291
285 292
286 290
286 292
286 293
286 294
287 290
287 292
287 294
287 295
287 296
287 297
287 299
288 291
288 292
288 293
288 295
288 298
288 299
289 294
289 296
289 299
290 291
290 294
290 295
290 298
291 294
291 297
291 299
292 293
292 294
292 299
293 294
293 299
294 296
294 297
297 298
