300 4785
0 10
0 14
0 20
0 22
0 26
0 33
0 35
0 37
0 38
0 41
0 99
0 104
0 117
0 118
0 127
0 140
0 141
0 145
0 158
0 161
0 166
0 176
0 181
0 183
0 207
0 213
0 217
0 226
0 252
0 280
0 288
1 4
1 6
1 23
1 26
1 30
1 32
1 56
1 61
1 62
1 70
1 82
1 88
1 94
1 96
1 100
1 103
1 121
1 124
1 128
1 135
1 139
1 146
1 149
1 154
1 164
1 171
1 181
1 184
1 199
1 201
1 216
1 225
1 252
1 260
1 270
1 276
1 286
1 287
1 289
2 4
2 14
2 18
2 23
2 39
2 41
2 52
2 54
2 67
2 68
2 69
2 72
2 90
2 92
2 114
2 117
2 131
2 148
2 155
2 157
2 168
2 183
2 185
2 187
2 205
2 212
2 233
2 234
2 243
2 245
2 256
2 270
2 280
3 15
3 24
3 27
3 28
3 34
3 36
3 48
3 52
3 60
3 63
3 67
3 83
3 108
3 111
3 120
3 127
3 143
3 161
3 188
3 191
3 226
3 232
3 238
3 246
3 256
3 267
3 274
3 275
3 281
3 294
3 296
3 297
4 9
4 16
4 17
4 25
4 27
4 36
4 60
4 69
4 90
4 124
4 125
4 139
4 143
4 145
4 149
4 153
4 161
4 162
4 173
4 179
4 193
4 195
4 210
4 250
4 255
4 264
4 273
4 293
5 20
5 35
5 37
5 57
5 58
5 67
5 69
5 75
5 81
5 86
5 89
5 92
5 120
5 127
5 167
5 175
5 177
5 180
5 181
5 201
5 207
5 224
5 236
5 241
5 245
5 265
5 274
5 286
5 289
5 297
6 17
6 20
6 21
6 29
6 34
6 41
6 43
6 47
6 54
6 66
6 90
6 93
6 96
6 100
6 105
6 141
6 142
6 144
6 154
6 157
6 163
6 165
6 168
6 176
6 204
6 216
6 220
6 227
6 231
6 234
6 246
6 262
6 268
6 270
6 272
6 278
6 289
6 293
7 18
7 31
7 36
7 45
7 49
7 51
7 64
7 74
7 78
7 103
7 105
7 123
7 128
7 139
7 142
7 145
7 152
7 166
7 169
7 171
7 183
7 188
7 194
7 207
7 212
7 221
7 231
7 235
7 245
7 271
7 284
7 293
8 46
8 47
8 49
8 58
8 62
8 71
8 72
8 90
8 103
8 106
8 113
8 121
8 125
8 135
8 142
8 160
8 167
8 169
8 171
8 173
8 185
8 190
8 209
8 212
8 221
8 227
8 229
8 230
8 235
8 238
8 240
8 250
8 276
8 282
8 292
8 293
9 12
9 18
9 21
9 27
9 28
9 39
9 52
9 60
9 76
9 86
9 94
9 117
9 123
9 140
9 146
9 148
9 159
9 175
9 179
9 180
9 213
9 216
9 223
9 232
9 248
9 250
9 283
9 290
10 14
10 26
10 27
10 30
10 33
10 37
10 41
10 57
10 70
10 77
10 82
10 83
10 108
10 113
10 115
10 128
10 129
10 130
10 144
10 166
10 167
10 191
10 226
10 234
10 236
10 243
10 247
10 259
10 266
10 270
10 274
10 277
10 286
10 295
11 36
11 52
11 77
11 78
11 93
11 106
11 128
11 147
11 149
11 165
11 169
11 187
11 188
11 200
11 212
11 214
11 233
11 234
11 245
11 247
11 258
11 265
11 288
11 291
12 18
12 20
12 30
12 38
12 47
12 72
12 90
12 118
12 119
12 120
12 127
12 131
12 132
12 139
12 172
12 173
12 224
12 232
12 233
12 236
12 241
12 245
12 246
12 253
12 262
12 272
12 285
12 296
12 299
13 21
13 25
13 42
13 53
13 57
13 62
13 70
13 82
13 84
13 109
13 133
13 149
13 159
13 178
13 180
13 185
13 201
13 204
13 211
13 212
13 224
13 230
13 231
13 250
13 251
13 253
13 255
13 257
13 268
13 269
13 278
13 284
13 298
14 23
14 40
14 48
14 52
14 56
14 59
14 63
14 67
14 73
14 75
14 76
14 89
14 91
14 95
14 107
14 135
14 144
14 153
14 157
14 165
14 176
14 203
14 206
14 234
14 236
14 237
14 249
14 259
14 266
14 285
14 289
14 298
14 299
15 21
15 36
15 55
15 61
15 79
15 103
15 113
15 118
15 124
15 128
15 131
15 132
15 136
15 141
15 148
15 150
15 157
15 164
15 168
15 169
15 170
15 177
15 180
15 189
15 201
15 231
15 232
15 233
15 237
15 256
15 275
15 281
15 287
15 296
15 298
16 25
16 36
16 52
16 55
16 56
16 84
16 94
16 116
16 134
16 138
16 142
16 150
16 154
16 162
16 180
16 190
16 191
16 214
16 217
16 224
16 240
16 242
16 255
16 273
16 274
16 285
16 290
17 24
17 46
17 49
17 54
17 60
17 61
17 66
17 69
17 72
17 97
17 99
17 109
17 112
17 113
17 118
17 132
17 134
17 150
17 156
17 161
17 166
17 169
17 218
17 229
17 239
17 260
17 262
17 275
17 296
18 21
18 24
18 27
18 31
18 40
18 51
18 62
18 76
18 77
18 92
18 98
18 107
18 110
18 124
18 130
18 157
18 165
18 171
18 175
18 254
18 288
18 297
19 20
19 26
19 34
19 40
19 45
19 60
19 76
19 81
19 84
19 92
19 111
19 113
19 124
19 130
19 140
19 160
19 175
19 181
19 216
19 229
19 258
19 261
19 267
19 268
19 270
19 283
19 290
19 291
19 295
19 296
19 299
20 25
20 36
20 37
20 48
20 55
20 58
20 62
20 74
20 81
20 84
20 88
20 89
20 92
20 93
20 107
20 119
20 120
20 132
20 134
20 140
20 151
20 152
20 171
20 190
20 191
20 239
20 274
20 277
20 290
20 292
20 297
21 25
21 32
21 33
21 42
21 44
21 47
21 56
21 60
21 61
21 70
21 84
21 85
21 95
21 119
21 125
21 129
21 134
21 138
21 141
21 154
21 159
21 164
21 179
21 205
21 232
21 246
21 255
21 258
21 267
21 270
21 275
21 295
21 296
21 298
22 26
22 52
22 92
22 102
22 112
22 123
22 138
22 139
22 141
22 146
22 153
22 159
22 166
22 183
22 204
22 207
22 210
22 241
22 243
22 268
23 24
23 43
23 57
23 62
23 89
23 94
23 96
23 97
23 110
23 112
23 114
23 145
23 165
23 166
23 172
23 179
23 186
23 197
23 202
23 203
23 204
23 205
23 210
23 211
23 218
23 237
23 260
23 261
23 290
23 294
23 295
24 29
24 39
24 46
24 49
24 53
24 64
24 76
24 85
24 87
24 94
24 104
24 116
24 139
24 143
24 148
24 170
24 187
24 233
24 242
24 252
24 256
24 262
24 264
24 269
24 281
24 293
25 49
25 79
25 82
25 99
25 101
25 106
25 119
25 132
25 138
25 157
25 206
25 211
25 228
25 247
25 252
25 269
25 272
25 278
25 293
26 28
26 38
26 39
26 56
26 58
26 68
26 70
26 84
26 98
26 102
26 113
26 121
26 147
26 177
26 180
26 200
26 205
26 209
26 210
26 213
26 218
26 227
26 232
26 237
26 257
26 262
26 263
26 277
26 284
26 288
26 290
27 31
27 37
27 38
27 48
27 58
27 59
27 66
27 68
27 86
27 108
27 112
27 118
27 147
27 150
27 159
27 190
27 194
27 200
27 205
27 211
27 249
27 255
27 261
27 267
27 271
27 285
27 287
27 292
28 39
28 62
28 82
28 100
28 108
28 140
28 147
28 149
28 157
28 165
28 175
28 183
28 187
28 188
28 190
28 202
28 207
28 220
28 234
28 241
28 249
28 254
28 260
28 264
28 269
28 288
29 56
29 83
29 101
29 102
29 106
29 110
29 120
29 130
29 141
29 148
29 149
29 150
29 157
29 176
29 177
29 180
29 181
29 184
29 195
29 196
29 202
29 203
29 215
29 221
29 237
29 239
29 240
29 248
29 255
29 262
29 295
30 31
30 49
30 57
30 58
30 59
30 63
30 65
30 72
30 86
30 111
30 150
30 151
30 176
30 194
30 203
30 212
30 217
30 232
30 241
30 261
30 269
30 286
30 293
31 46
31 47
31 53
31 88
31 96
31 102
31 110
31 121
31 126
31 135
31 160
31 166
31 170
31 178
31 181
31 187
31 189
31 191
31 202
31 208
31 221
31 232
31 239
31 245
31 249
31 255
31 257
31 260
31 267
31 287
31 289
31 296
32 33
32 38
32 65
32 74
32 76
32 77
32 90
32 92
32 101
32 105
32 109
32 111
32 112
32 116
32 119
32 126
32 130
32 146
32 150
32 198
32 211
32 213
32 235
32 242
32 250
32 262
32 268
32 270
32 273
32 274
32 293
32 294
33 39
33 57
33 59
33 66
33 72
33 75
33 78
33 83
33 97
33 100
33 107
33 108
33 114
33 119
33 124
33 132
33 150
33 182
33 184
33 203
33 212
33 228
33 236
33 249
33 263
33 268
33 286
33 287
33 289
34 44
34 63
34 69
34 78
34 94
34 125
34 148
34 149
34 152
34 162
34 170
34 198
34 235
34 236
34 250
34 255
34 268
34 269
34 278
34 281
35 48
35 56
35 60
35 61
35 65
35 72
35 74
35 99
35 110
35 111
35 122
35 136
35 142
35 151
35 156
35 158
35 167
35 170
35 180
35 182
35 185
35 186
35 195
35 203
35 205
35 210
35 211
35 224
35 225
35 226
35 229
35 238
35 239
35 241
35 243
35 248
35 274
35 283
35 284
35 289
35 292
36 49
36 57
36 61
36 68
36 92
36 95
36 105
36 112
36 120
36 124
36 125
36 126
36 127
36 139
36 162
36 165
36 194
36 198
36 202
36 205
36 209
36 211
36 217
36 226
36 236
36 247
36 262
36 280
36 283
36 284
36 299
37 48
37 50
37 56
37 57
37 72
37 75
37 97
37 102
37 107
37 111
37 138
37 166
37 171
37 177
37 195
37 197
37 203
37 209
37 210
37 212
37 214
37 225
37 242
37 246
37 259
37 266
37 270
37 283
38 52
38 57
38 63
38 72
38 79
38 92
38 103
38 123
38 125
38 130
38 133
38 135
38 165
38 173
38 184
38 188
38 196
38 204
38 210
38 212
38 215
38 217
38 228
38 243
38 269
38 271
38 284
38 295
39 46
39 77
39 81
39 101
39 115
39 119
39 123
39 130
39 145
39 155
39 188
39 193
39 229
39 234
39 262
39 275
39 287
39 293
40 48
40 51
40 73
40 92
40 99
40 105
40 109
40 115
40 129
40 132
40 134
40 156
40 174
40 179
40 184
40 186
40 201
40 208
40 213
40 228
40 235
40 236
40 237
40 255
40 298
40 299
41 56
41 58
41 72
41 82
41 110
41 118
41 131
41 144
41 145
41 147
41 152
41 169
41 181
41 186
41 188
41 235
41 236
41 249
41 252
41 261
41 267
41 271
41 278
41 280
41 284
41 288
41 291
42 58
42 59
42 88
42 95
42 98
42 102
42 105
42 113
42 138
42 144
42 161
42 167
42 177
42 188
42 198
42 208
42 211
42 215
42 249
42 263
42 268
42 279
42 287
42 289
43 48
43 65
43 73
43 88
43 102
43 122
43 123
43 133
43 135
43 141
43 147
43 148
43 151
43 158
43 163
43 168
43 189
43 202
43 214
43 283
44 57
44 60
44 62
44 67
44 71
44 79
44 87
44 104
44 106
44 114
44 118
44 123
44 130
44 139
44 149
44 166
44 167
44 172
44 177
44 178
44 179
44 188
44 196
44 197
44 201
44 209
44 214
44 217
44 224
44 234
44 255
44 266
44 274
44 283
44 284
45 51
45 68
45 69
45 71
45 72
45 74
45 75
45 83
45 107
45 108
45 128
45 138
45 168
45 184
45 187
45 189
45 194
45 214
45 215
45 220
45 228
45 233
45 235
45 245
45 257
45 272
45 279
45 280
45 282
45 289
45 291
46 50
46 67
46 72
46 92
46 95
46 100
46 102
46 107
46 109
46 122
46 139
46 148
46 157
46 165
46 172
46 174
46 178
46 188
46 193
46 205
46 210
46 222
46 223
46 247
46 248
46 251
46 264
46 265
46 268
46 274
46 277
46 288
46 289
47 51
47 67
47 73
47 81
47 83
47 85
47 94
47 109
47 114
47 117
47 128
47 136
47 143
47 157
47 170
47 175
47 178
47 194
47 238
47 244
47 247
47 257
47 269
47 278
47 286
47 294
48 49
48 60
48 76
48 77
48 79
48 92
48 111
48 112
48 114
48 115
48 117
48 131
48 135
48 153
48 199
48 203
48 204
48 223
48 224
48 253
48 264
48 268
48 276
48 280
48 285
48 293
49 52
49 81
49 82
49 86
49 95
49 105
49 142
49 143
49 144
49 159
49 162
49 166
49 169
49 188
49 202
49 211
49 229
49 236
49 251
49 257
49 258
49 270
49 274
49 290
49 291
49 295
50 57
50 66
50 71
50 76
50 79
50 91
50 127
50 152
50 165
50 168
50 169
50 178
50 179
50 194
50 196
50 212
50 216
50 228
50 240
50 254
50 255
50 260
50 280
50 283
50 284
50 291
50 297
51 54
51 67
51 76
51 93
51 101
51 102
51 116
51 120
51 133
51 137
51 155
51 156
51 165
51 192
51 193
51 194
51 200
51 203
51 207
51 223
51 235
51 243
51 247
51 248
51 252
51 258
51 266
51 275
52 53
52 67
52 68
52 81
52 88
52 99
52 107
52 127
52 140
52 156
52 163
52 165
52 167
52 168
52 176
52 177
52 185
52 190
52 205
52 206
52 229
52 233
52 238
52 240
52 241
52 264
52 293
53 55
53 66
53 78
53 130
53 132
53 151
53 153
53 171
53 179
53 184
53 203
53 250
53 267
53 269
53 277
53 279
53 280
53 285
53 287
53 292
54 58
54 59
54 63
54 68
54 75
54 86
54 89
54 98
54 120
54 136
54 140
54 148
54 154
54 181
54 195
54 204
54 206
54 211
54 214
54 232
54 246
54 260
54 270
54 276
54 289
55 78
55 81
55 86
55 91
55 102
55 104
55 107
55 115
55 121
55 123
55 124
55 128
55 129
55 132
55 133
55 134
55 142
55 143
55 144
55 184
55 192
55 194
55 198
55 204
55 220
55 223
55 230
55 244
55 247
55 251
55 256
55 282
55 294
56 57
56 67
56 83
56 98
56 99
56 109
56 118
56 136
56 147
56 155
56 167
56 168
56 173
56 188
56 189
56 191
56 192
56 194
56 204
56 205
56 208
56 216
56 224
56 235
56 238
56 241
56 243
56 249
56 257
56 261
56 262
56 269
56 270
56 272
56 273
56 275
56 277
56 285
56 295
57 59
57 64
57 70
57 98
57 102
57 104
57 118
57 120
57 125
57 131
57 150
57 151
57 167
57 192
57 194
57 200
57 208
57 219
57 223
57 232
57 240
57 241
57 246
57 250
57 252
57 263
57 264
57 281
57 290
57 291
58 70
58 72
58 76
58 90
58 95
58 97
58 106
58 111
58 114
58 117
58 120
58 133
58 134
58 136
58 140
58 144
58 151
58 158
58 160
58 167
58 172
58 178
58 189
58 191
58 221
58 251
58 255
58 272
58 282
58 287
58 291
58 297
59 88
59 93
59 108
59 114
59 118
59 124
59 140
59 145
59 155
59 165
59 167
59 168
59 170
59 175
59 176
59 198
59 207
59 212
59 214
59 215
59 223
59 236
59 239
59 257
59 258
59 265
59 287
60 62
60 68
60 86
60 103
60 104
60 115
60 132
60 140
60 144
60 147
60 149
60 153
60 174
60 180
60 185
60 186
60 192
60 198
60 217
60 220
60 223
60 249
61 64
61 82
61 84
61 86
61 96
61 101
61 103
61 113
61 115
61 137
61 142
61 147
61 156
61 162
61 163
61 164
61 170
61 171
61 175
61 199
61 202
61 206
61 214
61 215
61 225
61 240
61 241
61 257
61 282
61 284
61 297
62 66
62 79
62 102
62 118
62 119
62 127
62 129
62 147
62 154
62 155
62 156
62 175
62 186
62 204
62 208
62 212
62 213
62 215
62 223
62 231
62 234
62 243
62 248
62 268
62 269
62 275
62 285
62 293
62 298
63 70
63 72
63 85
63 93
63 96
63 167
63 181
63 190
63 191
63 192
63 195
63 196
63 199
63 204
63 224
63 245
63 279
63 282
63 286
64 80
64 82
64 89
64 92
64 111
64 119
64 123
64 126
64 132
64 135
64 143
64 159
64 166
64 167
64 169
64 175
64 180
64 189
64 192
64 201
64 227
64 245
64 258
64 261
64 272
64 280
64 288
64 299
65 71
65 82
65 88
65 103
65 104
65 109
65 113
65 120
65 124
65 125
65 160
65 162
65 184
65 214
65 266
65 274
65 282
65 289
66 69
66 71
66 88
66 109
66 110
66 113
66 116
66 119
66 127
66 139
66 146
66 148
66 156
66 168
66 177
66 202
66 203
66 216
66 217
66 218
66 219
66 234
67 85
67 95
67 111
67 114
67 122
67 148
67 167
67 173
67 181
67 182
67 197
67 199
67 201
67 213
67 215
67 221
67 228
67 239
67 249
67 250
67 252
67 268
68 78
68 98
68 105
68 107
68 117
68 124
68 134
68 142
68 154
68 155
68 159
68 161
68 167
68 174
68 181
68 183
68 196
68 202
68 216
68 218
68 226
68 227
68 238
68 245
68 255
68 266
68 267
68 271
68 279
68 285
68 289
69 93
69 112
69 125
69 136
69 137
69 167
69 177
69 180
69 184
69 186
69 192
69 220
69 226
69 227
69 236
69 237
69 264
69 275
69 279
69 284
69 293
69 298
70 74
70 104
70 107
70 109
70 113
70 136
70 141
70 151
70 160
70 172
70 175
70 182
70 196
70 243
70 251
70 262
70 277
70 282
70 286
70 290
70 293
71 92
71 98
71 124
71 142
71 147
71 156
71 163
71 166
71 171
71 180
71 185
71 186
71 198
71 203
71 217
71 219
71 220
71 232
71 234
71 250
71 257
72 84
72 87
72 96
72 127
72 134
72 141
72 155
72 168
72 171
72 176
72 180
72 198
72 238
72 261
72 273
72 284
72 297
73 74
73 95
73 99
73 111
73 131
73 137
73 140
73 145
73 149
73 155
73 156
73 169
73 190
73 193
73 203
73 206
73 253
73 270
73 274
73 284
73 288
74 80
74 85
74 95
74 107
74 110
74 121
74 132
74 133
74 148
74 149
74 189
74 202
74 208
74 210
74 220
74 232
74 255
74 266
74 267
75 79
75 81
75 105
75 122
75 123
75 125
75 158
75 163
75 177
75 181
75 201
75 205
75 208
75 215
75 222
75 229
75 237
75 243
75 245
75 249
75 259
75 271
75 279
75 290
76 94
76 96
76 152
76 156
76 174
76 186
76 199
76 201
76 206
76 215
76 218
76 222
76 226
76 228
76 235
76 244
76 254
76 260
76 280
76 295
77 92
77 94
77 97
77 116
77 122
77 128
77 132
77 147
77 157
77 175
77 179
77 183
77 187
77 210
77 240
77 247
77 263
77 269
77 283
77 289
77 296
78 80
78 92
78 93
78 103
78 105
78 137
78 161
78 164
78 188
78 193
78 226
78 228
78 244
78 262
78 266
78 277
79 89
79 103
79 104
79 106
79 125
79 127
79 132
79 141
79 142
79 151
79 163
79 170
79 204
79 217
79 223
79 226
79 238
79 241
79 244
79 267
79 284
79 298
80 86
80 105
80 108
80 119
80 130
80 139
80 144
80 162
80 191
80 199
80 202
80 207
80 226
80 258
80 263
80 272
80 293
80 294
80 298
81 90
81 91
81 92
81 107
81 118
81 124
81 134
81 143
81 167
81 168
81 175
81 177
81 198
81 213
81 214
81 227
81 229
81 230
81 232
81 235
81 241
81 243
81 251
81 252
81 254
81 255
81 278
81 299
82 89
82 102
82 113
82 119
82 138
82 145
82 146
82 147
82 158
82 170
82 181
82 185
82 207
82 215
82 217
82 223
82 233
82 243
82 250
82 253
82 254
82 263
82 273
82 277
82 288
83 89
83 93
83 129
83 133
83 144
83 149
83 154
83 160
83 161
83 170
83 171
83 173
83 183
83 192
83 211
83 223
83 226
83 244
83 247
83 253
83 260
83 275
83 284
84 97
84 107
84 108
84 115
84 128
84 133
84 175
84 186
84 189
84 193
84 212
84 222
84 242
84 243
84 245
84 251
84 256
84 260
84 275
84 277
85 86
85 103
85 106
85 112
85 131
85 140
85 145
85 148
85 158
85 167
85 169
85 178
85 188
85 227
85 228
85 238
85 249
85 253
85 262
85 270
85 273
85 274
85 287
85 288
85 295
86 112
86 121
86 125
86 128
86 132
86 138
86 155
86 175
86 183
86 205
86 206
86 221
86 257
86 258
86 273
86 277
86 282
86 294
87 91
87 96
87 100
87 108
87 140
87 146
87 175
87 199
87 203
87 207
87 220
87 227
87 229
87 240
87 246
87 247
87 249
87 256
87 266
87 274
87 279
88 90
88 102
88 103
88 117
88 129
88 131
88 176
88 184
88 204
88 205
88 212
88 225
88 226
88 227
88 233
88 241
88 242
88 244
88 251
88 252
88 253
88 264
88 285
88 297
89 95
89 96
89 118
89 122
89 139
89 149
89 151
89 166
89 179
89 188
89 205
89 213
89 221
89 263
89 264
89 268
89 275
89 278
89 280
89 285
89 291
89 293
89 298
90 131
90 132
90 145
90 148
90 166
90 168
90 170
90 173
90 174
90 200
90 206
90 220
90 234
90 296
91 111
91 116
91 121
91 124
91 134
91 135
91 143
91 149
91 161
91 163
91 166
91 175
91 177
91 182
91 208
91 211
91 212
91 225
91 230
91 236
91 243
91 247
91 251
91 267
91 290
91 297
92 100
92 102
92 130
92 138
92 145
92 146
92 160
92 164
92 167
92 191
92 211
92 213
92 226
92 227
92 238
92 240
92 247
92 253
92 281
92 282
92 283
93 95
93 97
93 106
93 111
93 112
93 139
93 144
93 149
93 162
93 185
93 190
93 204
93 207
93 229
93 232
93 237
93 255
93 260
93 274
93 275
93 288
94 98
94 117
94 119
94 125
94 127
94 147
94 160
94 163
94 176
94 178
94 183
94 188
94 189
94 208
94 224
94 239
94 295
95 114
95 122
95 144
95 173
95 185
95 201
95 205
95 216
95 223
95 225
95 251
95 256
95 288
95 291
95 299
96 100
96 112
96 127
96 128
96 129
96 134
96 139
96 149
96 154
96 161
96 164
96 170
96 175
96 183
96 207
96 216
96 228
96 242
96 247
96 248
96 268
96 290
96 299
97 100
97 116
97 128
97 134
97 142
97 175
97 181
97 187
97 189
97 206
97 211
97 224
97 225
97 237
97 240
97 268
97 271
97 273
97 275
97 288
97 294
97 295
98 104
98 106
98 113
98 133
98 134
98 135
98 136
98 140
98 143
98 147
98 151
98 152
98 156
98 183
98 188
98 196
98 217
98 238
98 246
98 259
98 264
98 266
98 271
98 272
99 108
99 123
99 124
99 133
99 137
99 148
99 167
99 169
99 170
99 181
99 193
99 195
99 209
99 214
99 235
99 255
99 263
99 265
99 270
99 281
99 289
99 293
100 112
100 114
100 115
100 116
100 131
100 134
100 141
100 146
100 161
100 168
100 182
100 183
100 190
100 198
100 203
100 204
100 215
100 219
100 223
100 228
100 235
100 238
100 241
100 272
100 275
100 285
100 292
100 293
100 294
101 109
101 110
101 111
101 115
101 137
101 144
101 169
101 176
101 190
101 222
101 224
101 230
101 232
101 240
101 241
101 256
101 258
101 261
101 274
101 287
101 290
101 297
102 103
102 106
102 111
102 115
102 148
102 150
102 151
102 168
102 171
102 175
102 187
102 196
102 199
102 201
102 225
102 226
102 250
102 252
102 263
102 267
102 284
102 285
103 108
103 111
103 148
103 155
103 194
103 198
103 201
103 202
103 226
103 239
103 243
103 259
103 267
103 272
103 274
103 286
103 290
104 112
104 138
104 145
104 155
104 170
104 181
104 206
104 251
104 256
104 263
104 284
104 290
105 113
105 123
105 136
105 137
105 140
105 142
105 148
105 149
105 150
105 152
105 176
105 182
105 184
105 192
105 209
105 216
105 237
105 259
105 291
106 110
106 121
106 123
106 126
106 130
106 141
106 162
106 189
106 225
106 228
106 235
106 238
106 241
106 243
106 246
106 249
106 271
106 276
106 283
106 292
107 118
107 119
107 125
107 128
107 129
107 137
107 151
107 152
107 153
107 158
107 161
107 162
107 166
107 177
107 184
107 186
107 198
107 204
107 206
107 208
107 230
107 232
107 239
107 241
107 248
107 264
107 271
107 280
107 290
107 291
108 128
108 130
108 131
108 133
108 140
108 170
108 175
108 199
108 219
108 230
108 235
108 252
108 257
108 270
109 116
109 117
109 137
109 138
109 147
109 155
109 157
109 171
109 172
109 176
109 185
109 192
109 207
109 222
109 224
109 226
109 240
109 243
109 264
109 269
109 272
109 293
110 114
110 118
110 126
110 141
110 145
110 151
110 169
110 180
110 186
110 191
110 199
110 204
110 216
110 222
110 230
110 249
110 282
110 288
111 127
111 128
111 153
111 163
111 179
111 184
111 200
111 201
111 234
111 237
111 258
111 263
111 264
111 271
112 122
112 131
112 134
112 136
112 152
112 191
112 194
112 205
112 240
112 245
112 246
112 250
112 257
112 265
112 266
112 271
112 280
112 290
113 114
113 127
113 132
113 144
113 163
113 176
113 182
113 187
113 188
113 189
113 201
113 212
113 215
113 221
113 227
113 238
113 251
113 254
113 255
113 274
113 283
113 284
113 292
114 118
114 132
114 142
114 145
114 155
114 162
114 165
114 167
114 170
114 177
114 179
114 194
114 200
114 205
114 211
114 223
114 252
114 256
114 276
114 296
114 297
115 120
115 129
115 152
115 153
115 167
115 177
115 182
115 184
115 186
115 198
115 203
115 204
115 214
115 216
115 222
115 226
115 231
115 238
115 250
115 254
115 261
115 264
115 273
115 277
115 281
115 287
115 288
115 290
116 117
116 123
116 126
116 131
116 145
116 147
116 149
116 173
116 179
116 183
116 196
116 204
116 207
116 215
116 216
116 244
116 245
116 247
116 250
116 263
116 298
117 136
117 145
117 157
117 168
117 170
117 177
117 199
117 206
117 214
117 222
117 262
117 288
117 292
118 138
118 140
118 152
118 156
118 157
118 167
118 175
118 176
118 184
118 189
118 195
118 200
118 203
118 226
118 231
118 232
118 244
118 247
118 248
118 250
118 251
118 259
118 277
118 285
118 288
119 127
119 137
119 145
119 162
119 176
119 179
119 186
119 188
119 192
119 193
119 219
119 227
119 245
119 248
119 253
119 254
119 272
119 277
119 290
120 148
120 154
120 158
120 160
120 180
120 183
120 198
120 207
120 226
120 246
120 255
120 275
120 278
120 281
120 291
121 125
121 130
121 132
121 134
121 135
121 146
121 149
121 162
121 173
121 175
121 179
121 193
121 201
121 220
121 243
121 245
121 258
121 264
121 265
121 268
121 276
122 134
122 141
122 150
122 159
122 167
122 179
122 181
122 186
122 208
122 212
122 217
122 244
122 255
122 257
122 264
122 273
122 289
122 297
122 298
123 136
123 137
123 138
123 140
123 142
123 161
123 168
123 172
123 176
123 189
123 193
123 221
123 230
123 231
123 233
123 243
123 247
123 257
123 272
123 280
123 286
124 128
124 131
124 133
124 134
124 143
124 147
124 165
124 166
124 169
124 206
124 207
124 213
124 223
124 226
124 227
124 230
124 239
124 244
124 245
124 249
124 251
124 263
124 273
124 280
125 131
125 132
125 134
125 139
125 140
125 158
125 169
125 173
125 174
125 178
125 179
125 192
125 194
125 205
125 210
125 225
125 239
125 248
125 267
125 281
125 291
126 145
126 159
126 161
126 173
126 179
126 190
126 204
126 206
126 219
126 230
126 267
126 270
126 271
126 279
126 298
126 299
127 139
127 144
127 153
127 160
127 167
127 171
127 183
127 209
127 222
127 229
127 248
127 249
127 260
127 277
127 283
127 291
128 133
128 172
128 206
128 210
128 214
128 224
128 226
128 229
128 239
128 246
128 277
128 279
128 292
129 132
129 138
129 148
129 149
129 159
129 181
129 188
129 223
129 228
129 234
129 236
129 248
129 254
129 262
129 263
129 274
130 139
130 152
130 155
130 157
130 159
130 163
130 164
130 167
130 174
130 180
130 190
130 194
130 202
130 205
130 210
130 220
130 226
130 234
130 250
130 253
130 261
130 276
130 281
130 293
130 296
131 142
131 152
131 155
131 156
131 187
131 202
131 209
131 210
131 213
131 219
131 243
131 252
131 268
131 275
132 140
132 143
132 144
132 155
132 175
132 176
132 191
132 204
132 207
132 214
132 218
132 233
132 245
132 248
132 250
132 263
132 284
133 139
133 147
133 153
133 157
133 158
133 161
133 168
133 177
133 188
133 195
133 198
133 213
133 216
133 225
133 228
133 231
133 243
133 252
133 261
133 265
133 276
133 288
133 290
133 296
133 297
134 139
134 141
134 143
134 146
134 148
134 162
134 190
134 194
134 198
134 205
134 216
134 225
134 227
134 230
134 240
134 251
134 280
134 288
134 290
134 291
134 299
135 157
135 161
135 179
135 180
135 187
135 201
135 203
135 206
135 213
135 219
135 223
135 224
135 226
135 235
135 241
135 246
135 250
135 260
135 292
136 139
136 140
136 143
136 166
136 172
136 177
136 182
136 202
136 213
136 216
136 226
136 237
136 239
136 241
136 249
136 251
136 259
136 263
136 267
136 283
137 138
137 148
137 151
137 193
137 209
137 214
137 220
137 228
137 232
137 238
137 256
137 259
137 261
137 269
137 271
137 280
137 283
137 286
137 299
138 143
138 148
138 154
138 162
138 167
138 169
138 184
138 199
138 211
138 215
138 226
138 239
138 242
138 256
138 263
138 286
138 289
138 294
139 143
139 152
139 170
139 186
139 194
139 195
139 202
139 209
139 217
139 218
139 219
139 222
139 223
139 230
139 231
139 238
139 250
139 255
139 268
139 269
139 295
140 145
140 171
140 175
140 185
140 188
140 202
140 205
140 209
140 211
140 215
140 221
140 228
140 233
140 236
140 238
140 246
140 247
140 248
140 257
140 262
140 282
140 295
141 142
141 151
141 173
141 176
141 180
141 182
141 183
141 198
141 244
141 291
141 296
141 299
142 144
142 146
142 160
142 174
142 177
142 179
142 198
142 221
142 244
142 261
142 268
142 272
142 280
142 281
142 286
142 288
142 292
142 297
143 146
143 149
143 176
143 178
143 180
143 207
143 217
143 219
143 223
143 230
143 245
143 248
143 251
143 259
143 263
143 266
143 279
143 293
143 299
144 147
144 152
144 163
144 181
144 190
144 201
144 202
144 210
144 216
144 218
144 242
144 245
144 278
144 280
144 286
145 156
145 158
145 162
145 190
145 202
145 203
145 205
145 212
145 215
145 228
145 236
145 258
145 260
145 274
145 278
145 294
145 296
146 156
146 159
146 193
146 202
146 209
146 213
146 223
146 229
146 231
146 234
146 238
146 252
146 264
146 266
146 269
146 272
146 280
147 149
147 162
147 167
147 173
147 197
147 201
147 225
147 233
147 275
147 285
147 286
147 288
148 171
148 183
148 195
148 198
148 199
148 206
148 222
148 224
148 226
148 231
148 235
148 240
148 244
148 246
148 258
148 278
148 289
148 292
148 293
148 294
148 295
148 297
149 154
149 181
149 194
149 198
149 199
149 200
149 233
149 241
149 243
149 248
149 250
149 259
149 270
149 293
149 299
150 158
150 162
150 173
150 174
150 191
150 198
150 204
150 217
150 218
150 224
150 229
150 245
150 264
150 291
151 161
151 164
151 177
151 178
151 191
151 203
151 218
151 230
151 251
151 252
151 261
151 267
151 292
151 296
152 155
152 161
152 172
152 185
152 189
152 211
152 260
152 269
152 271
152 282
152 283
153 157
153 159
153 175
153 186
153 210
153 212
153 220
153 223
153 227
153 231
153 235
153 246
153 256
153 265
153 266
153 272
153 287
154 162
154 176
154 195
154 221
154 223
154 229
154 245
154 248
154 254
154 276
154 278
154 296
155 160
155 171
155 189
155 190
155 200
155 203
155 207
155 217
155 221
155 228
155 239
155 240
155 247
155 257
155 267
155 277
155 283
155 286
155 289
156 164
156 180
156 200
156 205
156 207
156 209
156 222
156 229
156 239
156 249
156 263
156 281
156 293
157 161
157 167
157 170
157 181
157 185
157 186
157 189
157 191
157 208
157 209
157 214
157 218
157 224
157 226
157 227
157 239
157 244
157 255
157 256
157 267
157 270
157 271
157 287
157 293
158 170
158 176
158 194
158 217
158 227
158 230
158 241
158 249
158 286
158 289
158 298
159 163
159 166
159 176
159 178
159 183
159 200
159 218
159 246
159 256
159 270
159 274
159 278
159 281
159 282
159 283
159 285
159 289
159 294
159 297
160 165
160 205
160 212
160 217
160 218
160 226
160 247
160 254
160 264
160 265
160 287
160 290
160 292
160 298
161 163
161 171
161 173
161 205
161 216
161 219
161 224
161 225
161 237
161 243
161 251
161 273
161 281
161 284
161 292
162 166
162 169
162 192
162 230
162 258
162 268
162 271
162 281
163 188
163 192
163 206
163 210
163 222
163 223
163 226
163 232
163 237
163 240
163 244
163 248
163 254
163 265
163 268
163 274
163 278
164 175
164 190
164 212
164 229
164 260
164 262
164 264
164 269
164 273
164 274
164 283
164 290
164 295
165 190
165 207
165 236
165 240
165 256
165 275
165 282
166 167
166 169
166 177
166 180
166 182
166 189
166 197
166 199
166 211
166 220
166 225
166 226
166 235
166 241
166 246
166 247
166 251
166 254
166 277
166 281
166 288
166 292
167 173
167 180
167 187
167 198
167 199
167 200
167 202
167 211
167 216
167 217
167 241
167 245
167 247
167 252
167 253
167 257
167 267
167 269
167 271
167 276
167 280
167 282
167 298
167 299
168 177
168 182
168 187
168 189
168 190
168 200
168 209
168 216
168 217
168 227
168 237
168 245
168 251
168 259
168 263
168 265
168 273
168 278
168 282
168 288
168 294
169 171
169 173
169 187
169 196
169 199
169 203
169 204
169 210
169 218
169 238
169 276
169 284
170 175
170 198
170 204
170 217
170 227
170 238
170 252
170 253
170 269
170 274
170 278
170 279
170 284
170 296
170 297
171 187
171 188
171 197
171 200
171 203
171 213
171 215
171 220
171 248
171 258
171 259
171 268
171 270
171 271
171 274
171 289
172 174
172 183
172 188
172 200
172 211
172 214
172 223
172 231
172 233
172 249
172 268
172 272
172 287
172 294
173 184
173 193
173 198
173 200
173 205
173 214
173 224
173 230
173 244
173 247
173 249
173 256
173 258
173 262
173 264
173 266
173 293
174 177
174 185
174 187
174 199
174 207
174 213
174 233
174 236
174 247
174 249
174 259
174 263
174 286
174 287
174 294
174 295
175 197
175 219
175 223
175 241
175 262
175 270
175 272
175 280
175 284
175 286
175 288
176 179
176 183
176 202
176 203
176 214
176 218
176 220
176 237
176 238
176 252
176 256
176 258
176 261
176 274
176 281
176 292
177 184
177 198
177 201
177 204
177 212
177 215
177 221
177 225
177 226
177 246
177 252
177 270
177 277
178 187
178 188
178 201
178 217
178 227
178 239
178 246
178 254
178 256
178 268
178 270
178 277
178 283
178 284
178 299
179 187
179 196
179 204
179 223
179 224
179 228
179 230
179 233
179 244
179 267
179 284
180 181
180 204
180 216
180 240
180 241
180 250
180 254
180 273
180 280
180 291
181 185
181 193
181 194
181 217
181 240
181 244
182 190
182 194
182 198
182 201
182 224
182 245
182 258
182 292
183 187
183 192
183 199
183 209
183 214
183 225
183 226
183 228
183 231
183 234
183 238
183 245
183 247
183 259
183 261
183 272
183 275
183 280
183 288
183 289
184 193
184 209
184 211
184 221
184 246
184 266
184 283
184 285
184 291
185 201
185 205
185 207
185 212
185 214
185 220
185 239
185 259
185 280
185 294
185 296
186 192
186 205
186 216
186 222
186 232
186 236
186 240
186 261
186 270
186 272
186 280
186 288
186 295
187 201
187 212
187 224
187 227
187 231
187 234
187 241
187 246
187 257
187 268
187 273
187 274
187 287
187 297
188 201
188 202
188 210
188 213
188 214
188 252
188 260
188 273
188 278
188 290
188 293
188 296
189 218
189 220
189 241
189 261
189 268
189 273
189 276
189 291
189 292
190 200
190 202
190 218
190 226
190 227
190 233
190 248
190 260
190 262
190 277
190 285
190 297
191 197
191 228
191 230
191 238
191 243
191 252
192 203
192 222
192 244
192 251
192 253
192 285
192 286
192 290
192 291
193 199
193 202
193 210
193 237
193 250
193 252
193 278
193 285
193 292
193 293
193 294
194 195
194 216
194 221
194 225
194 240
194 243
194 245
194 248
194 250
194 265
194 285
194 291
194 294
195 201
195 233
195 262
195 263
195 271
195 288
196 200
196 202
196 204
196 214
196 232
196 233
196 235
196 246
196 256
196 264
196 270
196 271
196 280
196 284
196 293
196 296
197 218
197 226
197 230
197 241
197 242
197 256
197 267
197 276
197 289
197 296
197 298
198 209
198 214
198 232
198 243
198 247
198 262
198 265
198 269
198 273
198 276
198 279
198 286
199 200
199 203
199 206
199 217
199 221
199 240
199 248
199 249
199 252
199 255
199 278
199 280
199 285
199 295
200 203
200 207
200 211
200 213
200 216
200 234
200 248
200 251
200 260
200 266
200 273
200 278
200 287
200 293
200 298
201 219
201 224
201 249
201 265
201 270
201 277
201 279
201 289
201 293
202 208
202 211
202 228
202 231
202 249
202 262
202 267
202 276
202 287
202 299
203 206
203 220
203 228
203 239
203 253
203 265
203 271
203 273
203 275
203 278
203 279
204 213
204 218
204 219
204 224
204 227
204 228
204 232
204 247
204 248
204 251
204 256
204 259
204 261
204 272
204 275
204 279
204 291
205 210
205 221
205 222
205 229
205 234
205 264
205 268
205 272
205 281
205 289
206 220
206 235
206 237
206 238
206 240
206 249
206 252
206 264
206 267
206 269
206 274
206 280
206 281
206 283
207 212
207 218
207 220
207 226
207 227
207 235
207 247
207 252
207 255
207 273
207 287
208 210
208 232
208 234
208 239
208 242
208 244
208 251
208 255
208 257
208 264
208 274
208 287
208 289
208 299
209 230
209 237
209 238
209 239
209 245
209 252
209 267
209 270
209 271
209 272
209 280
209 286
210 220
210 223
210 228
210 230
210 236
210 237
210 239
210 242
210 245
210 247
210 252
210 278
210 282
210 286
210 291
211 214
211 217
211 225
211 246
211 254
211 259
211 264
211 269
211 270
211 276
211 278
211 283
211 297
212 216
212 220
212 222
212 230
212 236
212 238
212 273
212 274
212 288
212 290
212 292
213 219
213 238
213 255
213 258
213 264
214 238
214 246
214 248
214 271
214 285
214 292
215 224
215 231
215 242
215 270
215 279
215 286
215 299
216 227
216 233
216 235
216 242
216 246
216 247
216 249
216 266
216 276
216 284
216 286
216 297
216 298
217 227
217 230
217 258
217 260
217 270
217 273
217 285
218 223
218 227
218 244
218 245
218 248
218 264
218 266
218 269
218 270
218 276
218 279
218 286
219 228
219 231
219 253
219 262
219 270
219 275
219 277
219 280
219 290
220 224
220 225
220 230
220 235
220 263
220 274
220 281
221 222
221 224
221 230
221 231
221 271
221 284
222 226
222 228
222 233
222 242
222 244
222 247
222 253
222 256
222 281
222 291
222 299
223 229
223 235
223 238
223 252
223 258
223 265
223 277
223 281
223 290
223 291
223 295
224 235
224 251
224 264
224 274
224 284
225 246
225 268
225 272
226 233
226 237
226 241
226 260
226 275
226 277
226 286
227 242
227 249
227 256
227 279
227 288
227 291
228 230
228 241
228 246
228 252
228 256
228 267
228 279
228 288
228 289
228 290
229 230
229 231
229 233
229 244
229 249
229 261
229 262
229 283
229 284
229 291
229 295
229 298
230 251
230 266
230 268
230 270
230 282
231 237
231 251
231 259
231 261
231 274
231 287
231 289
231 292
231 299
232 243
232 253
232 264
232 283
232 295
233 236
233 243
233 251
233 269
233 280
233 283
234 239
234 244
234 252
234 256
234 260
234 269
234 271
234 281
235 246
235 247
235 264
235 265
235 282
235 286
235 287
235 291
236 237
236 252
236 261
236 265
236 278
236 287
236 298
237 260
237 272
237 287
238 242
238 245
238 248
238 250
238 251
238 266
238 295
239 242
239 250
239 253
239 273
239 283
239 292
239 294
240 265
240 281
240 282
240 287
241 255
241 259
241 268
241 272
241 277
241 278
241 295
241 297
241 298
242 244
242 249
242 259
242 267
242 272
242 274
242 281
242 292
242 293
242 296
243 255
243 263
243 279
243 280
243 281
243 284
243 285
243 287
243 298
244 250
244 261
244 279
244 286
244 287
244 292
244 295
245 250
245 257
245 268
245 269
245 290
245 293
246 248
246 250
246 259
246 260
246 264
246 265
246 277
246 282
246 287
247 252
247 264
247 273
248 250
248 268
248 271
248 276
248 286
248 295
249 257
249 266
249 280
249 288
250 257
250 293
251 258
251 271
251 279
252 267
252 277
253 255
254 269
254 275
254 283
254 294
255 279
255 281
255 292
255 295
256 273
256 274
256 280
256 282
256 295
257 259
257 263
257 264
257 268
257 283
257 287
257 288
258 261
258 271
258 273
258 283
259 264
259 266
259 277
259 298
261 268
261 277
261 281
261 292
262 269
262 276
262 288
262 291
262 292
263 270
263 280
263 290
264 274
264 276
264 277
264 280
264 281
264 284
264 288
265 266
265 299
266 267
266 298
267 286
267 296
268 274
268 285
269 281
269 284
270 279
270 287
270 288
270 295
272 284
272 292
273 275
273 284
273 289
274 278
274 279
274 288
274 293
275 290
275 291
275 295
276 281
278 294
278 295
280 282
282 286
282 294
283 292
283 299
284 287
285 293
285 296
286 292
287 290
287 292
287 293
288 289
289 295
290 292
291 292
292 299
297 299
