300 4658
0 20
0 23
0 31
0 42
0 55
0 80
0 83
0 84
0 101
0 102
0 124
0 131
0 148
0 172
0 186
0 191
0 192
0 210
0 211
0 214
0 218
0 220
0 230
0 231
0 239
0 243
0 245
0 246
0 255
0 264
0 271
0 274
0 284
0 292
0 296
1 14
1 20
1 23
1 33
1 44
1 55
1 63
1 67
1 78
1 88
1 91
1 96
1 121
1 131
1 136
1 140
1 148
1 160
1 161
1 162
1 184
1 187
1 189
1 199
1 225
1 261
1 263
1 275
1 277
1 295
1 296
2 51
2 59
2 78
2 81
2 111
2 115
2 117
2 122
2 124
2 126
2 138
2 143
2 155
2 163
2 182
2 187
2 205
2 214
2 221
2 238
2 242
2 265
2 272
2 279
2 280
2 296
3 7
3 17
3 23
3 27
3 36
3 55
3 57
3 66
3 83
3 99
3 108
3 110
3 113
3 118
3 119
3 133
3 159
3 221
3 231
3 233
3 252
3 263
3 270
3 275
3 288
3 289
3 294
3 295
4 12
4 39
4 42
4 46
4 67
4 86
4 87
4 89
4 104
4 116
4 141
4 145
4 146
4 185
4 190
4 194
4 200
4 228
4 240
4 243
4 248
4 266
4 270
4 274
4 277
4 285
4 299
5 7
5 15
5 22
5 29
5 35
5 69
5 70
5 76
5 95
5 113
5 116
5 132
5 136
5 160
5 162
5 177
5 187
5 197
5 208
5 219
5 231
5 232
5 235
5 258
5 261
5 262
5 263
5 277
5 297
6 19
6 21
6 45
6 58
6 59
6 66
6 73
6 75
6 90
6 92
6 100
6 106
6 134
6 158
6 174
6 175
6 176
6 181
6 185
6 186
6 188
6 198
6 202
6 208
6 229
6 281
6 297
7 8
7 10
7 22
7 52
7 76
7 82
7 88
7 99
7 110
7 112
7 127
7 141
7 150
7 153
7 167
7 168
7 173
7 179
7 191
7 194
7 198
7 201
7 210
7 212
7 216
7 222
7 237
7 297
8 22
8 32
8 40
8 42
8 56
8 62
8 63
8 84
8 90
8 102
8 108
8 125
8 151
8 166
8 173
8 175
8 182
8 194
8 201
8 207
8 213
8 216
8 233
8 243
8 245
8 247
8 258
8 265
8 287
8 295
9 14
9 18
9 25
9 26
9 36
9 38
9 44
9 57
9 65
9 74
9 79
9 81
9 94
9 95
9 100
9 112
9 116
9 121
9 131
9 136
9 137
9 139
9 149
9 160
9 175
9 181
9 184
9 188
9 193
9 200
9 209
9 211
9 212
9 218
9 238
9 240
9 264
9 265
9 274
9 283
9 298
10 11
10 17
10 28
10 38
10 44
10 77
10 78
10 81
10 111
10 114
10 118
10 139
10 160
10 170
10 174
10 179
10 210
10 227
10 238
10 242
10 250
10 253
10 255
10 263
10 269
10 276
10 284
10 293
11 16
11 19
11 26
11 42
11 48
11 56
11 57
11 75
11 102
11 115
11 116
11 135
11 145
11 153
11 159
11 164
11 167
11 182
11 189
11 202
11 203
11 206
11 207
11 229
11 236
11 281
12 15
12 21
12 31
12 37
12 56
12 74
12 79
12 102
12 108
12 109
12 112
12 115
12 128
12 142
12 147
12 159
12 164
12 166
12 187
12 189
12 212
12 224
12 240
12 243
12 244
12 263
12 267
12 281
12 295
12 299
13 26
13 30
13 37
13 40
13 42
13 48
13 56
13 57
13 58
13 62
13 79
13 82
13 84
13 85
13 90
13 98
13 112
13 123
13 129
13 131
13 133
13 135
13 142
13 143
13 144
13 147
13 166
13 167
13 178
13 183
13 190
13 208
13 217
13 236
13 258
13 263
14 17
14 18
14 40
14 52
14 75
14 86
14 127
14 130
14 154
14 171
14 179
14 180
14 199
14 201
14 215
14 216
14 225
14 229
14 248
15 20
15 86
15 87
15 88
15 99
15 115
15 142
15 173
15 176
15 180
15 191
15 199
15 203
15 209
15 212
15 217
15 224
15 241
15 248
15 260
15 261
15 273
15 276
15 281
15 292
15 295
15 298
16 18
16 22
16 25
16 47
16 61
16 94
16 105
16 111
16 130
16 147
16 174
16 177
16 196
16 198
16 204
16 210
16 215
16 228
16 229
16 238
16 239
16 242
16 250
16 261
16 268
16 269
16 276
16 295
16 298
17 19
17 46
17 49
17 53
17 55
17 58
17 60
17 70
17 79
17 88
17 91
17 95
17 122
17 128
17 137
17 144
17 154
17 175
17 183
17 189
17 192
17 200
17 205
17 215
17 218
17 235
17 244
17 247
17 248
17 264
17 274
17 276
17 281
17 285
18 21
18 41
18 43
18 47
18 62
18 63
18 66
18 84
18 86
18 93
18 110
18 117
18 143
18 144
18 152
18 163
18 171
18 190
18 203
18 204
18 206
18 212
18 248
18 271
18 277
18 283
19 24
19 36
19 50
19 55
19 61
19 63
19 88
19 93
19 101
19 114
19 117
19 132
19 138
19 152
19 153
19 160
19 171
19 175
19 182
19 188
19 218
19 225
19 241
19 242
19 274
19 291
20 24
20 25
20 26
20 40
20 47
20 58
20 106
20 107
20 125
20 140
20 143
20 152
20 158
20 163
20 172
20 180
20 185
20 188
20 189
20 210
20 230
20 253
20 282
20 286
20 289
20 290
20 292
21 24
21 28
21 34
21 43
21 44
21 49
21 58
21 72
21 74
21 83
21 95
21 98
21 108
21 126
21 130
21 153
21 193
21 200
21 207
21 228
21 229
21 230
21 251
21 262
21 266
21 267
21 270
21 294
21 296
22 26
22 31
22 34
22 50
22 52
22 62
22 71
22 80
22 82
22 89
22 93
22 99
22 106
22 111
22 115
22 123
22 136
22 142
22 173
22 178
22 184
22 188
22 189
22 194
22 199
22 200
22 211
22 215
22 220
22 225
22 240
22 245
22 246
22 249
22 258
22 260
22 269
22 272
22 274
22 277
22 285
22 290
22 297
23 26
23 27
23 43
23 45
23 46
23 58
23 65
23 67
23 77
23 104
23 111
23 117
23 129
23 137
23 148
23 157
23 171
23 176
23 179
23 184
23 193
23 205
23 207
23 208
23 213
23 216
23 232
23 246
23 250
23 263
23 269
23 282
23 295
23 296
24 31
24 32
24 34
24 35
24 95
24 102
24 110
24 117
24 122
24 124
24 133
24 137
24 141
24 166
24 167
24 170
24 175
24 195
24 197
24 204
24 236
24 244
24 251
24 252
24 259
24 262
24 271
24 275
24 282
24 287
25 28
25 42
25 50
25 51
25 52
25 58
25 85
25 109
25 128
25 129
25 151
25 153
25 158
25 171
25 173
25 184
25 189
25 209
25 226
25 232
25 234
25 242
25 258
25 298
26 46
26 47
26 50
26 56
26 59
26 68
26 71
26 86
26 89
26 100
26 107
26 115
26 118
26 128
26 143
26 144
26 147
26 148
26 153
26 163
26 170
26 191
26 196
26 210
26 211
26 216
26 218
26 272
26 274
26 282
26 290
26 296
27 45
27 51
27 56
27 68
27 84
27 85
27 100
27 110
27 127
27 139
27 143
27 147
27 154
27 155
27 175
27 180
27 183
27 185
27 187
27 195
27 202
27 206
27 209
27 216
27 226
27 233
27 239
27 250
27 265
27 280
28 36
28 56
28 64
28 73
28 80
28 83
28 99
28 104
28 109
28 115
28 142
28 146
28 204
28 207
28 208
28 220
28 221
28 237
28 245
28 254
28 259
28 285
28 290
29 41
29 47
29 55
29 66
29 67
29 69
29 80
29 96
29 101
29 107
29 138
29 153
29 177
29 187
29 191
29 192
29 198
29 203
29 204
29 218
29 222
29 228
29 254
29 267
29 270
29 275
29 281
29 285
29 297
30 31
30 43
30 46
30 58
30 62
30 87
30 90
30 94
30 100
30 107
30 120
30 127
30 133
30 137
30 167
30 185
30 188
30 203
30 209
30 217
30 218
30 229
30 248
30 268
30 272
30 285
30 294
30 298
31 49
31 50
31 60
31 85
31 89
31 103
31 122
31 133
31 139
31 151
31 156
31 171
31 175
31 178
31 196
31 197
31 212
31 231
31 245
31 254
31 259
31 265
31 299
32 42
32 47
32 54
32 59
32 62
32 70
32 80
32 82
32 98
32 102
32 103
32 110
32 113
32 114
32 117
32 122
32 125
32 154
32 167
32 183
32 204
32 211
32 218
32 236
32 247
32 251
32 255
32 257
32 259
32 262
32 279
32 287
32 288
32 298
33 57
33 76
33 86
33 98
33 102
33 108
33 122
33 133
33 134
33 137
33 147
33 150
33 155
33 159
33 178
33 213
33 218
33 221
33 223
33 234
33 236
33 249
33 260
33 263
33 268
33 274
33 297
34 39
34 46
34 47
34 50
34 77
34 85
34 86
34 91
34 92
34 97
34 101
34 115
34 122
34 140
34 154
34 188
34 202
34 224
34 228
34 229
34 230
34 231
34 243
34 276
34 285
34 293
35 44
35 55
35 63
35 69
35 88
35 93
35 107
35 109
35 125
35 143
35 145
35 152
35 161
35 175
35 176
35 177
35 201
35 216
35 218
35 232
35 233
35 243
35 262
35 269
35 279
35 295
36 59
36 60
36 66
36 70
36 85
36 87
36 104
36 116
36 138
36 142
36 153
36 156
36 161
36 163
36 165
36 167
36 171
36 175
36 190
36 193
36 207
36 214
36 221
36 223
36 241
36 242
36 253
36 254
36 259
36 273
36 277
36 285
37 38
37 41
37 53
37 76
37 84
37 89
37 106
37 109
37 124
37 127
37 128
37 147
37 156
37 158
37 162
37 164
37 176
37 177
37 186
37 187
37 194
37 205
37 213
37 216
37 243
37 248
37 261
37 273
37 282
37 285
37 291
37 292
37 295
38 53
38 55
38 57
38 59
38 61
38 62
38 64
38 66
38 72
38 73
38 80
38 92
38 95
38 103
38 104
38 110
38 111
38 133
38 154
38 169
38 171
38 173
38 180
38 182
38 200
38 204
38 214
38 222
38 235
38 244
38 255
38 262
38 277
38 278
39 40
39 44
39 48
39 49
39 64
39 86
39 90
39 101
39 107
39 110
39 124
39 132
39 141
39 170
39 176
39 196
39 209
39 224
39 231
39 278
39 280
39 281
39 282
39 284
40 44
40 47
40 67
40 74
40 76
40 122
40 124
40 133
40 136
40 160
40 171
40 182
40 206
40 209
40 212
40 225
40 238
40 241
40 256
40 277
40 285
40 296
40 297
40 298
41 44
41 58
41 65
41 80
41 82
41 85
41 89
41 95
41 97
41 99
41 109
41 115
41 116
41 121
41 131
41 143
41 151
41 168
41 170
41 174
41 182
41 186
41 189
41 190
41 195
41 200
41 201
41 213
41 218
41 227
41 231
41 233
41 250
41 257
41 258
41 261
41 264
41 286
41 293
41 296
42 52
42 53
42 71
42 87
42 130
42 133
42 142
42 162
42 176
42 192
42 198
42 204
42 224
42 253
42 266
42 292
42 294
42 295
43 55
43 58
43 66
43 84
43 96
43 98
43 105
43 114
43 118
43 134
43 138
43 140
43 147
43 150
43 165
43 200
43 205
43 206
43 219
43 220
43 224
43 231
43 235
43 243
43 247
43 251
43 276
43 287
43 295
44 60
44 70
44 73
44 96
44 109
44 127
44 133
44 144
44 156
44 160
44 183
44 190
44 195
44 203
44 217
44 224
44 225
44 229
44 235
44 236
44 244
44 246
44 272
44 275
44 278
44 289
44 296
44 297
45 59
45 60
45 77
45 81
45 85
45 115
45 119
45 140
45 144
45 150
45 152
45 157
45 158
45 165
45 171
45 172
45 177
45 213
45 214
45 220
45 227
45 245
45 252
45 265
45 266
45 292
46 47
46 63
46 66
46 67
46 70
46 86
46 115
46 116
46 123
46 127
46 131
46 143
46 161
46 166
46 179
46 186
46 189
46 203
46 210
46 216
46 220
46 223
46 240
46 248
46 258
46 266
46 271
46 272
46 287
46 292
47 61
47 71
47 73
47 97
47 111
47 134
47 135
47 142
47 147
47 155
47 167
47 170
47 181
47 188
47 191
47 198
47 222
47 230
47 247
47 253
47 260
47 281
47 282
47 288
47 290
47 293
48 56
48 63
48 91
48 93
48 97
48 101
48 142
48 158
48 171
48 174
48 178
48 184
48 186
48 198
48 208
48 221
48 230
48 251
48 264
48 285
48 288
48 289
49 50
49 53
49 54
49 61
49 63
49 68
49 91
49 94
49 96
49 118
49 140
49 147
49 152
49 157
49 165
49 178
49 205
49 208
49 220
49 221
49 223
49 224
49 265
49 266
49 275
49 276
49 290
49 291
50 56
50 66
50 89
50 103
50 108
50 112
50 113
50 114
50 115
50 137
50 138
50 153
50 157
50 192
50 201
50 204
50 233
50 248
50 260
50 276
51 64
51 65
51 76
51 90
51 99
51 128
51 133
51 145
51 158
51 161
51 171
51 178
51 180
51 194
51 197
51 199
51 201
51 204
51 214
51 215
51 223
51 225
51 237
51 241
51 244
51 247
51 250
51 262
51 275
51 285
52 53
52 54
52 58
52 73
52 74
52 81
52 97
52 123
52 125
52 128
52 143
52 157
52 162
52 170
52 185
52 187
52 190
52 245
52 248
52 252
52 260
52 266
52 287
52 291
53 55
53 58
53 62
53 63
53 67
53 84
53 86
53 89
53 96
53 105
53 112
53 115
53 142
53 146
53 165
53 198
53 208
53 212
53 217
53 220
53 228
53 230
53 238
53 239
53 260
53 270
53 277
53 286
54 68
54 73
54 76
54 86
54 89
54 97
54 99
54 101
54 122
54 126
54 127
54 144
54 145
54 159
54 162
54 186
54 191
54 195
54 198
54 199
54 210
54 215
54 243
54 254
54 258
54 264
54 268
54 270
54 293
54 299
55 58
55 64
55 70
55 85
55 90
55 101
55 118
55 120
55 121
55 123
55 124
55 132
55 143
55 163
55 178
55 187
55 202
55 223
55 236
55 292
56 81
56 82
56 84
56 90
56 92
56 105
56 129
56 137
56 140
56 176
56 179
56 188
56 216
56 217
56 234
56 258
56 269
56 273
56 275
56 281
56 282
56 283
56 285
57 65
57 66
57 70
57 73
57 83
57 85
57 92
57 96
57 97
57 103
57 132
57 145
57 151
57 153
57 154
57 158
57 159
57 168
57 170
57 171
57 186
57 196
57 204
57 208
57 214
57 218
57 220
57 222
57 241
57 243
57 244
57 266
57 267
57 293
57 295
57 298
58 76
58 85
58 102
58 126
58 129
58 154
58 159
58 167
58 170
58 176
58 178
58 191
58 194
58 209
58 214
58 222
58 237
58 249
58 252
58 285
58 295
59 75
59 78
59 84
59 90
59 103
59 112
59 123
59 128
59 135
59 142
59 158
59 164
59 176
59 179
59 203
59 204
59 206
59 220
59 223
59 227
59 231
59 235
59 245
59 261
59 273
59 276
59 281
59 293
59 295
60 77
60 87
60 111
60 115
60 116
60 139
60 150
60 158
60 161
60 179
60 180
60 189
60 246
60 248
60 260
60 262
60 264
60 289
60 298
61 91
61 98
61 101
61 108
61 137
61 148
61 151
61 152
61 170
61 191
61 195
61 208
61 215
61 221
61 230
61 246
61 257
61 274
61 277
61 280
61 286
62 64
62 86
62 93
62 100
62 113
62 128
62 142
62 148
62 149
62 163
62 165
62 176
62 178
62 181
62 202
62 210
62 219
62 225
62 228
62 247
62 252
62 272
62 283
62 287
62 298
63 69
63 70
63 77
63 90
63 101
63 112
63 123
63 132
63 134
63 148
63 149
63 159
63 161
63 174
63 188
63 194
63 206
63 212
63 216
63 235
63 242
63 252
63 259
63 271
63 278
63 291
63 298
64 73
64 86
64 90
64 123
64 127
64 135
64 141
64 150
64 156
64 178
64 191
64 201
64 210
64 217
64 225
64 238
64 241
64 250
64 256
64 264
64 265
64 273
64 275
64 292
65 68
65 70
65 83
65 84
65 93
65 100
65 111
65 119
65 132
65 136
65 148
65 158
65 171
65 173
65 177
65 182
65 186
65 188
65 200
65 208
65 222
65 225
65 237
65 238
65 245
65 253
65 276
65 293
66 72
66 76
66 82
66 84
66 101
66 112
66 114
66 120
66 124
66 132
66 134
66 140
66 150
66 156
66 163
66 198
66 203
66 216
66 220
66 231
66 236
66 238
66 239
66 245
66 255
66 262
66 269
66 276
66 277
66 288
66 290
66 293
66 295
67 69
67 72
67 110
67 133
67 145
67 165
67 196
67 210
67 225
67 249
67 250
67 258
67 267
67 270
67 277
67 282
67 293
68 75
68 81
68 103
68 122
68 133
68 135
68 144
68 150
68 153
68 166
68 182
68 190
68 195
68 214
68 222
68 251
68 253
68 258
68 269
68 270
68 277
68 282
68 284
68 293
69 73
69 84
69 101
69 105
69 111
69 116
69 118
69 128
69 134
69 142
69 150
69 151
69 163
69 170
69 175
69 190
69 196
69 197
69 216
69 254
69 268
69 274
69 295
69 297
70 75
70 115
70 120
70 123
70 163
70 172
70 176
70 189
70 209
70 210
70 211
70 214
70 233
70 236
70 238
70 246
70 277
70 288
70 289
70 292
71 88
71 104
71 139
71 142
71 154
71 156
71 182
71 202
71 230
71 241
71 252
71 258
71 274
71 279
72 73
72 80
72 81
72 82
72 88
72 93
72 103
72 109
72 129
72 133
72 148
72 154
72 170
72 172
72 192
72 204
72 225
72 231
72 234
72 235
72 239
72 251
72 263
72 266
72 271
72 299
73 99
73 103
73 108
73 115
73 121
73 122
73 140
73 142
73 148
73 165
73 185
73 191
73 195
73 229
73 247
73 260
73 265
73 266
73 267
73 275
73 278
73 281
73 287
73 298
74 81
74 110
74 113
74 116
74 136
74 156
74 159
74 160
74 162
74 164
74 190
74 203
74 227
74 236
74 246
74 263
74 286
74 292
74 295
74 296
75 77
75 79
75 83
75 84
75 85
75 95
75 97
75 143
75 161
75 165
75 168
75 182
75 194
75 204
75 221
75 224
75 225
75 237
75 245
75 246
75 248
75 249
75 264
75 280
76 77
76 86
76 88
76 96
76 99
76 124
76 130
76 132
76 149
76 150
76 158
76 172
76 187
76 191
76 205
76 221
76 223
76 252
76 253
76 271
76 279
76 283
76 291
77 79
77 82
77 97
77 102
77 129
77 138
77 142
77 168
77 170
77 173
77 174
77 194
77 222
77 225
77 239
77 253
77 262
77 276
77 280
78 90
78 92
78 99
78 101
78 105
78 117
78 120
78 137
78 154
78 156
78 160
78 183
78 193
78 203
78 220
78 241
78 244
78 250
78 252
78 269
78 277
79 83
79 90
79 99
79 114
79 124
79 134
79 146
79 147
79 170
79 175
79 178
79 192
79 194
79 195
79 216
79 221
79 226
79 235
79 238
79 239
79 250
79 254
79 255
79 262
79 268
79 276
79 282
79 288
79 291
79 294
79 299
80 85
80 86
80 90
80 94
80 124
80 125
80 132
80 143
80 144
80 157
80 161
80 172
80 184
80 203
80 205
80 210
80 213
80 214
80 217
80 226
80 230
80 238
80 239
80 253
80 263
80 269
81 86
81 89
81 90
81 103
81 126
81 130
81 162
81 167
81 168
81 175
81 180
81 192
81 206
81 209
81 212
81 216
81 219
81 238
81 243
81 247
81 252
81 272
81 281
81 282
81 284
82 97
82 114
82 131
82 143
82 162
82 163
82 196
82 199
82 200
82 206
82 219
82 221
82 235
82 240
82 243
82 247
82 255
82 260
82 292
82 294
83 87
83 95
83 97
83 107
83 134
83 139
83 150
83 158
83 160
83 166
83 172
83 182
83 199
83 212
83 226
83 227
83 236
83 251
83 262
83 264
83 267
83 272
83 285
83 289
83 293
84 94
84 105
84 119
84 160
84 175
84 187
84 192
84 198
84 216
84 229
84 237
84 238
84 255
84 274
84 275
84 279
84 298
84 299
85 94
85 120
85 129
85 135
85 136
85 147
85 152
85 165
85 171
85 178
85 192
85 194
85 198
85 220
85 236
85 240
85 241
85 242
85 247
85 248
85 281
85 284
85 295
86 96
86 106
86 111
86 120
86 133
86 134
86 139
86 146
86 151
86 154
86 170
86 175
86 176
86 189
86 195
86 198
86 199
86 240
86 249
86 252
86 279
86 281
86 283
86 285
86 291
86 294
86 297
86 299
87 89
87 120
87 123
87 124
87 137
87 149
87 150
87 151
87 179
87 184
87 195
87 202
87 212
87 217
87 219
87 222
87 232
87 254
87 267
87 291
87 292
87 293
87 297
88 94
88 95
88 97
88 113
88 118
88 121
88 155
88 156
88 166
88 167
88 180
88 181
88 190
88 195
88 208
88 227
88 237
88 242
88 252
88 264
88 274
88 278
88 281
88 299
89 90
89 95
89 96
89 109
89 118
89 123
89 124
89 131
89 134
89 135
89 141
89 147
89 150
89 160
89 166
89 169
89 174
89 178
89 184
89 203
89 227
89 242
89 243
89 257
89 276
89 288
89 295
89 297
90 92
90 96
90 126
90 133
90 147
90 156
90 160
90 162
90 163
90 170
90 171
90 181
90 184
90 192
90 196
90 214
90 230
90 261
90 276
91 112
91 118
91 136
91 143
91 149
91 156
91 162
91 174
91 178
91 185
91 209
91 222
91 232
91 242
91 248
91 249
91 260
91 262
91 291
92 105
92 118
92 119
92 133
92 149
92 152
92 167
92 174
92 187
92 200
92 202
92 203
92 207
92 210
92 212
92 218
92 225
92 234
92 235
92 242
92 244
92 246
92 255
92 266
92 271
92 291
92 299
93 113
93 118
93 122
93 127
93 131
93 136
93 143
93 166
93 169
93 176
93 178
93 188
93 197
93 202
93 218
93 222
93 251
93 259
93 265
93 270
93 276
93 279
93 297
94 109
94 133
94 134
94 137
94 158
94 159
94 162
94 173
94 189
94 192
94 194
94 217
94 232
94 245
94 256
94 283
95 97
95 113
95 119
95 126
95 139
95 147
95 148
95 195
95 196
95 197
95 225
95 229
95 232
95 246
95 250
95 282
96 99
96 103
96 107
96 112
96 133
96 134
96 136
96 139
96 141
96 165
96 167
96 170
96 182
96 183
96 184
96 200
96 206
96 207
96 210
96 217
96 219
96 236
96 237
96 245
96 253
96 255
96 277
96 287
96 299
97 104
97 112
97 117
97 120
97 127
97 134
97 140
97 146
97 149
97 184
97 187
97 192
97 203
97 207
97 232
97 234
97 240
97 249
97 256
97 259
97 281
97 286
97 292
98 103
98 106
98 109
98 129
98 132
98 133
98 144
98 159
98 165
98 181
98 199
98 203
98 208
98 219
98 261
98 264
98 280
98 297
99 118
99 129
99 135
99 137
99 138
99 157
99 161
99 162
99 170
99 172
99 180
99 189
99 194
99 208
99 213
99 221
99 235
99 252
99 266
99 270
99 272
99 287
99 288
100 102
100 105
100 117
100 126
100 134
100 145
100 148
100 159
100 183
100 184
100 188
100 190
100 196
100 197
100 213
100 232
100 235
100 243
100 244
100 266
100 268
100 283
100 285
100 295
101 111
101 112
101 124
101 135
101 156
101 174
101 181
101 183
101 190
101 199
101 211
101 215
101 223
101 235
101 238
101 240
101 245
101 269
102 103
102 113
102 117
102 122
102 139
102 157
102 167
102 173
102 181
102 188
102 197
102 204
102 207
102 208
102 251
102 256
102 259
102 264
102 292
103 115
103 116
103 135
103 143
103 149
103 160
103 161
103 171
103 172
103 174
103 186
103 190
103 207
103 218
103 243
103 267
103 285
103 286
103 293
104 114
104 117
104 134
104 141
104 161
104 171
104 176
104 180
104 183
104 230
104 235
104 243
104 255
104 264
104 277
104 282
105 106
105 110
105 118
105 120
105 122
105 136
105 148
105 150
105 158
105 167
105 179
105 199
105 203
105 205
105 224
105 229
105 235
105 237
105 243
105 255
105 258
105 267
105 276
105 277
105 292
106 111
106 118
106 126
106 127
106 138
106 146
106 156
106 162
106 168
106 172
106 195
106 201
106 227
106 264
106 265
106 268
106 269
106 272
106 294
107 120
107 123
107 132
107 133
107 142
107 145
107 149
107 156
107 164
107 171
107 175
107 183
107 188
107 190
107 224
107 234
107 248
107 256
107 261
107 269
107 271
107 273
107 277
107 294
108 120
108 137
108 156
108 159
108 163
108 170
108 184
108 194
108 207
108 210
108 223
108 231
108 238
108 242
108 254
109 122
109 147
109 148
109 151
109 168
109 183
109 203
109 204
109 206
109 209
109 214
109 215
109 228
109 277
109 296
110 116
110 130
110 135
110 141
110 157
110 158
110 160
110 174
110 191
110 194
110 196
110 217
110 238
110 255
110 259
110 267
110 275
110 279
110 283
110 290
110 291
110 295
111 116
111 117
111 130
111 164
111 174
111 182
111 183
111 185
111 191
111 214
111 226
111 232
111 238
111 249
111 254
111 255
111 262
111 269
111 270
111 271
111 275
112 119
112 134
112 152
112 155
112 167
112 177
112 185
112 197
112 202
112 228
112 266
112 275
112 287
112 290
112 299
113 123
113 126
113 133
113 135
113 143
113 159
113 160
113 162
113 168
113 187
113 197
113 202
113 206
113 226
113 231
113 236
113 245
113 256
113 257
113 286
114 115
114 122
114 125
114 129
114 144
114 148
114 156
114 157
114 186
114 212
114 218
114 219
114 237
114 242
114 246
114 287
115 118
115 120
115 122
115 127
115 135
115 148
115 150
115 151
115 155
115 171
115 180
115 183
115 186
115 210
115 219
115 225
115 235
115 248
115 256
115 262
116 133
116 137
116 148
116 151
116 156
116 179
116 195
116 210
116 215
116 226
116 242
116 249
116 280
116 281
116 288
116 291
117 132
117 135
117 137
117 140
117 167
117 175
117 184
117 204
117 217
117 232
117 243
117 245
117 251
117 259
117 261
117 277
117 296
117 299
118 128
118 129
118 140
118 151
118 160
118 173
118 175
118 177
118 178
118 195
118 203
118 205
118 226
118 235
118 240
118 251
118 268
118 272
118 276
118 281
118 283
118 286
118 295
119 129
119 133
119 150
119 151
119 154
119 185
119 193
119 195
119 204
119 216
119 219
119 227
119 235
119 264
119 266
119 272
119 286
119 296
119 299
120 124
120 132
120 136
120 185
120 193
120 213
120 226
120 232
120 265
120 289
120 297
120 299
121 127
121 133
121 136
121 137
121 142
121 143
121 154
121 160
121 163
121 176
121 193
121 195
121 207
121 229
121 235
121 242
121 244
121 258
121 263
121 273
122 127
122 144
122 176
122 182
122 185
122 187
122 192
122 195
122 213
122 214
122 229
122 245
122 247
122 253
122 254
122 257
122 259
122 260
122 267
122 272
122 274
123 129
123 139
123 145
123 155
123 161
123 163
123 165
123 175
123 191
123 211
123 217
123 221
123 260
123 281
123 291
124 134
124 145
124 146
124 153
124 170
124 175
124 201
124 206
124 209
124 245
124 251
124 253
124 258
124 259
124 275
124 277
124 279
124 281
125 139
125 158
125 163
125 170
125 181
125 184
125 191
125 204
125 205
125 210
125 246
125 251
125 265
125 268
125 298
126 133
126 141
126 144
126 146
126 149
126 168
126 180
126 188
126 196
126 202
126 208
126 216
126 222
126 241
126 250
126 257
126 267
126 269
126 279
126 286
126 292
126 298
127 133
127 144
127 161
127 166
127 170
127 178
127 188
127 194
127 199
127 202
127 216
127 223
127 238
127 242
127 255
127 261
127 278
127 282
127 291
128 156
128 174
128 178
128 193
128 197
128 202
128 213
128 224
128 229
128 240
128 245
128 254
128 269
128 277
128 278
128 288
129 133
129 140
129 149
129 173
129 186
129 212
129 221
129 226
129 232
129 234
129 235
129 237
129 241
129 297
130 183
130 184
130 186
130 196
130 217
130 223
130 229
130 231
130 248
130 258
130 260
130 277
130 283
130 294
131 151
131 155
131 162
131 182
131 187
131 199
131 204
131 237
131 238
131 239
131 247
131 248
131 253
131 267
131 273
132 140
132 164
132 181
132 182
132 183
132 189
132 203
132 204
132 207
132 213
132 214
132 226
132 239
132 257
133 150
133 156
133 169
133 188
133 197
133 198
133 200
133 213
133 215
133 251
133 259
133 269
133 272
133 276
133 280
133 286
134 138
134 146
134 153
134 183
134 191
134 193
134 197
134 200
134 205
134 206
134 211
134 218
134 228
134 231
134 247
134 256
134 259
134 261
134 262
134 275
134 293
134 298
135 151
135 158
135 164
135 165
135 166
135 167
135 168
135 181
135 182
135 187
135 191
135 193
135 200
135 217
135 219
135 220
135 235
135 239
135 241
135 272
135 284
135 288
136 141
136 153
136 161
136 163
136 166
136 172
136 209
136 210
136 211
136 213
136 271
136 276
136 284
137 146
137 149
137 151
137 161
137 164
137 167
137 169
137 172
137 184
137 188
137 199
137 202
137 210
137 229
137 230
137 247
137 252
137 259
137 266
137 295
137 296
137 298
138 179
138 201
138 202
138 217
138 225
138 226
138 231
138 232
138 248
138 254
138 276
138 283
138 284
138 297
139 142
139 150
139 156
139 170
139 172
139 173
139 178
139 180
139 199
139 200
139 201
139 202
139 208
139 225
139 228
139 241
139 242
139 254
139 284
139 290
139 296
139 298
139 299
140 146
140 148
140 151
140 158
140 199
140 228
140 230
140 232
140 255
140 282
140 283
141 142
141 156
141 172
141 179
141 193
141 196
141 197
141 214
141 216
141 241
141 245
141 250
141 252
141 255
141 257
141 265
141 270
141 298
141 299
142 156
142 158
142 169
142 187
142 200
142 209
142 216
142 225
142 229
142 231
142 233
142 234
142 244
142 257
142 263
142 271
142 272
142 274
143 152
143 159
143 162
143 163
143 169
143 178
143 190
143 198
143 202
143 204
143 209
143 228
143 241
143 248
143 255
143 259
143 267
143 297
143 298
144 154
144 156
144 167
144 184
144 193
144 202
144 204
144 207
144 224
144 228
144 236
144 246
144 258
144 261
144 264
144 277
144 289
144 291
145 168
145 181
145 189
145 192
145 194
145 218
145 228
145 247
145 254
145 257
145 275
145 283
145 286
145 292
145 294
146 160
146 172
146 173
146 178
146 182
146 183
146 184
146 204
146 209
146 214
146 226
146 231
146 237
146 273
146 296
146 298
147 154
147 156
147 177
147 195
147 205
147 216
147 231
147 243
147 265
147 266
147 268
147 277
147 296
147 297
148 161
148 163
148 165
148 168
148 186
148 192
148 193
148 205
148 229
148 233
148 236
148 240
148 250
148 260
148 268
148 276
148 281
149 161
149 199
149 214
149 217
149 221
149 225
149 242
149 250
149 257
149 267
149 278
149 283
150 175
150 182
150 186
150 192
150 199
150 204
150 210
150 220
150 223
150 234
150 250
150 254
150 285
150 288
151 152
151 165
151 186
151 221
151 225
151 234
151 239
151 253
151 287
151 289
152 153
152 158
152 162
152 169
152 171
152 173
152 175
152 184
152 193
152 207
152 218
152 250
152 257
152 262
152 270
152 271
152 280
152 285
153 171
153 226
153 255
153 259
153 264
153 278
153 286
154 157
154 163
154 173
154 190
154 191
154 194
154 215
154 223
154 238
154 244
154 245
154 253
154 255
154 256
154 257
154 258
154 274
154 279
155 168
155 182
155 206
155 208
155 219
155 222
155 226
155 232
155 271
155 285
155 297
155 298
156 176
156 194
156 201
156 204
156 208
156 215
156 241
156 245
156 247
156 250
156 251
156 254
156 268
156 276
156 277
156 282
156 297
157 169
157 172
157 184
157 185
157 194
157 202
157 205
157 227
157 230
157 231
157 232
157 246
157 254
157 289
157 290
158 173
158 177
158 183
158 195
158 216
158 222
158 230
158 237
158 241
158 244
158 247
158 249
158 279
158 288
158 299
159 166
159 177
159 182
159 191
159 196
159 198
159 214
159 217
159 220
159 233
159 239
159 252
159 253
159 262
159 279
159 285
159 291
159 293
159 295
160 168
160 171
160 174
160 179
160 184
160 187
160 204
160 205
160 207
160 232
160 235
160 246
160 247
160 251
160 255
160 276
160 284
160 292
160 297
161 165
161 166
161 169
161 172
161 188
161 200
161 210
161 212
161 227
161 265
161 267
161 272
161 279
161 281
161 289
161 294
162 190
162 195
162 203
162 205
162 207
162 211
162 216
162 219
162 229
162 241
162 243
162 261
162 265
162 297
162 298
163 164
163 178
163 183
163 188
163 197
163 199
163 203
163 207
163 210
163 212
163 255
163 274
163 279
163 286
163 287
164 174
164 176
164 191
164 201
164 207
164 209
164 219
164 230
164 247
164 259
164 262
164 264
164 291
164 293
164 298
165 177
165 183
165 190
165 203
165 207
165 234
165 239
165 253
165 257
165 260
165 273
166 176
166 183
166 185
166 198
166 203
166 222
166 245
166 258
166 264
166 272
166 276
166 282
166 288
166 299
167 168
167 169
167 180
167 192
167 204
167 214
167 235
167 242
167 248
167 249
167 251
167 259
167 265
167 278
167 295
167 297
168 170
168 195
168 203
168 212
168 217
168 224
168 225
168 226
168 252
168 255
168 263
168 266
168 275
168 287
168 296
169 181
169 191
169 195
169 203
169 208
169 217
169 234
169 247
169 256
169 259
169 271
169 276
169 290
169 293
169 299
170 171
170 181
170 196
170 216
170 217
170 224
170 225
170 226
170 239
170 243
170 252
170 259
170 264
170 272
170 273
170 274
170 276
170 280
171 183
171 213
171 229
171 236
171 254
171 260
171 264
171 270
171 289
172 188
172 191
172 204
172 206
172 208
172 236
172 249
172 265
172 292
172 299
173 186
173 196
173 214
173 221
173 224
173 250
173 258
173 262
173 266
173 285
174 178
174 190
174 193
174 194
174 205
174 209
174 211
174 216
174 218
174 260
174 262
174 271
174 275
174 288
175 177
175 186
175 194
175 201
175 203
175 229
175 237
175 244
175 250
175 271
175 273
175 290
175 293
176 185
176 187
176 200
176 214
176 217
176 221
176 229
176 230
176 252
176 273
176 275
176 288
176 291
176 293
177 205
177 211
177 213
177 221
177 223
177 258
177 268
177 278
177 281
177 283
177 298
178 216
178 223
178 224
178 260
178 266
178 298
179 185
179 190
179 200
179 205
179 207
179 221
179 222
179 230
179 250
179 251
179 258
179 259
179 282
179 290
179 295
180 197
180 205
180 206
180 214
180 225
180 228
180 230
180 231
181 182
181 198
181 201
181 207
181 210
181 213
181 243
181 245
181 251
181 291
182 183
182 203
182 206
182 209
182 235
182 248
182 259
182 272
182 277
182 279
183 190
183 202
183 219
183 224
183 226
183 229
183 241
183 243
183 244
183 264
183 272
183 275
184 214
184 215
184 227
184 231
184 258
184 267
184 271
184 274
184 280
184 295
185 194
185 199
185 201
185 204
185 210
185 220
185 237
185 239
185 244
185 256
185 260
185 269
185 272
185 281
185 291
186 208
186 218
186 219
186 221
186 227
186 239
186 253
186 269
186 270
186 278
186 288
186 290
186 297
187 190
187 231
187 240
187 250
187 259
187 272
187 277
187 285
188 190
188 215
188 234
188 237
188 239
188 262
188 265
188 267
188 282
188 286
189 194
189 198
189 203
189 205
189 216
189 220
189 221
189 253
189 260
189 261
189 267
189 273
189 287
189 293
190 203
190 225
190 236
190 246
190 254
190 258
190 271
190 281
190 282
190 291
191 192
191 198
191 202
191 210
191 216
191 220
191 224
191 234
191 236
191 252
191 256
191 287
191 290
192 210
192 246
192 248
192 251
192 284
192 288
192 289
192 292
193 196
193 220
193 229
193 233
193 235
193 244
193 248
193 253
193 258
193 265
193 297
193 298
194 204
194 218
194 225
194 235
194 241
194 243
194 248
194 252
194 264
194 267
194 271
194 279
194 291
195 234
195 235
195 242
195 244
195 246
195 255
195 264
195 269
195 294
195 296
195 298
196 199
196 204
196 209
196 210
196 219
196 226
196 228
196 235
196 240
196 248
196 249
196 260
196 267
196 277
196 294
197 201
197 221
197 228
197 232
197 237
197 249
197 254
197 265
197 270
197 276
197 279
197 284
198 200
198 201
198 224
198 225
198 235
198 240
198 252
198 254
198 256
198 266
198 279
198 286
198 289
198 295
199 217
199 227
199 230
199 252
199 259
199 261
199 262
199 272
199 289
199 297
199 299
200 209
200 210
200 223
200 226
200 230
200 234
200 246
200 248
200 261
200 266
200 276
200 283
200 291
201 212
201 232
201 240
201 259
201 266
201 268
201 274
201 285
201 291
201 296
201 298
202 209
202 225
202 239
202 242
202 263
202 291
202 292
202 293
202 294
202 296
203 222
203 228
203 238
203 279
203 285
203 287
203 292
204 218
204 222
204 223
204 227
204 233
204 238
204 251
204 252
204 257
204 259
204 265
204 266
204 268
204 271
204 280
204 281
204 283
204 288
204 293
205 206
205 208
205 233
205 236
205 239
205 287
205 292
206 208
206 211
206 214
206 233
206 264
206 272
206 290
206 297
207 210
207 212
207 216
207 262
207 275
207 282
207 286
208 212
208 223
208 226
208 236
208 239
208 244
208 253
208 258
208 283
208 295
209 213
209 214
209 228
209 234
209 236
209 242
209 244
209 269
209 282
209 292
210 217
210 230
210 253
210 258
210 271
210 273
210 275
210 286
210 288
211 216
211 226
211 232
211 237
211 249
211 253
211 271
211 280
211 297
212 228
212 249
212 262
212 265
212 266
212 270
212 285
212 290
212 299
213 217
213 231
213 239
213 247
213 259
213 268
213 271
213 277
213 278
213 280
213 282
213 289
213 293
213 297
214 215
214 228
214 231
214 250
214 264
214 267
214 270
214 272
214 282
214 284
214 298
215 220
215 222
215 241
215 243
215 244
215 260
215 263
215 264
215 268
215 276
215 279
216 225
216 261
216 286
216 295
216 296
216 299
217 235
217 239
217 273
217 276
217 282
217 283
217 299
218 230
218 245
218 253
218 273
218 280
218 282
218 284
218 299
219 231
219 248
220 221
220 225
220 228
220 229
220 230
220 233
220 235
220 245
220 259
220 270
220 280
220 283
221 227
221 249
221 253
221 261
221 262
221 275
221 281
221 292
221 296
222 223
222 224
222 227
222 237
222 247
222 253
222 256
222 261
222 273
222 281
222 294
223 246
223 254
223 256
223 268
223 272
223 273
223 276
223 281
223 283
223 285
223 289
223 299
224 226
224 244
224 247
224 265
224 269
224 286
225 231
225 246
225 248
225 250
225 253
225 254
225 257
225 269
225 282
225 283
226 230
226 248
226 256
226 257
226 264
227 248
227 256
227 260
227 289
227 291
228 229
228 230
228 276
228 282
229 239
229 245
229 248
229 251
229 254
229 260
229 265
229 266
229 292
229 297
230 232
230 253
230 268
230 272
230 278
231 237
231 289
231 290
231 292
231 296
232 233
232 237
232 241
232 255
232 256
232 257
232 281
232 286
232 290
232 293
233 240
233 242
233 244
233 252
233 259
233 266
233 283
233 287
233 292
234 256
234 259
234 266
234 283
234 285
234 293
235 239
235 253
235 259
235 261
235 286
235 288
235 291
235 293
236 262
236 268
236 269
236 280
236 299
237 243
237 263
237 269
237 283
237 287
238 246
238 247
238 249
238 266
238 267
238 269
238 294
239 266
239 272
239 275
239 289
239 293
240 249
240 251
240 287
241 282
241 288
241 290
242 262
242 264
242 266
242 271
242 272
242 277
242 286
242 288
242 289
242 290
242 291
243 251
243 266
243 269
243 275
243 283
244 256
244 264
244 283
244 291
244 292
244 293
244 297
245 247
245 257
245 264
245 280
245 281
246 273
246 282
246 286
246 290
246 293
247 271
247 272
247 274
247 276
247 281
248 255
248 275
248 279
248 289
249 264
249 275
249 280
249 283
249 299
250 263
250 272
250 277
250 291
250 299
251 258
251 259
251 266
251 269
251 270
251 278
251 288
251 292
252 260
252 275
252 289
253 258
253 270
254 269
254 275
255 271
255 289
255 293
256 258
256 274
256 285
256 291
256 298
257 276
257 293
258 266
258 280
258 297
259 288
259 292
260 261
260 268
260 292
261 276
261 298
262 271
262 294
263 268
263 276
263 281
263 284
263 290
263 292
264 276
264 281
264 283
264 288
265 268
265 296
265 299
266 298
267 269
267 272
267 276
267 293
268 287
268 297
269 276
269 282
269 288
270 278
270 285
270 286
270 290
270 293
270 298
270 299
271 273
271 286
271 296
272 276
272 285
272 289
273 280
273 282
273 287
274 276
275 276
275 287
275 292
276 282
276 283
276 293
277 281
277 285
277 286
278 296
279 294
280 282
280 284
280 288
280 291
280 292
281 283
281 294
282 287
282 296
283 288
283 292
284 286
284 293
285 289
287 288
287 297
288 289
288 299
291 294
291 295
