26 169
0 2
0 4
0 5
0 6
0 9
0 11
0 16
0 17
0 19
0 21
0 22
0 24
0 25
1 2
1 4
1 5
1 6
1 9
1 11
1 16
1 17
1 19
1 21
1 22
1 24
1 25
2 3
2 7
2 8
2 10
2 12
2 13
2 14
2 15
2 18
2 20
2 23
3 4
3 5
3 6
3 9
3 11
3 16
3 17
3 19
3 21
3 22
3 24
3 25
4 7
4 8
4 10
4 12
4 13
4 14
4 15
4 18
4 20
4 23
5 7
5 8
5 10
5 12
5 13
5 14
5 15
5 18
5 20
5 23
6 7
6 8
6 10
6 12
6 13
6 14
6 15
6 18
6 20
6 23
7 9
7 11
7 16
7 17
7 19
7 21
7 22
7 24
7 25
8 9
8 11
8 16
8 17
8 19
8 21
8 22
8 24
8 25
9 10
9 12
9 13
9 14
9 15
9 18
9 20
9 23
10 11
10 16
10 17
10 19
10 21
10 22
10 24
10 25
11 12
11 13
11 14
11 15
11 18
11 20
11 23
12 16
12 17
12 19
12 21
12 22
12 24
12 25
13 16
13 17
13 19
13 21
13 22
13 24
13 25
14 16
14 17
14 19
14 21
14 22
14 24
14 25
15 16
15 17
15 19
15 21
15 22
15 24
15 25
16 18
16 20
16 23
17 18
17 20
17 23
18 19
18 21
18 22
18 24
18 25
19 20
19 23
20 21
20 22
20 24
20 25
21 23
22 23
23 24
23 25
