200 840
0 42
0 146
0 172
1 19
1 41
1 43
1 56
1 59
1 108
1 114
1 134
1 176
1 177
1 182
1 195
2 14
2 15
2 17
2 33
2 72
2 93
2 108
2 125
2 128
2 157
2 188
2 197
3 31
3 52
3 58
3 87
3 110
3 146
3 147
4 19
4 68
4 72
4 75
4 86
4 90
4 107
4 132
4 158
4 173
4 180
4 189
5 60
5 115
5 126
5 142
5 146
5 147
5 168
5 170
5 193
6 15
6 17
6 64
6 66
6 68
6 83
6 118
6 156
6 173
6 183
6 189
6 195
7 8
7 20
7 21
7 29
7 38
7 44
7 178
7 190
8 13
8 26
8 81
8 96
8 156
8 160
8 161
8 177
8 179
8 188
8 189
9 19
9 36
9 45
9 67
9 96
9 101
9 103
9 148
9 158
9 160
9 173
9 183
10 140
10 174
11 38
11 58
11 105
11 127
11 168
12 22
12 35
12 57
12 70
12 81
12 82
12 98
12 111
12 118
12 119
12 138
12 163
13 18
13 46
13 85
13 127
13 146
14 63
14 136
14 178
15 42
15 61
15 69
15 79
15 95
15 129
15 154
16 17
16 19
16 77
16 88
16 91
16 94
16 111
16 114
16 128
16 133
16 135
16 150
17 27
17 84
17 87
17 112
17 142
18 82
18 93
18 97
18 102
18 113
18 120
18 125
18 143
18 169
18 177
18 181
19 73
19 92
19 140
19 165
19 170
19 192
20 28
20 51
20 66
20 74
20 101
20 120
20 148
20 161
20 166
20 173
20 182
21 22
21 35
21 57
21 74
21 94
21 97
21 102
21 119
21 156
21 164
21 184
22 71
22 106
23 31
23 38
23 109
23 110
23 126
23 142
24 28
24 56
24 70
24 76
24 80
24 128
24 133
24 159
24 179
24 182
24 188
24 195
25 49
25 68
25 70
25 81
25 102
25 116
25 128
25 132
25 138
25 141
25 145
25 195
26 42
26 63
26 73
26 84
26 109
26 170
27 35
27 81
27 88
27 89
27 100
27 103
27 108
27 116
27 152
27 163
27 199
28 42
28 52
28 95
28 139
28 186
28 198
29 41
29 54
29 64
29 83
29 118
29 148
29 152
29 153
29 158
29 175
29 189
30 35
30 90
30 93
30 120
30 157
30 162
30 166
30 175
30 177
30 179
30 180
30 197
31 33
31 45
31 81
31 113
31 138
31 141
31 145
31 156
31 176
31 187
32 33
32 65
32 68
32 75
32 78
32 83
32 90
32 116
32 135
32 141
32 159
32 199
33 104
33 105
33 117
33 129
33 137
33 151
33 186
33 196
34 87
34 194
35 130
35 136
35 165
35 172
36 95
36 186
37 106
37 110
37 192
38 40
38 82
38 96
38 119
38 132
38 148
38 156
38 175
38 181
39 137
39 139
39 142
39 168
39 170
39 198
40 71
40 95
40 127
41 85
41 104
41 136
41 154
41 192
42 47
42 48
42 51
42 74
42 99
42 128
42 157
42 176
43 61
43 109
43 190
43 196
44 55
44 57
44 62
44 66
44 72
44 93
44 111
44 143
44 159
44 169
44 182
45 52
45 73
45 85
45 92
45 105
45 106
45 117
45 126
45 130
45 136
45 147
45 198
46 62
46 93
46 116
46 121
46 152
46 156
46 157
46 166
46 173
46 185
46 187
47 109
47 117
47 165
47 190
47 193
48 85
48 139
48 154
48 190
48 196
49 109
50 127
50 168
51 58
51 61
51 71
51 79
51 104
51 140
51 146
51 170
51 190
52 66
52 75
52 103
52 148
52 152
52 155
52 159
52 164
52 189
53 58
53 71
53 85
54 117
54 130
54 168
55 105
55 126
55 142
55 151
55 186
56 85
56 106
56 109
56 151
56 194
57 61
57 104
57 186
57 192
58 66
58 78
58 90
58 100
58 122
58 138
58 150
58 177
59 79
59 117
59 129
59 146
59 172
60 67
60 74
60 99
60 108
60 149
60 158
60 160
60 161
60 173
60 176
60 179
61 86
61 96
61 97
61 114
61 135
61 141
61 185
61 187
62 92
62 112
63 66
63 101
63 120
63 123
63 131
63 141
63 148
63 164
63 185
63 187
64 69
64 106
64 110
64 193
65 84
65 112
65 139
65 192
66 95
66 110
66 127
66 178
66 194
67 105
67 142
68 140
68 192
68 193
69 90
69 91
69 99
69 118
69 124
69 169
69 171
69 176
69 181
69 183
70 85
70 112
70 151
70 172
70 196
71 96
71 111
71 124
71 141
71 152
71 157
71 162
71 189
72 126
72 140
72 190
72 198
73 78
73 98
73 113
73 167
73 177
73 180
73 181
73 187
73 199
74 140
75 106
75 110
75 136
75 193
76 92
76 112
76 147
76 151
76 174
77 92
77 112
77 147
77 154
77 170
78 84
78 129
78 178
79 82
79 83
79 93
79 96
79 124
79 135
79 150
79 156
79 176
80 87
80 106
80 139
80 151
80 193
81 110
81 165
81 168
81 194
81 196
82 109
82 112
83 84
83 87
83 137
83 146
83 174
84 88
84 107
84 108
84 113
84 118
84 159
84 177
85 93
85 97
85 113
85 135
85 171
86 147
87 118
87 131
87 135
87 152
87 161
87 167
87 181
88 115
88 136
88 172
88 192
88 193
89 165
89 170
90 104
90 117
90 154
90 174
91 139
92 96
92 108
92 111
92 119
92 125
92 153
92 163
93 178
94 109
94 129
94 146
94 198
95 96
95 98
95 107
95 116
95 124
95 152
95 155
96 192
97 193
97 196
98 115
98 129
99 104
100 126
100 130
101 115
101 151
101 174
101 186
101 190
102 126
102 198
103 104
103 130
103 140
103 192
103 196
104 108
104 143
104 158
104 166
104 179
105 113
105 123
105 141
105 152
105 166
105 173
105 188
106 108
106 114
106 167
106 175
106 195
107 109
107 136
107 137
107 172
108 136
108 137
108 192
109 153
109 155
109 180
110 114
110 122
110 141
110 157
110 161
111 186
112 119
112 120
112 132
112 141
112 177
113 136
113 174
113 178
114 129
115 121
115 128
115 144
115 148
115 164
115 173
115 176
115 183
116 126
116 127
117 121
117 125
117 144
117 145
117 157
117 197
119 194
121 130
121 136
122 147
122 154
123 127
123 172
123 193
124 140
124 142
124 154
125 165
126 133
126 134
126 166
126 189
127 144
127 145
127 166
127 169
127 179
128 170
128 186
128 194
129 144
129 148
129 182
129 188
129 199
130 141
130 156
130 158
130 163
130 185
130 195
131 194
132 178
132 190
133 146
133 196
134 154
134 165
136 149
136 176
137 144
137 156
137 159
137 161
137 180
137 181
137 184
138 168
138 178
139 148
139 150
139 163
139 164
139 166
139 169
140 149
140 181
140 185
140 191
141 151
141 170
141 174
142 145
142 149
142 152
142 157
142 177
143 170
143 198
144 151
144 172
144 190
145 165
145 174
145 186
146 169
146 188
146 189
147 150
147 159
147 160
147 177
147 189
150 154
150 186
151 153
151 167
151 171
152 168
152 178
152 192
153 168
153 186
153 194
153 196
154 155
154 160
154 179
155 168
155 170
155 172
156 174
157 194
157 196
158 194
158 196
159 190
162 196
163 172
164 165
165 166
165 175
165 183
166 170
167 178
167 198
168 183
168 185
169 194
172 179
172 187
173 178
173 190
173 193
173 198
174 176
174 177
174 191
178 189
180 198
182 194
183 190
184 198
185 192
185 193
186 195
188 193
188 198
