300 1500
0 23
0 62
0 64
0 89
0 104
0 156
0 212
1 6
1 26
1 28
1 40
1 66
1 129
1 155
1 159
1 176
1 268
2 7
2 47
2 70
2 78
2 95
2 113
2 143
2 165
2 179
2 192
2 202
2 224
2 243
2 255
2 295
3 27
3 35
3 46
3 67
3 85
3 109
3 161
3 180
3 194
3 209
3 261
3 277
3 280
3 296
3 297
4 43
4 133
4 141
4 154
4 162
4 212
4 218
5 21
5 22
5 47
5 70
5 80
5 116
5 139
5 147
5 180
5 182
5 202
5 209
5 229
5 239
5 276
6 12
6 30
6 45
6 69
6 80
6 90
6 117
6 205
6 240
6 267
6 272
6 274
6 294
6 295
7 28
7 29
7 62
7 89
7 105
7 137
7 221
8 28
8 133
8 154
8 164
8 169
9 27
9 45
9 51
9 102
9 135
9 139
9 144
9 167
9 172
9 177
9 178
9 220
9 264
9 292
9 296
10 64
10 82
10 108
10 137
10 154
10 162
10 270
10 299
11 71
11 77
11 127
11 130
11 178
11 186
11 188
11 194
11 196
11 198
11 201
11 228
11 244
11 273
11 292
12 108
12 123
12 133
12 173
12 212
12 222
12 268
13 32
13 38
13 59
13 70
13 102
13 127
13 188
13 192
13 195
13 198
13 239
13 263
13 277
13 290
13 296
14 58
14 64
14 82
14 108
14 120
14 137
14 152
14 242
14 245
15 40
15 58
15 93
15 138
15 168
15 176
15 258
15 265
15 291
16 17
16 38
16 59
16 73
16 78
16 96
16 115
16 122
16 172
16 206
16 230
16 231
16 260
16 274
16 297
17 24
17 40
17 64
17 76
17 125
17 129
17 162
17 166
17 236
18 19
18 40
18 87
18 91
18 108
18 151
18 245
18 268
18 271
18 275
18 299
19 36
19 71
19 90
19 97
19 130
19 178
19 190
19 193
19 198
19 201
19 206
19 256
19 263
19 295
20 30
20 42
20 47
20 81
20 90
20 97
20 113
20 118
20 143
20 150
20 178
20 194
20 197
20 225
20 292
21 66
21 87
21 125
21 250
21 281
21 299
22 24
22 55
22 87
22 183
22 271
23 42
23 85
23 96
23 116
23 146
23 167
23 171
23 177
23 182
23 209
23 226
23 235
23 238
23 295
24 25
24 47
24 63
24 69
24 81
24 85
24 99
24 136
24 198
24 204
24 216
24 272
24 288
25 66
25 91
25 152
25 168
25 222
25 281
26 35
26 50
26 61
26 63
26 65
26 71
26 73
26 118
26 143
26 158
26 178
26 205
26 217
26 247
27 60
27 93
27 104
27 212
28 49
28 67
28 80
28 81
28 132
28 172
28 194
28 210
28 216
28 230
28 243
28 294
29 34
29 61
29 63
29 85
29 147
29 175
29 196
29 231
29 233
29 244
29 253
29 259
29 280
29 287
30 37
30 48
30 82
30 89
30 160
30 173
30 189
30 212
31 103
31 105
31 125
31 159
31 251
31 271
31 291
32 76
32 105
32 131
32 159
32 169
33 48
33 52
33 55
33 56
33 82
33 120
33 125
33 151
33 160
33 169
33 176
33 199
33 237
33 262
34 53
34 91
34 129
34 138
34 268
34 270
34 271
35 76
35 173
35 258
35 298
36 66
36 79
36 93
36 104
36 138
36 141
36 159
36 298
37 111
37 116
37 170
37 175
37 179
37 202
37 206
37 209
37 232
37 233
37 240
37 241
37 247
37 255
38 64
38 153
38 169
38 199
38 200
38 262
39 64
39 121
39 142
39 151
39 164
39 221
39 265
39 270
39 275
39 291
40 78
40 147
40 205
40 208
40 217
40 229
40 248
40 264
40 284
40 287
40 293
41 56
41 60
41 82
41 131
41 218
41 298
42 137
42 227
43 69
43 72
43 96
43 106
43 111
43 122
43 144
43 188
43 204
43 225
43 255
43 256
43 279
43 292
44 62
44 142
44 148
44 173
44 176
44 183
44 200
44 222
44 251
44 286
45 68
45 79
45 89
45 221
45 270
46 56
46 66
46 76
46 103
46 155
46 187
46 237
46 242
46 252
47 121
47 123
47 133
47 149
47 245
48 54
48 90
48 101
48 122
48 150
48 172
48 179
48 192
48 210
48 220
48 233
48 269
48 277
49 60
49 93
49 125
49 129
49 141
49 142
49 155
49 159
49 162
49 212
50 58
50 218
50 237
50 251
50 262
51 68
51 76
52 54
52 77
52 80
52 95
52 115
52 118
52 178
52 182
52 202
52 219
52 231
52 255
52 273
52 278
53 59
53 118
53 124
53 145
53 157
53 167
53 177
53 180
53 193
53 205
53 232
53 246
53 257
53 259
54 62
54 79
55 57
55 102
55 107
55 111
55 136
55 144
55 158
55 170
55 180
55 185
55 194
55 220
55 254
56 75
56 83
56 95
56 100
56 119
56 185
56 223
56 224
56 225
56 235
56 280
56 294
57 141
57 265
57 271
58 63
58 80
58 92
58 94
58 100
58 170
58 174
58 186
58 195
58 244
58 261
58 264
59 60
59 68
59 82
59 103
59 137
59 151
59 199
59 227
59 242
59 271
60 65
60 69
60 96
60 97
60 100
60 210
60 213
60 260
60 264
60 266
60 269
61 62
61 82
61 148
61 152
61 227
62 81
62 88
62 117
62 132
62 186
62 195
62 211
62 224
62 226
62 241
63 68
63 148
63 151
63 227
63 251
63 281
64 92
64 96
64 161
64 175
64 191
64 195
64 238
64 277
64 282
65 66
65 103
65 156
65 189
65 275
66 71
66 86
66 92
66 116
66 117
66 127
66 267
66 287
66 297
67 120
67 152
67 155
67 227
67 236
67 251
67 289
68 84
68 96
68 97
68 216
68 217
68 228
68 230
68 243
68 263
68 276
68 283
69 89
69 168
69 275
70 89
70 103
70 123
70 148
70 166
70 262
70 285
71 189
71 221
72 76
72 79
72 108
72 168
72 200
73 120
73 159
73 251
73 268
73 286
74 91
74 93
74 105
74 153
74 164
74 222
74 262
74 265
74 270
74 286
74 291
74 298
75 105
75 183
75 265
75 275
75 285
76 90
76 97
76 114
76 115
76 146
76 191
76 223
76 231
76 256
77 168
77 176
78 91
78 137
78 155
78 159
78 164
78 173
78 183
78 222
78 252
78 270
78 299
79 117
79 122
79 163
79 167
79 191
79 202
79 223
79 228
79 231
79 253
79 274
80 134
80 160
80 164
80 265
81 125
81 227
81 285
81 298
82 135
82 190
82 193
82 214
82 244
82 267
82 276
82 292
83 103
83 153
83 160
84 104
84 108
84 121
85 105
85 131
85 152
85 237
85 268
85 281
85 298
85 299
86 120
86 168
86 221
86 268
86 275
86 281
87 98
87 102
87 106
87 128
87 185
87 202
87 207
87 216
87 232
87 254
87 267
87 288
88 120
88 137
88 138
88 250
88 252
89 107
89 113
89 150
89 171
89 174
89 202
89 205
89 261
89 287
90 149
90 154
90 169
91 110
91 171
91 190
91 192
91 196
91 203
91 267
91 274
91 276
91 294
92 148
92 154
92 166
92 200
92 242
92 298
93 97
93 126
93 140
93 190
93 226
93 240
93 247
93 248
93 273
93 279
94 164
94 187
95 104
95 125
95 138
95 242
96 129
96 148
96 173
96 251
97 108
97 155
97 169
97 236
97 270
97 285
98 129
98 133
98 245
99 123
99 262
99 270
99 285
100 245
100 281
101 123
101 187
102 104
102 131
102 134
102 138
102 183
102 199
103 109
103 111
103 127
103 140
103 170
103 210
103 230
103 257
103 282
104 119
104 132
104 178
104 198
104 201
104 208
104 209
104 272
104 294
105 112
105 163
105 182
105 201
105 235
105 247
105 269
105 284
105 296
106 271
107 142
107 162
107 176
107 189
108 139
108 144
108 175
108 179
108 210
108 241
108 259
108 295
109 125
109 134
109 142
109 153
109 168
109 169
109 200
109 250
109 265
109 286
110 152
110 155
110 236
110 245
110 285
111 121
111 159
111 183
111 245
112 133
112 134
112 151
112 153
112 154
112 156
112 160
112 176
112 183
112 227
113 123
113 155
113 289
114 129
114 154
115 125
115 218
116 212
116 227
117 131
117 176
117 221
118 133
118 212
118 258
118 270
118 281
118 289
118 291
119 129
119 149
119 156
119 199
119 236
119 275
119 289
120 144
120 150
120 163
120 167
120 208
120 216
120 248
120 280
120 283
121 194
121 198
121 205
121 209
121 215
121 217
121 243
121 244
121 257
121 279
121 280
122 131
122 162
122 187
122 199
122 237
123 144
123 170
123 172
123 184
123 198
123 207
123 214
123 249
123 260
124 176
124 199
124 236
124 245
124 281
125 132
125 143
125 158
125 217
125 240
125 256
126 138
126 237
126 265
126 270
127 137
127 141
127 151
127 160
127 176
127 286
127 291
127 299
128 129
128 151
128 156
128 222
128 242
128 250
128 251
128 289
128 291
129 186
129 192
129 204
129 210
129 238
129 293
130 183
130 270
130 286
130 298
130 299
131 157
131 188
131 197
131 247
131 261
131 272
131 278
131 293
131 296
132 183
132 258
132 285
133 172
133 188
133 190
133 205
133 213
133 223
133 238
133 247
134 146
134 177
134 179
134 190
134 192
134 197
134 202
134 223
134 226
134 232
134 266
135 153
135 159
135 160
135 164
135 250
136 151
136 218
136 298
137 147
137 172
137 190
137 204
137 224
137 261
137 273
138 150
138 181
138 190
138 197
138 205
138 224
138 232
138 280
139 236
139 271
140 159
140 289
141 165
141 201
141 235
141 240
141 241
141 244
141 276
141 280
141 290
141 293
142 143
142 205
142 209
142 231
142 235
142 253
142 259
142 260
142 276
142 287
143 151
143 156
143 164
143 166
143 218
143 291
143 299
144 154
144 189
144 236
144 285
144 289
144 291
145 156
145 199
145 212
145 222
145 298
146 227
147 236
147 237
148 178
148 184
148 185
148 193
148 205
148 217
148 225
148 228
148 243
149 170
149 186
149 195
149 196
149 210
149 215
149 234
149 235
149 243
149 254
149 259
149 288
150 156
150 236
150 250
151 185
151 196
151 206
151 211
151 272
152 174
152 177
152 195
152 196
152 204
152 216
152 272
152 276
152 295
153 178
153 180
153 185
153 207
153 224
153 232
153 239
153 247
153 277
154 188
154 193
154 233
154 235
154 241
154 292
154 297
155 167
155 184
155 214
155 216
155 254
155 256
155 294
156 165
156 172
156 198
156 201
156 205
156 272
156 277
157 159
157 166
157 200
157 242
157 268
158 187
158 212
158 218
158 252
158 258
159 207
159 226
159 254
159 295
160 177
160 205
160 211
160 238
160 254
160 257
160 263
160 282
161 162
161 173
161 189
161 212
162 171
162 180
162 190
162 214
162 226
162 235
162 257
162 284
163 173
163 187
163 237
164 180
164 195
164 198
164 214
164 228
164 267
164 284
165 262
165 298
166 177
166 195
166 203
166 216
166 231
166 235
166 254
166 257
166 292
166 293
167 200
167 251
167 285
168 177
168 203
168 204
168 228
168 243
168 253
168 287
168 296
169 172
169 179
169 184
169 213
169 217
169 235
169 284
169 288
170 199
170 218
170 245
170 275
171 221
171 242
171 258
171 270
172 252
173 206
173 219
173 225
173 260
173 269
173 274
173 279
174 252
175 286
176 182
176 214
176 230
176 280
176 283
177 222
177 286
178 218
178 251
179 187
179 242
179 251
180 271
181 183
181 250
181 262
181 275
182 242
182 251
182 299
183 191
183 276
183 279
183 295
183 297
184 187
184 227
184 268
184 270
184 271
184 289
185 189
185 212
185 221
185 245
185 286
186 242
187 193
187 214
187 220
187 225
187 229
187 261
187 290
188 250
189 191
189 193
189 207
189 210
189 256
189 274
189 276
189 280
190 218
190 286
192 268
192 275
193 212
194 218
194 299
195 200
196 222
197 250
197 262
197 281
198 271
198 285
199 203
199 232
199 241
199 264
199 267
199 283
200 204
200 206
200 220
200 233
200 235
200 239
200 287
201 222
201 262
202 218
204 245
205 222
205 237
205 265
205 271
205 275
205 291
208 250
211 250
211 286
212 273
212 282
213 252
213 298
214 251
214 281
215 227
215 237
215 250
217 222
218 246
218 256
218 297
220 252
221 223
221 232
221 247
221 255
221 283
221 294
221 295
222 233
222 254
222 263
223 245
223 289
224 258
225 242
226 252
226 258
226 291
227 240
227 272
227 283
227 293
228 258
228 299
229 251
230 242
230 245
231 268
231 299
232 281
232 291
233 262
233 275
234 236
235 250
235 268
235 289
236 239
236 256
236 272
236 290
237 243
237 249
237 277
237 284
237 288
238 242
238 262
238 265
238 270
238 286
239 286
240 245
240 285
240 299
242 292
243 265
244 265
245 247
246 250
246 268
246 271
247 252
248 258
248 262
248 271
249 252
249 270
249 291
250 273
251 279
252 253
252 254
252 278
252 297
253 275
255 262
255 281
255 291
255 298
256 281
257 286
258 261
258 263
258 282
258 283
258 288
259 281
260 298
262 279
264 275
265 269
265 277
265 284
268 288
268 295
269 281
269 285
269 289
271 292
272 285
273 289
273 298
274 289
275 278
278 299
279 285
282 285
286 293
287 299
289 296
289 297
291 295
