120 400
0 25
0 26
0 45
0 59
0 76
0 81
0 86
0 98
0 102
0 111
1 7
1 25
1 30
1 34
1 54
1 57
1 58
1 70
1 89
1 93
2 6
2 15
2 55
2 105
2 118
3 8
3 14
3 33
3 48
3 64
3 66
3 103
3 118
4 38
4 103
4 105
4 108
6 23
6 30
6 39
6 54
6 82
6 87
6 97
6 99
6 111
7 14
7 15
7 52
8 11
8 23
8 45
8 56
8 61
8 72
8 76
8 89
8 98
9 22
9 64
9 92
10 27
10 40
10 46
10 72
10 82
10 89
10 90
10 91
10 96
10 111
11 14
11 21
11 37
11 48
12 25
12 30
12 46
12 72
12 73
12 88
12 90
12 102
12 115
12 119
13 24
13 29
13 41
13 56
13 67
13 72
13 93
13 99
13 109
13 115
14 34
14 45
14 50
14 83
14 90
14 91
14 113
15 19
15 20
15 43
15 57
15 65
15 67
15 73
15 115
16 25
16 29
16 31
16 32
16 63
16 73
16 78
16 81
16 99
16 104
17 19
17 45
17 54
17 60
17 61
17 71
17 74
17 78
17 95
17 102
18 32
18 35
18 36
18 39
18 40
18 43
18 45
18 51
18 74
18 109
19 21
19 62
19 77
19 80
20 103
21 36
21 44
21 50
21 59
21 71
21 90
21 98
21 99
22 24
22 29
22 30
22 39
22 67
22 71
22 87
22 93
22 100
23 33
23 37
23 64
23 80
24 77
24 118
25 42
25 75
25 80
25 118
26 42
26 75
26 112
27 42
27 55
27 105
28 31
28 46
28 53
28 61
28 72
28 79
28 81
28 83
28 93
28 110
29 80
29 103
29 107
29 117
30 55
30 66
30 69
31 62
32 69
32 105
32 107
33 45
33 50
33 53
33 56
33 73
33 78
33 81
33 100
34 37
34 38
34 42
34 48
35 80
36 52
36 64
36 101
36 105
37 47
37 51
37 68
37 72
37 76
37 102
37 114
38 49
38 53
38 61
38 76
38 79
38 90
38 99
38 113
39 84
39 105
39 108
40 64
40 112
41 75
41 84
41 92
42 50
42 67
42 78
42 86
42 100
42 104
43 55
43 103
43 108
43 117
44 94
44 101
45 52
45 80
45 94
45 103
45 117
45 118
46 64
46 77
46 103
47 84
47 108
48 49
48 59
48 67
48 74
48 76
48 88
48 90
49 62
49 77
49 117
50 66
50 94
50 112
50 118
51 52
51 75
51 92
52 53
52 57
52 71
52 96
52 100
52 116
53 107
54 62
54 84
55 57
55 63
55 65
55 78
55 99
55 113
56 62
56 77
56 92
57 66
57 94
57 101
57 105
58 66
58 75
58 105
58 112
59 62
60 80
60 92
61 92
61 101
61 108
62 76
62 89
62 97
62 111
63 108
63 117
64 90
64 95
64 99
64 104
65 66
65 94
65 101
66 73
66 86
66 98
66 113
67 69
67 77
67 80
67 84
67 103
67 112
68 84
68 92
69 76
69 78
69 86
69 96
69 104
69 106
69 113
70 75
71 77
71 112
72 118
73 75
74 94
74 117
75 82
75 95
75 97
76 103
76 107
77 93
77 99
77 116
78 101
78 107
78 108
79 84
79 101
80 86
80 116
81 94
82 117
83 108
84 93
84 102
84 104
86 108
87 92
87 94
88 112
89 103
90 105
90 118
91 92
91 101
91 107
92 95
93 117
94 97
94 115
96 107
97 105
97 117
97 118
101 106
101 113
102 108
102 112
104 107
104 117
106 112
107 109
107 110
110 118
112 113
