300 2690
0 199
0 202
0 224
0 251
0 258
1 17
1 25
1 33
1 34
1 43
1 58
1 87
1 110
1 115
1 135
1 184
1 216
1 229
1 274
1 282
1 289
2 39
2 56
2 57
2 61
2 93
2 116
2 146
2 161
2 178
2 181
2 182
2 203
2 204
2 221
2 225
2 262
2 263
2 280
3 15
3 39
3 53
3 55
3 73
3 77
3 78
3 96
3 106
3 128
3 129
3 154
3 173
3 180
3 205
3 264
4 21
4 26
4 40
4 54
4 107
4 112
4 115
4 118
4 120
4 156
4 160
4 183
4 208
4 218
4 251
4 275
5 26
5 28
5 30
5 43
5 58
5 70
5 81
5 112
5 153
5 183
5 199
5 224
5 250
5 267
5 275
6 13
6 23
6 29
6 35
6 38
6 45
6 61
6 64
6 65
6 90
6 91
6 98
6 104
6 124
6 147
6 179
6 206
6 209
6 219
6 221
6 228
6 259
6 263
7 21
7 28
7 54
7 89
7 107
7 153
7 197
7 229
7 275
7 283
8 17
8 40
8 59
8 79
8 97
8 101
8 109
8 110
8 142
8 162
8 184
8 185
8 195
8 231
8 233
8 283
8 289
8 296
9 18
9 124
9 125
9 134
9 175
9 214
9 230
9 249
9 260
9 262
9 263
10 12
10 23
10 52
10 56
10 64
10 74
10 90
10 111
10 114
10 116
10 121
10 124
10 128
10 147
10 150
10 166
10 169
10 181
10 194
10 203
10 204
10 215
10 221
10 238
10 259
10 272
11 15
11 41
11 50
11 55
11 114
11 123
11 134
11 138
11 150
11 158
11 176
11 190
11 192
11 215
11 236
11 240
11 248
11 270
11 277
12 25
12 30
12 43
12 68
12 85
12 87
12 89
12 101
12 157
12 162
12 183
12 193
12 244
12 267
12 269
13 28
13 34
13 43
13 49
13 54
13 76
13 79
13 108
13 177
13 183
13 216
13 244
13 250
13 251
13 284
13 293
14 48
14 81
14 87
14 101
14 113
14 118
14 170
14 183
14 185
14 210
14 232
14 237
14 282
15 58
15 92
15 110
15 120
15 149
15 164
15 172
15 189
15 191
15 218
15 269
15 274
15 275
15 296
16 49
16 70
16 86
16 101
16 109
16 113
16 135
16 144
16 156
16 157
16 193
16 212
16 244
16 274
17 19
17 51
17 53
17 66
17 67
17 73
17 82
17 93
17 96
17 103
17 119
17 123
17 129
17 136
17 140
17 154
17 155
17 159
17 165
17 176
17 194
17 203
17 207
17 215
17 223
17 234
17 235
17 239
17 241
17 276
17 291
18 25
18 37
18 83
18 85
18 112
18 113
18 122
18 142
18 162
18 172
18 202
18 237
18 258
18 261
18 293
19 63
19 108
19 112
19 135
19 145
19 164
19 185
19 216
19 233
19 261
19 273
19 275
19 299
20 43
20 48
20 49
20 110
20 118
20 202
20 216
20 229
20 257
20 258
20 275
21 77
21 99
21 126
21 134
21 155
21 169
21 175
21 178
21 186
21 188
21 230
21 242
21 252
21 276
21 279
21 286
21 298
22 25
22 32
22 43
22 63
22 81
22 107
22 110
22 145
22 160
22 163
22 187
22 189
22 195
22 212
22 217
22 244
22 251
22 258
22 274
22 275
22 282
22 295
23 26
23 37
23 49
23 75
23 101
23 196
23 217
23 233
23 237
23 268
23 283
24 79
24 89
24 108
24 120
24 157
24 187
24 195
24 197
24 212
24 217
24 267
24 269
25 36
25 52
25 62
25 71
25 90
25 123
25 139
25 151
25 211
25 227
25 272
25 286
25 291
26 64
26 66
26 93
26 98
26 105
26 125
26 126
26 147
26 148
26 150
26 152
26 190
26 221
26 245
26 264
26 279
26 280
26 281
27 32
27 34
27 63
27 79
27 88
27 100
27 112
27 113
27 120
27 160
27 163
27 193
27 195
27 217
27 226
27 231
27 284
27 295
28 36
28 57
28 78
28 82
28 111
28 117
28 124
28 133
28 143
28 166
28 211
28 219
28 220
28 228
28 234
28 247
28 248
28 253
28 265
29 49
29 113
29 122
29 183
29 185
29 217
29 218
29 229
29 237
29 244
29 284
29 290
30 41
30 62
30 91
30 102
30 138
30 147
30 165
30 166
30 173
30 176
30 214
30 220
30 228
30 239
30 240
30 245
30 266
30 288
30 291
31 42
31 47
31 56
31 67
31 82
31 95
31 105
31 117
31 124
31 132
31 133
31 136
31 143
31 146
31 152
31 171
31 188
31 223
31 227
31 235
31 265
31 272
31 281
32 39
32 44
32 61
32 90
32 91
32 93
32 95
32 106
32 114
32 116
32 119
32 128
32 158
32 165
32 280
33 41
33 52
33 56
33 71
33 106
33 133
33 136
33 139
33 175
33 188
33 234
33 241
33 247
33 248
33 256
33 270
33 292
34 44
34 51
34 53
34 90
34 123
34 132
34 138
34 140
34 148
34 154
34 178
34 179
34 205
34 209
34 223
34 228
34 240
34 241
34 255
34 279
34 287
34 292
35 37
35 54
35 80
35 83
35 115
35 160
35 187
35 199
35 218
35 246
35 250
35 251
35 254
35 273
35 274
35 283
36 43
36 48
36 76
36 87
36 89
36 108
36 109
36 113
36 135
36 157
36 163
36 185
36 196
36 210
36 226
36 229
36 233
36 269
36 278
36 284
36 295
37 41
37 45
37 66
37 71
37 93
37 152
37 154
37 169
37 188
37 207
37 239
37 241
37 245
37 260
37 281
38 40
38 49
38 68
38 112
38 118
38 120
38 189
38 200
38 210
38 232
38 251
38 289
39 58
39 85
39 86
39 100
39 172
39 184
39 199
39 216
39 229
39 237
39 244
39 283
40 45
40 53
40 71
40 94
40 121
40 134
40 148
40 150
40 152
40 155
40 169
40 171
40 207
40 213
40 221
40 252
41 89
41 109
41 115
41 157
41 160
41 162
41 210
41 243
41 258
41 273
41 284
41 285
42 59
42 101
42 107
42 110
42 113
42 162
42 216
42 222
42 232
42 251
42 257
42 267
42 274
43 61
43 67
43 77
43 82
43 99
43 105
43 106
43 116
43 123
43 131
43 141
43 166
43 175
43 176
43 181
43 209
43 211
43 225
43 239
43 249
43 265
43 276
43 281
43 291
43 297
44 49
44 68
44 97
44 156
44 163
44 200
44 208
44 216
44 229
44 233
44 243
44 251
44 296
45 70
45 183
45 232
45 233
45 237
45 251
45 273
45 290
46 81
46 97
46 100
46 122
46 170
46 193
46 195
46 222
46 232
46 251
46 273
46 289
46 290
46 295
47 49
47 54
47 63
47 87
47 113
47 184
47 187
47 193
47 197
47 200
47 202
47 216
47 222
47 244
47 254
47 275
47 299
48 51
48 82
48 102
48 119
48 123
48 134
48 146
48 158
48 166
48 169
48 176
48 182
48 206
48 227
48 270
48 280
48 292
49 51
49 65
49 73
49 99
49 106
49 127
49 146
49 154
49 155
49 168
49 176
49 181
49 206
49 214
49 223
49 248
49 249
49 259
49 266
49 270
49 279
49 286
49 294
50 54
50 68
50 87
50 109
50 115
50 185
50 191
50 200
50 251
50 254
51 68
51 75
51 120
51 162
51 163
51 177
51 189
51 258
52 153
52 160
52 193
52 251
52 269
52 275
52 284
53 68
53 75
53 80
53 83
53 86
53 92
53 101
53 107
53 145
53 153
53 162
53 185
53 226
53 232
53 243
53 278
54 65
54 90
54 116
54 121
54 133
54 134
54 146
54 148
54 151
54 159
54 166
54 178
54 179
54 186
54 190
54 240
54 241
54 263
54 277
54 286
55 58
55 70
55 118
55 162
55 177
55 183
55 191
55 197
55 199
55 212
55 216
55 217
55 299
56 86
56 88
56 120
56 156
56 177
56 183
56 195
56 199
56 237
56 261
56 268
56 274
57 68
57 79
57 107
57 118
57 144
57 149
57 153
57 156
57 187
57 200
57 226
57 243
57 250
57 283
57 295
58 61
58 64
58 84
58 116
58 123
58 128
58 152
58 155
58 209
58 215
58 219
58 227
58 230
58 241
58 271
58 298
59 72
59 102
59 105
59 106
59 114
59 130
59 154
59 174
59 180
59 190
59 192
59 201
59 207
59 209
59 211
59 219
59 230
59 236
59 253
59 280
59 291
59 292
59 294
60 86
60 107
60 142
60 144
60 196
60 208
60 231
60 274
60 282
60 284
60 296
61 75
61 85
61 156
61 163
61 183
61 187
61 200
61 212
61 254
61 257
61 268
61 269
61 284
62 107
62 115
62 149
62 170
62 187
62 208
62 212
62 216
62 244
62 250
62 261
62 273
62 274
62 278
63 77
63 78
63 82
63 90
63 103
63 125
63 132
63 133
63 154
63 158
63 161
63 167
63 190
63 205
63 209
63 234
63 238
63 241
63 247
63 253
63 262
63 263
63 280
63 298
64 83
64 113
64 162
64 172
64 196
64 199
64 208
64 224
64 233
65 76
65 81
65 88
65 92
65 108
65 112
65 113
65 118
65 145
65 177
65 185
65 237
65 274
65 285
66 108
66 109
66 177
66 183
66 224
66 251
66 274
66 283
66 289
66 299
67 75
67 113
67 122
67 156
67 157
67 200
67 231
67 261
68 69
68 78
68 82
68 90
68 98
68 102
68 117
68 129
68 130
68 136
68 137
68 141
68 159
68 165
68 175
68 194
68 198
68 209
68 225
68 270
69 70
69 83
69 109
69 118
69 145
69 191
69 197
69 202
69 216
69 224
69 232
69 244
69 275
69 284
69 285
69 289
69 295
70 82
70 93
70 99
70 105
70 106
70 117
70 119
70 136
70 139
70 150
70 161
70 166
70 168
70 175
70 178
70 179
70 180
70 192
70 201
70 213
70 220
70 228
70 240
70 253
70 263
70 264
70 270
70 271
70 286
71 100
71 144
71 145
71 160
71 177
71 195
71 218
71 224
71 261
71 285
71 296
72 89
72 110
72 115
72 122
72 196
72 208
72 232
72 244
72 251
73 83
73 89
73 115
73 156
73 164
73 193
73 222
73 226
73 233
73 258
73 261
73 284
74 149
74 162
74 191
74 210
74 229
74 257
74 282
75 96
75 104
75 105
75 125
75 129
75 137
75 176
75 186
75 201
75 203
75 206
75 214
75 228
75 240
75 252
75 260
75 280
75 286
76 78
76 82
76 124
76 138
76 147
76 150
76 165
76 166
76 168
76 169
76 179
76 201
76 206
76 228
76 240
76 280
77 122
77 157
77 163
77 172
77 184
77 210
77 224
77 246
77 251
77 261
77 282
77 285
77 295
77 299
78 81
78 86
78 88
78 92
78 101
78 107
78 108
78 109
78 112
78 149
78 160
78 162
78 268
78 282
78 289
78 296
79 84
79 96
79 136
79 139
79 146
79 150
79 155
79 161
79 179
79 180
79 207
79 211
79 220
79 230
79 238
79 286
80 106
80 129
80 238
80 262
80 263
80 264
80 277
80 281
80 286
80 287
81 93
81 126
81 131
81 165
81 173
81 188
81 205
81 206
81 213
81 221
81 223
81 227
81 270
81 277
81 291
82 108
82 187
82 195
82 196
82 224
82 246
82 285
82 293
82 296
82 299
83 104
83 186
83 188
83 219
83 236
83 238
83 252
83 253
83 259
83 264
83 265
83 270
83 272
83 277
83 286
83 292
83 297
84 88
84 144
84 149
84 153
84 164
84 191
84 193
84 196
84 224
84 243
84 268
84 274
84 283
84 296
85 154
85 159
85 166
85 167
85 169
85 171
85 182
85 219
85 221
85 252
85 265
85 287
85 298
86 132
86 148
86 174
86 190
86 194
86 198
86 204
86 221
86 223
86 242
86 252
86 264
86 280
87 99
87 114
87 125
87 127
87 152
87 154
87 173
87 205
87 211
87 213
87 223
87 234
87 263
87 271
87 297
87 298
88 139
88 140
88 143
88 152
88 165
88 171
88 188
88 213
88 230
88 245
88 265
88 286
88 297
89 91
89 104
89 114
89 130
89 148
89 161
89 171
89 175
89 181
89 201
89 213
89 214
89 215
89 219
89 242
89 249
89 259
89 262
89 265
89 276
89 279
89 281
90 109
90 113
90 122
90 156
90 191
90 195
90 222
90 243
90 257
90 258
90 283
90 284
90 296
91 101
91 110
91 120
91 177
91 184
91 185
91 208
91 222
91 232
92 98
92 134
92 140
92 151
92 174
92 182
92 207
92 223
92 227
92 238
92 239
92 291
93 108
93 142
93 156
93 164
93 185
93 197
93 199
93 208
93 210
93 226
93 243
93 246
93 269
93 290
94 109
94 120
94 163
94 177
94 183
94 193
94 250
95 101
95 113
95 156
95 196
95 222
95 233
95 278
95 282
95 290
96 101
96 110
96 118
96 157
96 187
96 189
96 191
96 195
96 196
96 197
96 208
96 217
96 231
96 250
96 257
97 104
97 123
97 133
97 136
97 141
97 146
97 151
97 158
97 166
97 192
97 214
97 227
97 245
97 248
97 266
97 271
97 298
98 118
98 153
98 187
98 191
98 196
98 202
98 212
98 246
98 275
98 278
98 282
99 100
99 142
99 162
99 177
99 185
99 224
99 250
99 257
99 267
100 125
100 128
100 130
100 171
100 175
100 178
100 219
100 239
100 240
100 260
100 263
100 288
100 298
101 102
101 111
101 123
101 127
101 130
101 136
101 140
101 151
101 168
101 173
101 175
101 206
101 219
101 227
101 228
101 240
101 241
101 255
101 291
102 109
102 156
102 170
102 185
102 187
102 268
102 283
103 135
103 160
103 162
103 172
103 184
103 229
103 268
103 274
103 289
104 107
104 135
104 142
104 197
104 210
104 218
104 222
104 295
104 296
105 156
105 193
105 196
105 210
105 258
105 285
105 293
106 135
106 149
106 153
106 162
106 216
106 224
106 244
106 269
106 273
106 275
106 295
106 296
107 125
107 128
107 134
107 137
107 148
107 151
107 165
107 169
107 176
107 198
107 205
107 213
107 214
107 215
107 236
107 238
107 256
107 264
107 291
107 294
108 125
108 175
108 182
108 213
108 219
108 234
108 262
108 264
109 117
109 125
109 139
109 146
109 198
109 204
109 206
109 207
109 245
109 247
109 259
109 262
109 264
109 272
109 279
110 154
110 175
110 213
110 214
110 221
110 236
110 239
110 240
110 249
110 259
110 272
110 276
110 277
110 286
110 297
111 170
111 222
111 246
111 278
111 284
111 285
111 296
112 137
112 138
112 140
112 147
112 148
112 175
112 176
112 181
112 186
112 223
112 234
112 238
112 239
112 248
112 262
112 263
112 265
113 121
113 127
113 130
113 134
113 136
113 154
113 161
113 169
113 203
113 206
113 221
113 242
113 271
113 272
113 298
114 163
114 184
114 187
114 200
114 232
114 237
114 282
114 285
115 119
115 126
115 134
115 140
115 168
115 174
115 209
115 219
115 255
115 279
116 187
116 195
116 202
116 208
116 224
116 258
116 267
117 145
117 162
117 183
117 191
117 193
117 212
117 217
117 222
117 243
117 268
117 274
118 119
118 123
118 130
118 148
118 169
118 198
118 253
118 265
119 142
119 149
119 164
119 184
119 200
119 217
119 218
119 222
119 250
119 267
120 123
120 129
120 139
120 143
120 150
120 173
120 207
120 262
120 263
120 271
120 272
120 281
121 157
121 193
121 196
121 197
121 217
121 218
121 226
121 229
121 258
121 295
121 296
121 299
122 131
122 148
122 151
122 168
122 171
122 174
122 176
122 180
122 186
122 192
122 207
122 242
122 245
122 259
122 262
122 264
122 272
122 287
123 162
123 229
123 269
123 278
123 282
124 135
124 187
124 199
124 200
124 210
124 212
124 267
124 293
125 145
125 162
125 164
125 196
125 216
125 224
125 251
125 254
125 267
125 285
125 290
125 295
125 296
126 157
126 177
126 208
126 210
126 224
126 226
126 232
126 246
126 257
126 274
127 156
127 163
127 199
127 212
127 273
127 284
127 296
128 145
128 149
128 153
128 191
128 200
128 210
128 233
128 237
128 278
128 283
128 289
129 142
129 153
129 162
129 163
129 170
129 177
129 193
129 197
129 200
129 257
129 268
129 299
130 170
130 191
130 226
130 283
130 296
131 144
131 153
131 164
131 187
131 196
131 231
131 243
131 261
131 275
132 162
132 177
132 184
132 200
132 202
132 216
132 231
132 244
133 145
133 163
133 172
133 196
133 208
133 222
133 237
133 251
133 258
133 274
133 283
133 290
134 145
134 153
134 163
134 200
134 216
134 224
134 246
134 254
134 258
134 269
134 290
134 293
134 295
135 154
135 181
135 228
135 266
135 276
136 185
136 187
136 197
136 202
136 222
136 226
136 250
136 254
136 269
137 177
137 183
137 191
137 216
137 224
137 250
137 273
137 296
138 153
138 160
138 162
138 187
138 244
138 246
138 258
138 268
138 274
139 157
139 200
139 231
139 251
139 275
139 289
140 160
140 170
140 191
140 229
141 144
141 193
141 197
141 273
141 290
142 159
142 206
142 209
142 245
142 248
142 277
142 280
143 184
143 195
143 222
143 237
143 282
143 285
143 290
143 299
144 151
144 154
144 159
144 169
144 171
144 174
144 180
144 204
144 220
144 247
144 248
144 262
144 297
145 150
145 159
145 166
145 182
145 190
145 214
145 219
145 291
146 162
146 210
146 237
146 251
146 254
146 267
146 278
146 285
146 296
147 184
147 191
147 197
147 199
147 232
147 257
147 268
147 285
148 156
148 160
148 172
148 216
148 231
148 237
148 261
148 269
148 273
148 274
149 150
149 158
149 166
149 178
149 188
149 206
149 213
149 230
149 236
149 256
149 277
149 286
149 287
149 291
150 164
150 170
150 226
150 261
150 278
151 184
151 189
151 195
151 202
151 226
151 232
151 237
151 250
151 258
151 299
152 162
152 237
152 244
152 258
152 284
153 167
153 168
153 169
153 188
153 205
153 207
153 211
153 215
153 221
153 240
153 260
153 264
153 277
154 157
154 183
154 212
154 216
154 218
154 222
154 237
154 267
154 273
154 282
155 172
155 189
155 193
155 202
155 212
155 232
155 267
155 268
156 167
156 169
156 182
156 194
156 204
156 214
156 253
156 272
156 280
156 281
156 297
157 161
157 166
157 169
157 173
157 175
157 179
157 181
157 192
157 207
157 235
157 255
157 265
157 292
158 275
158 289
158 295
158 299
159 160
159 177
159 193
159 199
159 200
159 218
159 243
159 261
159 285
159 293
159 296
160 176
160 178
160 181
160 182
160 228
160 236
160 238
160 245
160 262
160 264
161 163
161 195
161 200
161 295
162 165
162 168
162 171
162 176
162 181
162 198
162 207
162 252
162 256
162 276
162 277
162 279
162 280
162 288
163 166
163 173
163 186
163 192
163 277
163 286
164 168
164 198
164 221
164 234
164 263
164 279
165 183
165 187
165 191
165 202
165 246
165 258
165 269
165 282
165 283
166 170
166 197
166 200
166 212
166 218
166 246
166 254
166 261
167 170
167 183
167 200
167 202
167 216
167 231
167 232
167 243
167 273
167 293
168 177
168 184
168 187
168 202
168 232
168 237
168 250
168 251
168 278
169 170
169 187
169 195
169 197
169 216
169 237
169 269
169 285
170 180
170 181
170 194
170 203
170 204
170 214
170 228
170 236
170 238
170 249
170 252
170 260
170 272
171 244
171 257
172 176
172 178
172 192
172 203
172 206
172 214
172 235
172 240
172 259
172 262
172 277
172 279
172 288
172 294
173 185
173 200
173 210
173 218
173 222
173 278
173 284
173 285
174 183
174 193
174 200
174 233
174 254
174 267
174 274
174 275
174 285
174 299
175 200
175 212
175 216
175 229
175 231
175 250
175 273
175 289
176 183
176 191
176 193
176 202
176 243
176 244
176 250
176 290
177 178
177 180
177 188
177 204
177 206
177 213
177 225
177 228
177 241
177 266
177 281
177 298
178 187
178 208
178 224
178 250
178 290
178 295
179 184
179 197
179 229
180 199
180 210
180 222
180 231
180 244
180 261
180 269
180 274
180 275
181 187
181 189
181 193
181 200
181 217
181 274
181 295
181 296
182 261
182 275
182 299
183 190
183 194
183 221
183 262
183 276
184 205
184 206
184 213
184 214
184 234
184 238
184 247
184 249
184 264
184 277
185 186
185 198
185 211
185 213
185 220
185 239
185 259
185 291
185 294
186 189
186 196
186 210
186 296
187 194
187 198
187 211
187 234
187 260
187 271
187 281
187 287
187 294
188 200
188 208
188 232
188 243
188 257
188 285
188 293
188 296
189 221
189 234
189 249
189 272
189 291
189 294
189 297
190 199
190 217
190 226
190 237
190 246
190 251
190 273
190 274
190 290
191 204
191 209
191 220
191 227
191 238
191 249
191 252
191 262
191 266
191 271
192 202
192 210
192 217
192 232
192 289
192 293
193 215
193 225
193 230
193 256
193 263
193 271
193 280
194 196
194 226
194 282
194 283
195 203
195 223
195 228
195 252
195 253
195 286
195 298
196 204
196 221
196 240
196 249
196 252
196 271
196 277
197 221
197 228
197 240
197 241
198 217
198 226
198 244
198 251
198 269
198 274
198 283
198 285
199 223
199 236
199 241
199 242
199 256
199 270
199 298
200 252
200 277
201 229
201 232
201 243
201 250
201 289
201 299
202 259
202 263
202 271
202 292
203 212
203 243
203 246
203 250
203 274
204 243
204 261
204 267
204 295
205 222
205 226
205 250
205 251
205 269
205 295
205 296
206 208
206 218
206 226
206 269
207 216
207 237
207 257
207 290
207 293
208 211
208 215
208 234
208 241
208 264
209 224
209 226
209 231
209 237
209 243
209 251
209 269
209 275
209 285
209 299
210 221
210 238
210 245
210 277
210 286
210 298
212 215
212 234
212 238
212 245
212 266
212 272
213 217
213 222
213 284
213 290
213 295
213 296
214 224
214 267
214 282
214 283
215 251
215 267
215 283
215 296
216 225
216 247
217 219
217 225
217 264
217 265
217 271
217 294
217 297
218 241
218 271
218 281
218 287
218 294
219 233
219 274
220 222
220 246
220 261
220 274
220 283
220 299
221 237
221 251
221 268
221 278
221 282
221 284
222 228
222 234
222 247
222 262
222 263
222 276
222 288
222 294
223 232
223 268
223 278
223 284
223 289
223 296
224 255
224 277
224 281
224 294
225 232
225 237
225 251
225 278
226 228
226 245
226 253
226 288
226 291
227 243
227 251
227 261
228 243
228 246
228 258
229 235
229 247
229 249
229 279
230 233
230 257
231 234
231 242
231 256
231 263
231 277
231 292
231 298
232 264
232 280
232 291
232 297
233 265
233 270
233 272
234 258
234 290
234 299
235 268
235 273
235 274
235 282
236 243
236 274
236 278
237 238
237 240
237 241
237 247
237 255
237 277
237 280
237 297
239 254
239 258
239 289
240 243
240 250
240 258
240 282
241 244
241 261
241 274
241 278
241 285
242 254
242 257
242 299
243 270
243 291
244 245
244 266
244 279
244 280
244 286
244 287
245 254
245 284
246 262
246 263
246 266
246 298
247 293
247 299
249 261
249 267
249 273
249 274
249 296
251 255
251 287
252 254
252 267
252 274
253 258
253 261
253 274
253 283
253 295
254 260
254 262
254 264
254 265
254 271
254 294
255 267
255 269
256 257
256 261
256 268
256 273
256 290
257 260
257 272
257 280
257 291
258 260
258 265
258 272
258 281
258 287
258 291
258 298
259 293
259 295
260 261
261 262
261 272
261 286
261 292
262 282
262 293
263 268
263 283
264 267
264 278
265 267
265 278
266 283
267 287
267 297
268 271
268 277
270 273
270 274
270 278
270 290
271 283
272 282
273 298
276 285
277 282
277 289
277 295
278 281
278 287
278 288
281 283
282 286
284 288
285 292
286 293
288 290
288 293
288 295
289 298
290 294
290 297
