300 7609
0 2
0 16
0 23
0 25
0 31
0 38
0 40
0 41
0 45
0 58
0 63
0 67
0 71
0 77
0 78
0 82
0 85
0 89
0 95
0 97
0 100
0 107
0 109
0 110
0 115
0 118
0 121
0 123
0 128
0 140
0 141
0 143
0 149
0 157
0 164
0 166
0 167
0 175
0 176
0 183
0 184
0 195
0 205
0 206
0 210
0 222
0 226
0 233
0 239
0 242
0 246
0 261
0 270
0 271
0 279
0 284
0 291
0 299
1 13
1 15
1 17
1 18
1 19
1 22
1 26
1 32
1 33
1 36
1 41
1 45
1 49
1 53
1 56
1 62
1 63
1 69
1 72
1 77
1 78
1 81
1 83
1 85
1 96
1 100
1 106
1 109
1 111
1 124
1 130
1 140
1 141
1 149
1 151
1 157
1 162
1 164
1 166
1 170
1 174
1 177
1 178
1 191
1 193
1 200
1 201
1 205
1 210
1 211
1 216
1 225
1 227
1 239
1 242
1 244
1 246
1 249
1 250
1 261
1 265
1 273
1 290
2 12
2 37
2 48
2 52
2 55
2 59
2 60
2 79
2 87
2 92
2 119
2 129
2 131
2 133
2 139
2 144
2 153
2 154
2 161
2 181
2 182
2 198
2 203
2 223
2 231
2 245
2 255
2 257
2 258
2 260
2 272
2 281
2 283
2 285
2 297
2 298
3 12
3 21
3 28
3 44
3 47
3 59
3 79
3 104
3 108
3 119
3 122
3 131
3 139
3 150
3 154
3 173
3 185
3 199
3 207
3 212
3 228
3 241
3 255
3 256
3 257
3 259
3 262
3 266
3 274
3 280
3 282
3 296
4 15
4 17
4 18
4 24
4 26
4 27
4 32
4 33
4 38
4 39
4 45
4 46
4 51
4 67
4 68
4 73
4 81
4 83
4 98
4 100
4 107
4 110
4 111
4 112
4 120
4 124
4 125
4 140
4 142
4 143
4 159
4 160
4 166
4 170
4 176
4 178
4 180
4 183
4 188
4 189
4 193
4 200
4 204
4 210
4 218
4 224
4 246
4 249
4 264
4 268
4 270
4 277
4 278
4 288
4 289
4 292
4 293
5 8
5 11
5 13
5 18
5 23
5 24
5 33
5 40
5 45
5 46
5 53
5 54
5 58
5 67
5 72
5 73
5 75
5 77
5 81
5 83
5 84
5 86
5 88
5 97
5 103
5 106
5 109
5 110
5 112
5 115
5 117
5 118
5 120
5 125
5 126
5 134
5 136
5 137
5 145
5 147
5 149
5 152
5 157
5 159
5 170
5 183
5 187
5 189
5 192
5 200
5 206
5 216
5 218
5 219
5 221
5 222
5 224
5 226
5 234
5 244
5 250
5 265
5 270
5 271
5 273
5 277
5 293
6 14
6 17
6 18
6 22
6 23
6 26
6 32
6 33
6 38
6 40
6 41
6 45
6 54
6 58
6 63
6 64
6 67
6 69
6 75
6 77
6 82
6 84
6 85
6 89
6 90
6 98
6 102
6 109
6 123
6 124
6 125
6 130
6 134
6 140
6 141
6 145
6 147
6 159
6 160
6 168
6 170
6 176
6 183
6 184
6 188
6 189
6 195
6 206
6 213
6 219
6 220
6 222
6 224
6 239
6 242
6 267
6 268
6 271
6 273
6 275
6 278
6 287
6 299
7 8
7 16
7 22
7 23
7 26
7 27
7 32
7 33
7 38
7 40
7 41
7 45
7 53
7 66
7 76
7 78
7 88
7 90
7 95
7 97
7 100
7 102
7 103
7 110
7 111
7 112
7 121
7 126
7 134
7 137
7 142
7 143
7 149
7 156
7 162
7 164
7 166
7 168
7 178
7 179
7 184
7 188
7 189
7 192
7 193
7 205
7 206
7 210
7 216
7 224
7 225
7 234
7 250
7 263
7 265
7 273
7 289
7 294
7 295
8 12
8 20
8 29
8 37
8 44
8 47
8 48
8 52
8 65
8 70
8 79
8 87
8 92
8 99
8 108
8 116
8 122
8 133
8 138
8 148
8 150
8 158
8 169
8 171
8 185
8 196
8 197
8 199
8 203
8 207
8 223
8 228
8 229
8 230
8 232
8 240
8 241
8 243
8 245
8 247
8 252
8 255
8 257
8 262
8 269
8 272
8 276
8 296
8 297
9 14
9 19
9 22
9 32
9 34
9 40
9 41
9 45
9 46
9 49
9 51
9 54
9 61
9 62
9 63
9 69
9 72
9 76
9 84
9 90
9 96
9 102
9 103
9 112
9 113
9 115
9 117
9 136
9 142
9 149
9 175
9 179
9 183
9 187
9 192
9 209
9 216
9 224
9 226
9 227
9 242
9 244
9 246
9 248
9 263
9 270
9 273
9 275
9 277
9 278
9 279
9 287
9 288
9 289
9 293
9 299
10 13
10 16
10 17
10 19
10 24
10 27
10 30
10 32
10 38
10 40
10 41
10 53
10 56
10 58
10 62
10 63
10 64
10 67
10 71
10 72
10 73
10 76
10 81
10 82
10 85
10 86
10 90
10 97
10 98
10 103
10 109
10 111
10 113
10 115
10 117
10 120
10 121
10 125
10 126
10 140
10 143
10 146
10 149
10 151
10 157
10 160
10 164
10 166
10 178
10 183
10 205
10 206
10 209
10 214
10 219
10 221
10 225
10 227
10 233
10 242
10 244
10 246
10 248
10 249
10 250
10 267
10 273
10 277
10 278
10 279
10 292
11 12
11 28
11 29
11 37
11 42
11 43
11 52
11 74
11 79
11 105
11 122
11 132
11 133
11 135
11 138
11 144
11 148
11 158
11 161
11 173
11 190
11 196
11 198
11 212
11 215
11 230
11 232
11 236
11 238
11 243
11 251
11 252
11 253
11 254
11 255
11 258
11 262
11 266
11 269
11 276
11 281
11 283
11 298
12 14
12 22
12 23
12 24
12 30
12 40
12 41
12 49
12 51
12 56
12 58
12 62
12 64
12 67
12 71
12 72
12 73
12 75
12 86
12 90
12 96
12 97
12 107
12 109
12 117
12 120
12 126
12 130
12 140
12 141
12 142
12 145
12 146
12 151
12 157
12 160
12 164
12 175
12 184
12 186
12 188
12 200
12 204
12 210
12 216
12 222
12 234
12 237
12 246
12 249
12 261
12 268
12 271
12 273
12 278
12 284
12 289
12 294
12 295
13 21
13 29
13 43
13 55
13 70
13 74
13 93
13 94
13 99
13 104
13 114
13 116
13 133
13 135
13 155
13 161
13 163
13 171
13 181
13 182
13 190
13 194
13 196
13 202
13 207
13 208
13 215
13 231
13 232
13 238
13 243
13 247
13 259
13 260
13 262
13 266
13 272
13 280
13 283
13 285
13 286
14 20
14 28
14 29
14 37
14 52
14 55
14 59
14 60
14 80
14 93
14 105
14 114
14 116
14 135
14 155
14 158
14 161
14 163
14 169
14 172
14 173
14 194
14 199
14 203
14 208
14 212
14 231
14 232
14 240
14 247
14 253
14 254
14 255
14 257
14 259
14 266
14 285
15 28
15 29
15 43
15 52
15 65
15 79
15 91
15 94
15 101
15 105
15 108
15 119
15 127
15 158
15 163
15 169
15 173
15 194
15 196
15 197
15 198
15 207
15 212
15 235
15 236
15 240
15 251
15 252
15 253
15 255
15 258
15 262
15 269
15 272
15 282
15 283
15 286
15 297
16 28
16 29
16 35
16 37
16 44
16 55
16 59
16 79
16 92
16 93
16 114
16 116
16 122
16 127
16 132
16 138
16 139
16 144
16 153
16 155
16 161
16 173
16 182
16 185
16 202
16 207
16 208
16 229
16 231
16 247
16 251
16 252
16 253
16 254
16 255
16 258
16 272
16 282
16 283
16 285
16 286
16 296
16 297
16 298
17 43
17 47
17 48
17 52
17 79
17 80
17 87
17 93
17 101
17 116
17 139
17 161
17 163
17 185
17 199
17 207
17 208
17 212
17 229
17 236
17 253
17 254
17 257
17 262
17 269
17 272
17 296
17 297
17 298
18 21
18 29
18 35
18 50
18 52
18 60
18 70
18 87
18 91
18 92
18 94
18 105
18 114
18 116
18 122
18 127
18 131
18 135
18 144
18 158
18 172
18 185
18 194
18 196
18 203
18 207
18 228
18 229
18 230
18 235
18 238
18 240
18 251
18 255
18 256
18 257
18 283
18 285
18 286
18 297
19 29
19 44
19 50
19 52
19 59
19 70
19 74
19 79
19 94
19 101
19 114
19 119
19 122
19 135
19 139
19 144
19 148
19 150
19 155
19 158
19 161
19 163
19 171
19 172
19 182
19 231
19 232
19 238
19 247
19 251
19 254
19 256
19 259
19 260
19 266
19 280
19 281
19 286
19 298
20 27
20 30
20 32
20 33
20 34
20 36
20 39
20 49
20 61
20 62
20 63
20 69
20 72
20 81
20 84
20 89
20 90
20 100
20 117
20 126
20 128
20 145
20 146
20 152
20 157
20 159
20 167
20 168
20 174
20 176
20 177
20 180
20 184
20 187
20 189
20 191
20 193
20 195
20 204
20 209
20 213
20 214
20 216
20 220
20 222
20 224
20 225
20 239
20 242
20 248
20 250
20 261
20 263
20 265
20 267
20 268
20 275
20 278
20 279
20 287
20 288
20 290
20 291
20 292
20 295
21 25
21 27
21 32
21 36
21 54
21 61
21 64
21 66
21 67
21 69
21 75
21 81
21 90
21 95
21 96
21 97
21 100
21 102
21 107
21 113
21 118
21 124
21 126
21 130
21 136
21 137
21 145
21 147
21 156
21 164
21 165
21 170
21 178
21 179
21 186
21 187
21 192
21 201
21 210
21 211
21 218
21 219
21 220
21 221
21 222
21 224
21 233
21 248
21 249
21 268
21 279
21 290
21 292
21 295
22 35
22 37
22 43
22 44
22 70
22 79
22 80
22 87
22 93
22 99
22 101
22 104
22 105
22 108
22 116
22 122
22 131
22 138
22 150
22 158
22 161
22 171
22 173
22 181
22 182
22 185
22 197
22 198
22 203
22 207
22 208
22 212
22 215
22 229
22 235
22 236
22 240
22 241
22 245
22 247
22 251
22 254
22 255
22 258
22 260
22 266
22 269
22 274
22 276
22 280
22 285
22 296
23 28
23 29
23 35
23 60
23 74
23 79
23 92
23 101
23 108
23 119
23 127
23 131
23 138
23 144
23 148
23 150
23 161
23 163
23 172
23 173
23 181
23 190
23 194
23 196
23 199
23 208
23 230
23 231
23 235
23 240
23 254
23 258
23 260
23 262
23 269
23 274
23 282
23 285
23 297
23 298
24 28
24 29
24 44
24 48
24 52
24 74
24 79
24 80
24 91
24 99
24 108
24 116
24 119
24 122
24 131
24 135
24 153
24 158
24 163
24 171
24 172
24 173
24 181
24 182
24 185
24 197
24 199
24 207
24 208
24 223
24 228
24 229
24 230
24 236
24 240
24 247
24 254
24 255
24 257
24 258
24 259
24 269
24 276
24 281
24 298
25 29
25 35
25 47
25 55
25 60
25 65
25 70
25 74
25 79
25 91
25 104
25 105
25 129
25 133
25 169
25 171
25 172
25 181
25 182
25 202
25 203
25 231
25 235
25 238
25 241
25 251
25 255
25 258
25 259
25 262
25 269
25 283
25 296
25 298
26 44
26 48
26 50
26 55
26 60
26 65
26 70
26 74
26 79
26 80
26 92
26 94
26 99
26 116
26 119
26 127
26 129
26 133
26 150
26 153
26 154
26 163
26 172
26 181
26 185
26 208
26 223
26 228
26 229
26 236
26 238
26 252
26 253
26 254
26 269
26 280
26 285
26 286
26 296
27 28
27 37
27 47
27 48
27 74
27 79
27 104
27 105
27 114
27 116
27 119
27 127
27 129
27 131
27 139
27 150
27 153
27 158
27 163
27 172
27 173
27 181
27 190
27 196
27 199
27 203
27 236
27 241
27 243
27 251
27 253
27 266
27 269
27 274
27 281
27 283
27 298
28 33
28 34
28 38
28 39
28 40
28 49
28 57
28 58
28 61
28 67
28 69
28 76
28 84
28 85
28 90
28 109
28 110
28 112
28 113
28 123
28 124
28 128
28 130
28 141
28 146
28 147
28 152
28 162
28 164
28 165
28 167
28 174
28 177
28 178
28 179
28 192
28 211
28 218
28 220
28 221
28 225
28 233
28 234
28 239
28 248
28 263
28 264
28 267
28 270
28 278
28 284
28 288
28 299
29 30
29 34
29 36
29 40
29 49
29 57
29 58
29 64
29 71
29 73
29 83
29 84
29 88
29 90
29 100
29 103
29 115
29 128
29 136
29 141
29 145
29 151
29 162
29 165
29 166
29 167
29 174
29 175
29 179
29 189
29 195
29 209
29 220
29 221
29 222
29 237
29 244
29 248
29 249
29 250
29 263
29 264
29 265
29 273
29 275
29 277
29 278
29 284
29 289
29 290
29 299
30 52
30 59
30 60
30 79
30 80
30 92
30 94
30 99
30 101
30 131
30 138
30 169
30 173
30 182
30 190
30 196
30 202
30 215
30 228
30 230
30 238
30 240
30 241
30 253
30 256
30 257
30 266
30 296
30 298
31 42
31 44
31 48
31 50
31 59
31 70
31 80
31 87
31 99
31 129
31 131
31 133
31 135
31 138
31 150
31 161
31 163
31 172
31 182
31 185
31 197
31 202
31 232
31 240
31 251
31 253
31 254
31 255
31 256
31 257
31 260
31 262
31 266
31 274
31 286
31 296
32 35
32 42
32 47
32 50
32 52
32 59
32 65
32 70
32 87
32 91
32 94
32 101
32 116
32 119
32 132
32 139
32 144
32 148
32 150
32 153
32 154
32 171
32 172
32 173
32 181
32 203
32 207
32 228
32 231
32 236
32 238
32 240
32 241
32 252
32 253
32 254
32 255
32 257
32 260
32 266
32 269
32 276
33 43
33 44
33 48
33 65
33 74
33 87
33 92
33 94
33 105
33 119
33 131
33 133
33 150
33 153
33 158
33 163
33 169
33 181
33 198
33 202
33 207
33 212
33 228
33 231
33 236
33 238
33 243
33 245
33 254
33 255
33 256
33 269
33 272
33 276
33 281
33 283
33 285
33 296
34 43
34 44
34 47
34 48
34 55
34 87
34 91
34 94
34 101
34 104
34 108
34 119
34 122
34 131
34 139
34 144
34 161
34 172
34 185
34 190
34 194
34 202
34 207
34 208
34 217
34 228
34 229
34 235
34 245
34 253
34 255
34 260
34 262
34 269
34 276
34 285
34 297
35 38
35 41
35 46
35 49
35 51
35 54
35 57
35 58
35 62
35 63
35 64
35 66
35 67
35 68
35 71
35 72
35 75
35 76
35 78
35 82
35 84
35 89
35 95
35 96
35 97
35 106
35 110
35 112
35 113
35 115
35 125
35 126
35 128
35 130
35 140
35 142
35 145
35 149
35 151
35 156
35 157
35 159
35 162
35 166
35 174
35 177
35 183
35 193
35 201
35 210
35 218
35 219
35 220
35 222
35 224
35 225
35 227
35 261
35 263
35 267
35 270
35 273
35 277
35 278
35 284
35 290
35 292
36 42
36 44
36 47
36 52
36 74
36 87
36 92
36 104
36 105
36 108
36 114
36 116
36 133
36 138
36 148
36 153
36 163
36 169
36 171
36 172
36 173
36 197
36 207
36 215
36 229
36 240
36 245
36 251
36 252
36 256
36 262
36 280
36 281
36 296
36 297
36 298
37 38
37 41
37 53
37 54
37 58
37 62
37 64
37 68
37 69
37 73
37 76
37 78
37 83
37 84
37 89
37 95
37 98
37 103
37 106
37 109
37 113
37 121
37 123
37 124
37 128
37 134
37 137
37 141
37 143
37 145
37 151
37 152
37 157
37 167
37 170
37 174
37 186
37 192
37 195
37 201
37 210
37 211
37 214
37 219
37 221
37 233
37 244
37 246
37 265
37 267
37 268
37 270
37 275
37 287
37 289
37 295
37 299
38 42
38 48
38 50
38 52
38 60
38 79
38 94
38 104
38 114
38 116
38 122
38 127
38 131
38 148
38 154
38 161
38 169
38 171
38 173
38 181
38 182
38 194
38 198
38 223
38 230
38 243
38 245
38 247
38 251
38 253
38 255
38 256
38 262
38 269
38 276
38 282
38 285
38 286
38 297
39 42
39 43
39 59
39 74
39 87
39 92
39 93
39 114
39 119
39 122
39 132
39 139
39 144
39 148
39 150
39 155
39 161
39 163
39 181
39 182
39 190
39 197
39 202
39 207
39 208
39 212
39 230
39 232
39 235
39 236
39 243
39 256
39 257
39 258
39 260
39 276
39 280
39 285
39 296
40 48
40 59
40 60
40 70
40 91
40 92
40 94
40 108
40 122
40 127
40 154
40 158
40 173
40 182
40 190
40 194
40 196
40 203
40 217
40 223
40 232
40 235
40 240
40 252
40 253
40 255
40 257
40 259
40 276
40 285
40 286
40 298
41 42
41 44
41 50
41 55
41 59
41 65
41 91
41 92
41 93
41 94
41 101
41 119
41 129
41 135
41 148
41 150
41 155
41 163
41 169
41 185
41 194
41 198
41 207
41 215
41 217
41 228
41 240
41 241
41 245
41 260
41 266
41 276
41 281
41 283
41 285
41 286
41 298
42 56
42 61
42 63
42 64
42 67
42 68
42 71
42 82
42 84
42 86
42 90
42 96
42 97
42 98
42 107
42 121
42 124
42 125
42 126
42 130
42 137
42 141
42 143
42 145
42 157
42 160
42 162
42 166
42 168
42 178
42 179
42 184
42 189
42 192
42 193
42 221
42 233
42 234
42 248
42 249
42 265
42 267
42 268
42 271
42 273
42 278
42 279
42 284
42 289
42 292
42 294
43 46
43 49
43 56
43 58
43 66
43 69
43 76
43 77
43 81
43 89
43 100
43 106
43 107
43 112
43 121
43 125
43 128
43 130
43 136
43 137
43 176
43 177
43 179
43 183
43 195
43 201
43 205
43 211
43 214
43 216
43 221
43 225
43 234
43 237
43 239
43 244
43 246
43 248
43 249
43 261
43 264
43 271
43 278
43 279
43 295
43 299
44 49
44 53
44 54
44 56
44 67
44 68
44 84
44 88
44 90
44 100
44 103
44 111
44 115
44 118
44 123
44 126
44 141
44 145
44 149
44 151
44 156
44 157
44 159
44 160
44 167
44 170
44 177
44 180
44 183
44 189
44 200
44 210
44 213
44 219
44 220
44 222
44 225
44 233
44 237
44 242
44 261
44 265
44 270
44 271
44 277
44 279
44 288
44 290
45 50
45 60
45 70
45 74
45 79
45 80
45 119
45 122
45 129
45 132
45 135
45 138
45 144
45 153
45 158
45 181
45 182
45 197
45 198
45 207
45 215
45 217
45 223
45 229
45 231
45 232
45 238
45 243
45 252
45 254
45 256
45 259
45 262
45 266
45 272
45 276
45 281
45 282
45 285
46 47
46 48
46 50
46 93
46 104
46 105
46 108
46 127
46 129
46 132
46 150
46 154
46 161
46 163
46 173
46 190
46 194
46 207
46 212
46 215
46 228
46 229
46 230
46 232
46 235
46 240
46 241
46 252
46 253
46 255
46 259
46 276
46 280
46 282
46 285
46 296
46 298
47 54
47 58
47 61
47 63
47 64
47 66
47 67
47 69
47 71
47 72
47 76
47 78
47 81
47 82
47 89
47 97
47 102
47 106
47 110
47 111
47 112
47 113
47 118
47 123
47 128
47 140
47 142
47 156
47 164
47 175
47 178
47 189
47 195
47 209
47 210
47 213
47 214
47 221
47 222
47 224
47 234
47 237
47 246
47 248
47 263
47 270
47 271
47 275
47 278
47 288
47 289
47 290
47 292
47 295
48 53
48 56
48 62
48 63
48 81
48 82
48 84
48 96
48 100
48 111
48 115
48 117
48 141
48 142
48 143
48 149
48 151
48 156
48 157
48 160
48 164
48 168
48 170
48 174
48 177
48 180
48 184
48 189
48 192
48 201
48 204
48 210
48 211
48 213
48 216
48 218
48 226
48 233
48 234
48 239
48 246
48 263
48 267
48 268
48 275
48 278
48 284
48 293
48 295
49 55
49 59
49 60
49 80
49 94
49 104
49 114
49 122
49 131
49 144
49 150
49 161
49 163
49 169
49 171
49 172
49 181
49 198
49 199
49 217
49 228
49 229
49 230
49 232
49 235
49 243
49 245
49 255
49 257
49 269
49 276
49 282
49 283
49 296
49 297
50 51
50 53
50 54
50 57
50 61
50 63
50 69
50 71
50 72
50 75
50 76
50 83
50 97
50 106
50 107
50 110
50 120
50 125
50 130
50 141
50 145
50 156
50 166
50 184
50 186
50 187
50 188
50 189
50 191
50 192
50 200
50 204
50 209
50 210
50 221
50 222
50 227
50 234
50 261
50 263
50 265
50 268
50 277
50 294
50 295
51 59
51 65
51 70
51 74
51 79
51 87
51 91
51 93
51 101
51 104
51 108
51 122
51 129
51 132
51 150
51 154
51 169
51 171
51 172
51 182
51 194
51 196
51 203
51 208
51 212
51 230
51 240
51 241
51 251
51 253
51 255
51 256
51 257
51 269
51 281
51 282
51 285
51 296
52 54
52 64
52 68
52 72
52 75
52 78
52 84
52 85
52 96
52 106
52 109
52 110
52 118
52 120
52 124
52 128
52 130
52 136
52 141
52 143
52 151
52 168
52 176
52 177
52 180
52 189
52 192
52 195
52 204
52 205
52 219
52 221
52 222
52 225
52 234
52 242
52 246
52 248
52 249
52 250
52 261
52 267
52 273
52 278
52 284
52 290
52 293
52 295
52 299
53 60
53 65
53 74
53 91
53 93
53 94
53 101
53 104
53 116
53 131
53 139
53 150
53 154
53 161
53 169
53 181
53 190
53 194
53 196
53 202
53 208
53 223
53 236
53 240
53 243
53 252
53 254
53 296
54 65
54 74
54 79
54 87
54 92
54 94
54 105
54 122
54 127
54 135
54 144
54 148
54 158
54 172
54 194
54 203
54 208
54 215
54 229
54 235
54 245
54 255
54 260
54 262
54 266
54 269
54 276
54 281
55 56
55 63
55 69
55 82
55 88
55 95
55 96
55 97
55 102
55 103
55 109
55 120
55 121
55 124
55 130
55 136
55 137
55 140
55 146
55 156
55 166
55 168
55 170
55 183
55 187
55 192
55 204
55 216
55 219
55 227
55 239
55 242
55 250
55 265
55 267
55 268
55 275
55 284
55 287
55 289
55 293
55 295
56 59
56 65
56 70
56 80
56 92
56 93
56 105
56 114
56 127
56 129
56 131
56 144
56 148
56 154
56 163
56 169
56 181
56 197
56 199
56 203
56 208
56 212
56 215
56 217
56 230
56 231
56 232
56 235
56 238
56 253
56 255
56 257
56 266
56 276
56 283
56 296
56 297
57 60
57 70
57 91
57 104
57 108
57 114
57 116
57 119
57 122
57 131
57 138
57 139
57 158
57 161
57 169
57 173
57 185
57 190
57 194
57 197
57 199
57 207
57 217
57 223
57 228
57 229
57 231
57 236
57 241
57 243
57 245
57 251
57 252
57 256
57 259
57 260
57 262
57 280
57 281
57 285
57 296
57 297
57 298
58 79
58 105
58 114
58 116
58 127
58 129
58 132
58 133
58 135
58 148
58 154
58 155
58 158
58 173
58 181
58 182
58 190
58 194
58 196
58 197
58 203
58 208
58 217
58 229
58 236
58 243
58 252
58 254
58 255
58 258
58 259
58 272
58 280
58 285
58 286
58 296
58 297
58 298
59 61
59 62
59 64
59 66
59 68
59 78
59 81
59 82
59 83
59 86
59 89
59 90
59 102
59 107
59 112
59 113
59 117
59 121
59 123
59 124
59 126
59 134
59 137
59 141
59 146
59 149
59 168
59 175
59 179
59 180
59 186
59 187
59 192
59 213
59 218
59 220
59 221
59 222
59 224
59 225
59 227
59 244
59 249
59 261
59 263
59 265
59 284
59 287
59 290
59 292
59 294
59 299
60 62
60 63
60 67
60 83
60 88
60 89
60 95
60 96
60 106
60 109
60 112
60 113
60 117
60 126
60 130
60 134
60 136
60 142
60 143
60 146
60 152
60 156
60 164
60 165
60 168
60 176
60 184
60 189
60 191
60 195
60 201
60 204
60 206
60 210
60 220
60 221
60 224
60 242
60 246
60 248
60 263
60 267
60 270
60 271
60 279
60 287
60 292
60 293
60 295
61 80
61 87
61 91
61 93
61 104
61 108
61 129
61 132
61 133
61 135
61 138
61 150
61 163
61 171
61 190
61 196
61 197
61 198
61 202
61 207
61 208
61 212
61 215
61 217
61 223
61 229
61 230
61 232
61 236
61 238
61 240
61 245
61 247
61 253
61 258
61 274
61 276
61 280
61 298
62 65
62 70
62 79
62 80
62 105
62 119
62 127
62 132
62 135
62 138
62 144
62 148
62 153
62 171
62 172
62 173
62 182
62 185
62 196
62 197
62 207
62 208
62 215
62 231
62 236
62 241
62 243
62 247
62 252
62 274
62 276
62 281
62 282
62 296
63 74
63 80
63 91
63 99
63 104
63 105
63 135
63 138
63 154
63 161
63 172
63 185
63 198
63 202
63 215
63 217
63 228
63 230
63 236
63 245
63 251
63 252
63 255
63 256
63 257
63 258
63 260
63 274
63 280
63 281
63 282
63 296
64 70
64 74
64 94
64 116
64 119
64 122
64 135
64 155
64 173
64 185
64 215
64 217
64 228
64 229
64 230
64 232
64 235
64 245
64 253
64 256
64 257
64 259
64 266
64 272
64 282
64 283
64 285
64 297
64 298
65 66
65 67
65 75
65 76
65 78
65 82
65 83
65 86
65 89
65 90
65 97
65 100
65 111
65 115
65 123
65 126
65 134
65 136
65 137
65 145
65 146
65 147
65 149
65 156
65 162
65 164
65 166
65 167
65 168
65 177
65 178
65 183
65 187
65 195
65 200
65 201
65 204
65 205
65 209
65 214
65 219
65 220
65 227
65 237
65 239
65 242
65 244
65 246
65 248
65 249
65 263
65 264
65 267
65 268
65 275
65 278
65 288
65 289
65 290
65 291
65 293
65 295
66 79
66 87
66 91
66 94
66 108
66 122
66 127
66 129
66 131
66 139
66 148
66 150
66 161
66 163
66 173
66 181
66 185
66 196
66 197
66 198
66 207
66 215
66 223
66 229
66 230
66 231
66 236
66 241
66 245
66 247
66 251
66 254
66 266
66 274
66 281
66 297
67 87
67 92
67 93
67 114
67 116
67 122
67 127
67 132
67 133
67 135
67 148
67 153
67 154
67 155
67 158
67 161
67 171
67 172
67 173
67 182
67 190
67 198
67 202
67 207
67 212
67 223
67 229
67 231
67 241
67 247
67 252
67 254
67 255
67 259
67 262
67 266
67 269
67 274
67 276
67 285
67 286
67 296
67 297
67 298
68 74
68 93
68 99
68 101
68 116
68 132
68 133
68 135
68 148
68 150
68 154
68 155
68 158
68 173
68 182
68 197
68 198
68 199
68 202
68 212
68 228
68 230
68 238
68 241
68 243
68 276
68 282
68 296
69 74
69 79
69 91
69 99
69 101
69 105
69 114
69 116
69 119
69 132
69 138
69 144
69 148
69 153
69 154
69 190
69 202
69 212
69 215
69 223
69 229
69 247
69 253
69 255
69 257
69 259
69 262
69 276
69 280
69 281
69 296
69 297
70 71
70 72
70 78
70 84
70 86
70 88
70 95
70 100
70 103
70 110
70 115
70 117
70 120
70 124
70 128
70 134
70 136
70 140
70 141
70 145
70 149
70 152
70 157
70 160
70 162
70 175
70 177
70 183
70 186
70 189
70 192
70 195
70 205
70 206
70 214
70 225
70 233
70 234
70 239
70 248
70 250
70 264
70 270
70 287
70 292
71 79
71 80
71 91
71 104
71 119
71 138
71 139
71 148
71 150
71 153
71 154
71 172
71 173
71 182
71 185
71 190
71 196
71 198
71 199
71 208
71 229
71 230
71 231
71 252
71 253
71 254
71 255
71 257
71 266
71 269
71 272
71 281
71 282
71 286
72 74
72 80
72 92
72 99
72 101
72 108
72 114
72 116
72 119
72 129
72 133
72 138
72 148
72 150
72 154
72 155
72 181
72 182
72 190
72 207
72 208
72 212
72 223
72 228
72 229
72 232
72 235
72 236
72 243
72 245
72 247
72 252
72 253
72 254
72 256
72 258
72 259
72 266
72 272
72 280
72 283
73 101
73 114
73 119
73 122
73 127
73 129
73 135
73 139
73 148
73 154
73 163
73 169
73 173
73 181
73 182
73 194
73 197
73 198
73 199
73 208
73 228
73 235
73 236
73 240
73 243
73 247
73 255
73 257
73 258
73 266
73 269
73 272
74 77
74 83
74 84
74 85
74 86
74 89
74 95
74 98
74 102
74 103
74 109
74 112
74 118
74 123
74 124
74 125
74 141
74 143
74 146
74 147
74 151
74 152
74 159
74 184
74 195
74 200
74 226
74 234
74 237
74 261
74 270
74 273
74 289
74 291
74 294
74 295
75 80
75 91
75 108
75 129
75 144
75 148
75 150
75 153
75 163
75 171
75 172
75 181
75 194
75 196
75 197
75 199
75 202
75 212
75 252
75 254
75 255
75 257
75 258
75 259
75 260
75 266
75 272
75 274
75 276
75 285
75 296
76 80
76 91
76 92
76 93
76 94
76 101
76 104
76 105
76 116
76 129
76 148
76 154
76 185
76 190
76 194
76 199
76 202
76 203
76 207
76 208
76 215
76 217
76 223
76 232
76 238
76 252
76 254
76 259
76 269
76 272
76 276
76 283
76 285
77 79
77 87
77 94
77 104
77 114
77 129
77 132
77 135
77 148
77 153
77 154
77 155
77 161
77 172
77 182
77 185
77 203
77 208
77 217
77 230
77 231
77 235
77 238
77 240
77 258
77 262
77 269
77 280
77 281
77 282
77 285
77 286
78 93
78 99
78 105
78 108
78 122
78 127
78 131
78 139
78 144
78 153
78 155
78 163
78 172
78 197
78 202
78 203
78 223
78 229
78 236
78 238
78 240
78 245
78 254
78 255
78 256
78 257
78 262
78 266
78 272
78 276
78 280
78 282
78 286
78 296
78 297
78 298
79 82
79 83
79 84
79 88
79 90
79 95
79 97
79 98
79 100
79 102
79 107
79 110
79 113
79 115
79 128
79 130
79 134
79 137
79 141
79 151
79 162
79 164
79 165
79 167
79 168
79 170
79 184
79 186
79 188
79 192
79 193
79 201
79 204
79 210
79 213
79 216
79 224
79 225
79 226
79 227
79 233
79 239
79 261
79 263
79 268
79 270
79 279
79 284
79 287
79 288
79 295
80 82
80 86
80 100
80 102
80 106
80 109
80 110
80 113
80 118
80 120
80 121
80 124
80 126
80 136
80 141
80 142
80 145
80 152
80 159
80 162
80 166
80 168
80 174
80 183
80 184
80 191
80 200
80 201
80 213
80 220
80 227
80 234
80 237
80 239
80 242
80 249
80 264
80 265
80 267
80 268
80 277
80 279
80 290
80 291
80 293
80 294
81 91
81 93
81 114
81 116
81 119
81 131
81 138
81 148
81 150
81 153
81 155
81 158
81 169
81 171
81 182
81 197
81 198
81 199
81 202
81 207
81 208
81 212
81 217
81 228
81 229
81 230
81 231
81 236
81 238
81 247
81 253
81 255
81 256
81 258
81 260
81 272
81 276
81 280
81 281
81 283
81 298
82 87
82 94
82 101
82 122
82 135
82 144
82 150
82 155
82 163
82 171
82 173
82 190
82 197
82 199
82 207
82 208
82 228
82 229
82 230
82 232
82 235
82 238
82 255
82 256
82 258
82 260
82 269
82 280
82 282
82 286
82 297
83 92
83 99
83 104
83 119
83 135
83 139
83 144
83 148
83 153
83 158
83 161
83 169
83 172
83 173
83 185
83 197
83 212
83 217
83 229
83 231
83 232
83 238
83 240
83 245
83 247
83 252
83 254
83 259
83 262
83 272
83 280
83 286
83 296
83 297
84 93
84 99
84 101
84 105
84 122
84 129
84 131
84 135
84 139
84 154
84 161
84 182
84 190
84 194
84 196
84 197
84 202
84 228
84 231
84 235
84 241
84 245
84 252
84 254
84 255
84 258
84 282
84 297
85 92
85 93
85 94
85 99
85 101
85 108
85 114
85 129
85 131
85 132
85 150
85 155
85 171
85 173
85 181
85 190
85 194
85 196
85 199
85 203
85 207
85 215
85 217
85 228
85 229
85 241
85 243
85 252
85 253
85 260
85 266
85 269
85 272
85 276
85 281
85 282
85 285
86 91
86 94
86 99
86 108
86 119
86 127
86 129
86 133
86 138
86 139
86 150
86 154
86 155
86 161
86 182
86 185
86 196
86 199
86 232
86 235
86 240
86 243
86 245
86 252
86 254
86 256
86 258
86 260
86 272
86 283
86 285
86 286
86 296
86 298
87 88
87 89
87 95
87 96
87 100
87 103
87 110
87 120
87 121
87 125
87 126
87 136
87 137
87 143
87 145
87 151
87 152
87 156
87 159
87 162
87 168
87 176
87 177
87 178
87 180
87 183
87 186
87 191
87 201
87 204
87 209
87 211
87 216
87 219
87 224
87 227
87 233
87 234
87 244
87 248
87 249
87 263
87 271
87 277
87 278
87 284
87 287
87 289
87 292
87 295
87 299
88 92
88 114
88 119
88 122
88 127
88 148
88 161
88 163
88 171
88 172
88 185
88 194
88 196
88 202
88 203
88 212
88 228
88 232
88 238
88 241
88 243
88 245
88 255
88 258
88 272
88 274
88 280
88 281
88 283
88 285
89 91
89 93
89 99
89 101
89 135
89 138
89 148
89 158
89 163
89 172
89 182
89 196
89 197
89 199
89 208
89 215
89 217
89 228
89 229
89 230
89 231
89 236
89 240
89 243
89 245
89 247
89 258
89 285
89 286
89 296
90 93
90 94
90 105
90 114
90 138
90 139
90 153
90 171
90 181
90 190
90 194
90 196
90 197
90 202
90 212
90 223
90 230
90 231
90 241
90 245
90 252
90 258
90 262
90 272
90 282
90 283
90 285
90 286
90 296
90 298
91 100
91 102
91 103
91 106
91 107
91 111
91 113
91 115
91 117
91 134
91 137
91 146
91 149
91 151
91 152
91 165
91 175
91 177
91 178
91 179
91 186
91 188
91 195
91 213
91 214
91 216
91 219
91 224
91 225
91 226
91 227
91 237
91 239
91 248
91 261
91 268
91 271
91 275
91 279
91 284
91 290
91 291
91 294
91 295
92 98
92 100
92 106
92 112
92 118
92 120
92 123
92 124
92 126
92 134
92 136
92 137
92 143
92 145
92 146
92 147
92 152
92 162
92 164
92 166
92 167
92 170
92 176
92 177
92 180
92 189
92 191
92 192
92 200
92 206
92 209
92 210
92 211
92 226
92 234
92 237
92 239
92 271
92 273
92 284
92 292
92 294
93 96
93 98
93 113
93 121
93 124
93 134
93 140
93 142
93 146
93 147
93 156
93 157
93 159
93 164
93 165
93 166
93 167
93 168
93 170
93 174
93 175
93 178
93 179
93 180
93 187
93 200
93 205
93 209
93 220
93 221
93 222
93 226
93 227
93 248
93 249
93 250
93 263
93 264
93 267
93 275
93 277
93 294
93 295
94 95
94 96
94 98
94 102
94 103
94 111
94 112
94 120
94 121
94 124
94 126
94 128
94 146
94 147
94 156
94 162
94 168
94 170
94 174
94 175
94 184
94 189
94 209
94 214
94 221
94 234
94 246
94 248
94 261
94 265
94 270
94 271
94 279
94 290
94 294
95 105
95 114
95 122
95 129
95 131
95 148
95 150
95 154
95 155
95 171
95 173
95 182
95 190
95 223
95 230
95 231
95 238
95 240
95 243
95 253
95 255
95 256
95 259
95 272
95 274
95 276
95 281
95 296
95 298
96 101
96 104
96 108
96 116
96 122
96 129
96 138
96 144
96 150
96 154
96 161
96 172
96 185
96 190
96 196
96 199
96 203
96 212
96 230
96 240
96 243
96 251
96 253
96 257
96 258
96 262
96 269
96 280
96 283
97 105
97 108
97 116
97 138
97 139
97 155
97 158
97 163
97 171
97 172
97 173
97 182
97 196
97 199
97 203
97 212
97 217
97 228
97 229
97 230
97 231
97 235
97 241
97 243
97 260
97 262
97 272
97 274
98 99
98 104
98 119
98 122
98 135
98 139
98 144
98 150
98 154
98 155
98 161
98 169
98 181
98 182
98 185
98 203
98 212
98 217
98 228
98 230
98 232
98 236
98 241
98 243
98 247
98 257
98 258
98 260
98 272
98 274
98 280
98 282
98 285
98 286
98 296
99 102
99 103
99 113
99 123
99 124
99 126
99 140
99 143
99 149
99 151
99 152
99 156
99 157
99 159
99 170
99 174
99 179
99 183
99 187
99 191
99 193
99 201
99 205
99 206
99 209
99 210
99 214
99 216
99 221
99 222
99 248
99 250
99 264
99 268
99 275
99 288
99 289
99 292
99 299
100 108
100 114
100 119
100 122
100 139
100 150
100 169
100 173
100 181
100 194
100 198
100 199
100 217
100 223
100 230
100 231
100 232
100 238
100 240
100 241
100 243
100 245
100 247
100 274
100 281
101 113
101 121
101 124
101 130
101 136
101 140
101 145
101 149
101 159
101 162
101 165
101 167
101 168
101 177
101 184
101 186
101 193
101 204
101 205
101 209
101 210
101 214
101 218
101 220
101 224
101 227
101 244
101 248
101 250
101 263
101 267
101 271
101 278
101 279
101 284
101 288
102 104
102 114
102 119
102 127
102 129
102 133
102 138
102 139
102 148
102 153
102 155
102 163
102 172
102 173
102 182
102 185
102 190
102 196
102 207
102 208
102 228
102 231
102 235
102 251
102 252
102 253
102 254
102 255
102 256
102 258
102 259
102 262
102 266
102 274
102 280
102 281
102 285
102 286
103 114
103 116
103 122
103 129
103 131
103 144
103 150
103 153
103 161
103 163
103 171
103 197
103 198
103 202
103 215
103 235
103 236
103 241
103 245
103 247
103 252
103 253
103 256
103 259
103 260
103 266
103 272
103 274
103 285
103 286
104 106
104 109
104 113
104 117
104 118
104 120
104 126
104 130
104 137
104 140
104 143
104 149
104 152
104 157
104 159
104 160
104 165
104 166
104 168
104 177
104 178
104 179
104 183
104 192
104 205
104 214
104 220
104 221
104 222
104 224
104 225
104 226
104 263
104 264
104 267
104 271
104 273
104 278
104 279
104 289
104 292
105 106
105 109
105 117
105 124
105 125
105 134
105 137
105 142
105 145
105 147
105 149
105 152
105 156
105 159
105 160
105 166
105 170
105 178
105 180
105 187
105 188
105 191
105 195
105 209
105 210
105 216
105 225
105 226
105 227
105 248
105 267
105 270
105 271
105 275
105 288
105 289
105 292
106 108
106 122
106 129
106 132
106 139
106 154
106 155
106 199
106 202
106 207
106 212
106 215
106 252
106 282
106 283
106 298
107 116
107 138
107 153
107 155
107 158
107 169
107 172
107 181
107 182
107 185
107 190
107 194
107 196
107 197
107 202
107 203
107 212
107 215
107 230
107 232
107 238
107 240
107 241
107 269
107 272
107 274
107 283
107 286
107 296
108 109
108 110
108 112
108 113
108 118
108 123
108 126
108 128
108 130
108 141
108 142
108 146
108 151
108 152
108 159
108 166
108 168
108 170
108 174
108 179
108 180
108 186
108 188
108 193
108 201
108 204
108 206
108 210
108 211
108 221
108 224
108 226
108 248
108 261
108 265
108 270
108 278
108 284
108 288
108 291
108 295
109 114
109 116
109 129
109 133
109 138
109 150
109 154
109 155
109 161
109 172
109 173
109 197
109 198
109 203
109 207
109 217
109 231
109 251
109 252
109 253
109 256
109 258
109 259
109 274
109 276
109 282
109 285
109 298
110 139
110 148
110 150
110 173
110 181
110 185
110 190
110 196
110 198
110 202
110 212
110 223
110 229
110 230
110 232
110 235
110 236
110 238
110 240
110 241
110 251
110 254
110 256
110 260
110 276
110 296
111 116
111 119
111 122
111 127
111 129
111 133
111 135
111 153
111 172
111 173
111 196
111 207
111 208
111 212
111 232
111 245
111 251
111 255
111 258
111 262
111 266
111 269
111 280
111 285
111 286
111 298
112 139
112 144
112 154
112 161
112 172
112 182
112 185
112 190
112 198
112 199
112 228
112 230
112 231
112 238
112 240
112 241
112 247
112 254
112 259
112 260
112 274
112 281
112 297
113 119
113 122
113 127
113 135
113 139
113 144
113 163
113 169
113 173
113 182
113 185
113 196
113 197
113 199
113 202
113 231
113 235
113 236
113 240
113 251
113 256
113 257
113 262
113 276
113 280
113 283
113 286
113 296
113 297
114 118
114 120
114 126
114 136
114 140
114 141
114 149
114 151
114 164
114 167
114 168
114 170
114 175
114 176
114 179
114 189
114 195
114 201
114 205
114 206
114 221
114 224
114 225
114 226
114 227
114 239
114 264
114 265
114 268
114 271
114 279
114 284
114 289
114 293
114 295
115 131
115 133
115 138
115 139
115 144
115 148
115 150
115 155
115 158
115 181
115 194
115 196
115 197
115 228
115 241
115 245
115 247
115 253
115 255
115 262
115 266
115 276
115 280
115 281
115 283
116 117
116 118
116 120
116 128
116 136
116 137
116 143
116 147
116 156
116 157
116 174
116 178
116 209
116 222
116 237
116 239
116 263
116 265
116 267
116 299
117 122
117 127
117 129
117 132
117 133
117 135
117 150
117 154
117 155
117 158
117 161
117 172
117 194
117 196
117 203
117 208
117 212
117 215
117 228
117 229
117 230
117 232
117 236
117 245
117 255
117 272
117 274
117 283
118 129
118 131
118 132
118 135
118 138
118 172
118 173
118 182
118 190
118 198
118 199
118 202
118 208
118 212
118 228
118 230
118 232
118 241
118 245
118 247
118 255
118 259
118 266
118 272
118 276
118 280
118 281
118 285
119 120
119 123
119 126
119 134
119 136
119 140
119 147
119 152
119 156
119 157
119 159
119 166
119 167
119 168
119 170
119 174
119 176
119 183
119 184
119 193
119 195
119 205
119 206
119 209
119 213
119 214
119 216
119 218
119 221
119 222
119 225
119 226
119 227
119 234
119 239
119 250
119 265
119 271
119 275
119 279
119 284
119 291
120 133
120 139
120 148
120 150
120 153
120 155
120 158
120 171
120 172
120 173
120 181
120 182
120 190
120 196
120 197
120 198
120 207
120 208
120 215
120 217
120 228
120 230
120 238
120 240
120 256
120 257
120 269
120 280
120 296
121 129
121 154
121 155
121 161
121 163
121 169
121 194
121 197
121 199
121 215
121 229
121 251
121 255
121 256
121 257
121 262
121 272
121 276
121 280
121 283
121 285
121 296
121 297
122 123
122 125
122 134
122 140
122 142
122 143
122 147
122 151
122 152
122 165
122 166
122 167
122 170
122 174
122 177
122 187
122 188
122 192
122 193
122 206
122 210
122 211
122 216
122 218
122 219
122 221
122 222
122 224
122 227
122 242
122 248
122 249
122 250
122 261
122 265
122 267
122 278
122 279
122 292
122 293
123 127
123 135
123 139
123 148
123 150
123 158
123 171
123 181
123 190
123 196
123 199
123 208
123 212
123 215
123 217
123 223
123 229
123 231
123 235
123 236
123 238
123 240
123 241
123 252
123 255
123 256
123 269
123 276
123 285
123 296
123 297
124 127
124 129
124 133
124 144
124 150
124 153
124 155
124 163
124 173
124 182
124 185
124 197
124 198
124 202
124 203
124 212
124 229
124 235
124 241
124 245
124 253
124 254
124 256
124 259
124 260
124 266
124 269
124 281
124 286
124 297
124 298
125 127
125 133
125 144
125 150
125 161
125 169
125 185
125 194
125 202
125 203
125 207
125 223
125 230
125 231
125 236
125 240
125 254
125 259
125 262
125 269
125 272
125 280
125 281
125 285
125 286
125 296
125 297
126 127
126 131
126 132
126 133
126 139
126 154
126 163
126 171
126 185
126 196
126 198
126 203
126 208
126 215
126 217
126 228
126 230
126 231
126 232
126 238
126 245
126 247
126 254
126 255
126 259
126 260
126 262
126 266
126 276
126 285
126 297
127 128
127 136
127 140
127 141
127 145
127 149
127 159
127 162
127 166
127 170
127 174
127 177
127 178
127 179
127 186
127 188
127 191
127 210
127 213
127 214
127 216
127 219
127 224
127 227
127 239
127 244
127 249
127 250
127 263
127 264
127 267
127 275
127 277
127 284
127 287
127 288
127 292
127 293
127 295
127 299
128 132
128 144
128 153
128 154
128 161
128 171
128 182
128 185
128 194
128 203
128 229
128 230
128 235
128 238
128 240
128 243
128 245
128 247
128 251
128 254
128 256
128 262
128 280
128 286
129 130
129 136
129 140
129 142
129 149
129 151
129 162
129 170
129 174
129 177
129 179
129 183
129 184
129 187
129 188
129 189
129 192
129 204
129 210
129 213
129 221
129 224
129 225
129 226
129 233
129 237
129 239
129 246
129 249
129 278
129 287
129 293
129 294
129 295
130 131
130 133
130 135
130 144
130 148
130 153
130 154
130 158
130 163
130 172
130 173
130 182
130 185
130 194
130 197
130 198
130 202
130 207
130 212
130 228
130 236
130 238
130 241
130 243
130 256
130 260
130 269
130 281
130 282
130 296
131 134
131 140
131 141
131 146
131 156
131 157
131 160
131 166
131 167
131 170
131 179
131 186
131 192
131 195
131 200
131 201
131 205
131 206
131 209
131 216
131 220
131 222
131 237
131 242
131 244
131 246
131 249
131 265
131 267
131 268
131 284
131 287
131 291
131 294
132 140
132 146
132 175
132 178
132 179
132 180
132 188
132 191
132 204
132 209
132 210
132 214
132 216
132 218
132 220
132 221
132 227
132 237
132 242
132 244
132 248
132 250
132 270
132 284
132 291
132 299
133 137
133 145
133 162
133 164
133 165
133 166
133 174
133 179
133 180
133 183
133 186
133 189
133 191
133 193
133 200
133 201
133 204
133 209
133 210
133 214
133 216
133 219
133 221
133 222
133 224
133 234
133 237
133 239
133 268
133 271
133 273
133 278
133 289
134 135
134 139
134 144
134 153
134 161
134 163
134 172
134 182
134 194
134 196
134 198
134 199
134 207
134 212
134 231
134 235
134 238
134 254
134 255
134 259
134 281
134 286
135 141
135 142
135 146
135 147
135 149
135 151
135 152
135 166
135 167
135 188
135 189
135 195
135 209
135 213
135 214
135 216
135 219
135 221
135 226
135 234
135 239
135 242
135 244
135 249
135 261
135 263
135 264
135 265
135 271
135 277
135 284
135 293
135 294
135 295
136 138
136 139
136 150
136 153
136 154
136 173
136 181
136 199
136 207
136 217
136 223
136 236
136 238
136 243
136 245
136 251
136 253
136 259
136 266
136 274
136 276
136 281
136 285
136 286
136 296
137 139
137 150
137 154
137 169
137 171
137 172
137 181
137 182
137 199
137 202
137 203
137 208
137 212
137 217
137 230
137 231
137 236
137 238
137 240
137 241
137 247
137 252
137 253
137 254
137 260
137 262
137 269
137 276
137 281
137 282
137 283
137 286
138 143
138 145
138 147
138 149
138 160
138 162
138 165
138 178
138 179
138 183
138 186
138 188
138 189
138 191
138 193
138 205
138 206
138 216
138 218
138 220
138 225
138 237
138 239
138 246
138 263
138 268
138 270
138 278
138 284
138 293
139 142
139 145
139 147
139 151
139 157
139 160
139 164
139 166
139 167
139 168
139 175
139 176
139 178
139 180
139 187
139 188
139 189
139 191
139 193
139 201
139 204
139 211
139 220
139 224
139 225
139 237
139 263
139 265
139 271
139 275
139 278
139 279
139 284
139 287
139 288
139 289
139 290
139 291
139 299
140 150
140 153
140 155
140 172
140 181
140 194
140 196
140 197
140 202
140 203
140 217
140 223
140 228
140 232
140 236
140 240
140 243
140 245
140 253
140 254
140 256
140 258
140 266
140 274
140 297
140 298
141 148
141 154
141 182
141 190
141 197
141 199
141 202
141 203
141 215
141 223
141 230
141 231
141 235
141 238
141 247
141 255
141 256
141 260
141 269
141 274
141 280
141 286
141 297
142 144
142 161
142 169
142 172
142 181
142 196
142 199
142 203
142 212
142 215
142 217
142 223
142 236
142 240
142 247
142 255
142 258
142 259
142 262
142 269
142 272
142 274
142 276
142 282
142 297
143 148
143 150
143 169
143 171
143 172
143 173
143 194
143 196
143 207
143 215
143 223
143 228
143 229
143 235
143 247
143 251
143 253
143 254
143 255
143 256
143 257
143 259
143 266
143 269
143 272
143 276
143 281
143 282
143 283
143 286
144 160
144 165
144 167
144 170
144 174
144 176
144 178
144 180
144 183
144 187
144 188
144 191
144 193
144 201
144 205
144 209
144 210
144 213
144 218
144 221
144 224
144 234
144 244
144 249
144 264
144 265
144 267
144 268
144 278
144 284
144 287
144 288
144 293
145 150
145 153
145 169
145 173
145 199
145 203
145 212
145 217
145 223
145 229
145 245
145 251
145 253
145 254
145 257
145 258
145 260
145 266
145 280
145 281
145 296
145 297
145 298
146 150
146 172
146 181
146 190
146 196
146 198
146 203
146 207
146 212
146 223
146 229
146 232
146 236
146 247
146 252
146 253
146 254
146 255
146 257
146 258
146 260
146 262
146 266
146 281
146 283
146 296
146 298
147 153
147 155
147 163
147 169
147 172
147 190
147 198
147 212
147 229
147 235
147 243
147 247
147 254
147 255
147 280
147 283
147 296
147 297
148 151
148 152
148 156
148 157
148 160
148 164
148 186
148 187
148 193
148 204
148 209
148 211
148 214
148 225
148 226
148 233
148 234
148 237
148 239
148 244
148 250
148 263
148 275
148 284
148 287
148 289
148 290
149 153
149 154
149 155
149 158
149 163
149 169
149 171
149 173
149 181
149 196
149 202
149 217
149 232
149 236
149 238
149 240
149 241
149 243
149 254
149 256
149 257
149 258
149 259
149 262
149 272
149 274
149 276
149 282
150 152
150 156
150 162
150 167
150 170
150 174
150 183
150 206
150 209
150 214
150 218
150 219
150 220
150 221
150 224
150 225
150 233
150 237
150 249
150 250
150 265
150 270
150 277
150 279
150 287
150 289
150 290
150 294
150 299
151 154
151 172
151 190
151 196
151 208
151 215
151 217
151 223
151 229
151 235
151 238
151 241
151 251
151 253
151 259
151 260
151 281
151 283
151 296
151 297
152 154
152 158
152 163
152 185
152 196
152 208
152 229
152 230
152 231
152 236
152 240
152 253
152 257
152 258
152 262
152 272
152 283
153 156
153 157
153 159
153 160
153 167
153 175
153 179
153 187
153 192
153 195
153 200
153 205
153 213
153 214
153 216
153 218
153 219
153 221
153 226
153 234
153 237
153 242
153 248
153 250
153 261
153 265
153 267
153 270
153 271
153 273
153 275
153 277
153 279
153 291
153 292
153 294
153 299
154 157
154 159
154 162
154 164
154 165
154 168
154 170
154 174
154 178
154 180
154 183
154 184
154 189
154 193
154 200
154 201
154 211
154 214
154 218
154 221
154 222
154 224
154 225
154 226
154 227
154 233
154 237
154 250
154 261
154 275
154 293
154 294
154 299
155 156
155 157
155 167
155 168
155 170
155 174
155 177
155 183
155 184
155 193
155 201
155 204
155 209
155 211
155 218
155 224
155 226
155 234
155 242
155 246
155 250
155 261
155 268
155 271
155 277
155 279
155 284
155 287
155 291
155 293
155 294
156 173
156 182
156 185
156 197
156 208
156 212
156 228
156 229
156 230
156 231
156 235
156 254
156 255
156 256
156 257
156 260
156 272
156 276
156 280
156 282
156 283
156 285
156 286
156 296
157 158
157 169
157 196
157 197
157 198
157 203
157 212
157 228
157 230
157 231
157 235
157 236
157 241
157 243
157 252
157 257
157 266
157 272
157 276
157 280
157 281
157 297
157 298
158 159
158 162
158 167
158 175
158 184
158 186
158 187
158 193
158 195
158 200
158 209
158 214
158 216
158 219
158 222
158 225
158 227
158 234
158 244
158 246
158 249
158 250
158 261
158 263
158 271
158 284
158 287
158 291
158 293
158 299
159 163
159 173
159 190
159 196
159 198
159 203
159 207
159 208
159 215
159 217
159 231
159 236
159 238
159 240
159 245
159 247
159 253
159 255
159 256
159 259
159 260
159 262
159 280
159 281
159 282
159 285
160 171
160 181
160 198
160 217
160 223
160 228
160 229
160 238
160 241
160 245
160 247
160 252
160 257
160 272
160 280
160 282
161 170
161 174
161 175
161 177
161 178
161 180
161 183
161 184
161 186
161 188
161 191
161 193
161 201
161 206
161 210
161 220
161 221
161 222
161 224
161 226
161 227
161 233
161 237
161 239
161 242
161 248
161 250
161 265
161 268
161 271
161 273
161 275
161 277
161 287
161 288
161 292
161 293
161 294
161 299
162 185
162 194
162 198
162 202
162 203
162 207
162 223
162 228
162 235
162 238
162 254
162 262
162 282
162 283
163 166
163 167
163 168
163 174
163 175
163 177
163 188
163 189
163 193
163 200
163 205
163 213
163 220
163 221
163 224
163 225
163 226
163 227
163 233
163 244
163 249
163 265
163 271
163 275
163 277
163 278
163 284
163 287
163 289
163 290
163 292
163 294
163 295
164 169
164 171
164 194
164 208
164 212
164 217
164 229
164 231
164 238
164 247
164 251
164 252
164 253
164 255
164 256
164 260
164 266
164 283
164 286
164 296
164 298
165 171
165 172
165 181
165 182
165 197
165 198
165 208
165 215
165 217
165 230
165 232
165 243
165 245
165 256
165 259
165 260
165 269
165 272
165 274
165 282
165 286
165 296
166 171
166 173
166 185
166 196
166 228
166 229
166 232
166 238
166 240
166 243
166 245
166 247
166 252
166 253
166 276
166 283
166 297
166 298
167 169
167 171
167 172
167 181
167 194
167 196
167 197
167 203
167 208
167 217
167 228
167 229
167 231
167 236
167 238
167 243
167 257
167 259
167 262
167 269
167 274
167 280
167 281
167 282
167 285
167 296
167 297
168 169
168 182
168 185
168 197
168 199
168 202
168 203
168 208
168 212
168 223
168 229
168 235
168 240
168 241
168 247
168 253
168 255
168 258
168 259
168 260
168 262
168 269
168 274
168 280
168 282
168 283
168 286
168 296
169 174
169 176
169 179
169 183
169 187
169 188
169 195
169 201
169 205
169 209
169 214
169 219
169 220
169 221
169 224
169 233
169 237
169 239
169 244
169 248
169 249
169 261
169 267
169 268
169 273
169 275
169 277
169 284
169 287
169 288
169 291
169 292
169 299
170 181
170 194
170 196
170 198
170 199
170 230
170 231
170 235
170 245
170 251
170 254
170 259
170 272
170 274
170 276
170 280
170 286
170 298
171 174
171 176
171 177
171 178
171 191
171 192
171 193
171 201
171 204
171 219
171 220
171 221
171 225
171 227
171 234
171 249
171 250
171 263
171 265
171 268
171 279
171 292
171 295
171 299
172 176
172 177
172 180
172 187
172 191
172 193
172 195
172 201
172 211
172 214
172 225
172 233
172 250
172 263
172 268
172 273
172 284
173 174
173 178
173 180
173 186
173 188
173 191
173 192
173 206
173 209
173 210
173 213
173 218
173 221
173 226
173 237
173 239
173 246
173 248
173 250
173 263
173 264
173 268
173 271
173 273
173 284
173 288
173 293
173 295
174 182
174 197
174 208
174 212
174 217
174 229
174 230
174 235
174 241
174 243
174 247
174 252
174 253
174 258
174 259
174 272
174 280
174 285
174 286
174 297
174 298
175 182
175 185
175 196
175 197
175 202
175 207
175 223
175 231
175 238
175 245
175 247
175 251
175 252
175 255
175 272
175 274
175 282
175 283
175 296
175 298
176 181
176 194
176 197
176 199
176 202
176 223
176 229
176 230
176 238
176 247
176 252
176 253
176 254
176 255
176 256
176 260
176 269
176 280
176 281
176 285
176 286
176 296
177 185
177 194
177 196
177 197
177 207
177 215
177 229
177 232
177 238
177 241
177 254
177 256
177 258
177 262
177 272
177 281
177 285
177 296
177 298
178 196
178 202
178 203
178 238
178 258
178 297
179 194
179 196
179 197
179 199
179 223
179 228
179 236
179 238
179 243
179 253
179 254
179 255
179 257
179 258
179 280
179 282
179 285
179 286
179 296
179 297
179 298
180 181
180 194
180 212
180 223
180 231
180 238
180 240
180 257
180 258
180 259
180 260
180 274
180 281
180 285
180 286
180 297
181 186
181 188
181 189
181 193
181 218
181 222
181 227
181 244
181 246
181 248
181 249
181 271
181 273
181 278
181 292
182 183
182 200
182 204
182 205
182 206
182 211
182 213
182 218
182 225
182 226
182 227
182 244
182 246
182 248
182 261
182 263
182 264
182 267
182 268
182 271
182 275
182 279
182 284
182 289
182 290
182 291
182 292
182 293
183 185
183 199
183 207
183 229
183 232
183 241
183 251
183 252
183 255
183 256
183 258
183 259
183 262
183 272
183 274
183 281
183 282
183 286
183 297
184 196
184 197
184 208
184 212
184 215
184 241
184 243
184 247
184 260
184 272
184 281
184 282
184 285
184 286
184 296
184 297
184 298
185 189
185 192
185 201
185 206
185 210
185 211
185 214
185 216
185 218
185 219
185 220
185 227
185 233
185 237
185 244
185 246
185 248
185 250
185 264
185 271
185 287
185 290
185 292
185 294
186 190
186 196
186 198
186 202
186 203
186 207
186 215
186 232
186 253
186 257
186 269
186 276
186 297
186 298
187 194
187 196
187 212
187 215
187 217
187 223
187 232
187 235
187 236
187 251
187 252
187 253
187 256
187 257
187 260
187 272
187 274
187 281
187 283
188 190
188 194
188 197
188 202
188 207
188 228
188 229
188 238
188 241
188 247
188 252
188 255
188 257
188 258
188 262
188 272
188 274
188 298
189 202
189 208
189 223
189 230
189 236
189 238
189 240
189 245
189 252
189 253
189 260
189 262
189 266
189 269
189 272
189 276
189 281
189 283
189 297
190 191
190 192
190 200
190 206
190 209
190 210
190 214
190 216
190 218
190 221
190 222
190 233
190 234
190 242
190 246
190 249
190 263
190 264
190 265
190 267
190 268
190 278
190 279
190 289
190 290
190 293
191 196
191 198
191 202
191 229
191 230
191 231
191 243
191 245
191 247
191 253
191 254
191 255
191 262
191 266
191 269
191 274
191 285
191 286
191 297
191 298
192 194
192 196
192 197
192 198
192 203
192 207
192 217
192 229
192 230
192 231
192 238
192 241
192 251
192 256
192 257
192 258
192 259
192 262
192 269
192 274
192 276
192 281
193 198
193 203
193 207
193 208
193 212
193 215
193 217
193 223
193 228
193 229
193 235
193 241
193 243
193 254
193 256
193 266
193 274
193 281
194 204
194 206
194 211
194 213
194 218
194 227
194 234
194 242
194 250
194 263
194 271
194 277
194 278
194 289
195 196
195 198
195 202
195 203
195 207
195 228
195 230
195 235
195 238
195 241
195 245
195 247
195 251
195 252
195 253
195 255
195 258
195 259
195 281
195 286
195 297
196 205
196 210
196 218
196 220
196 224
196 225
196 233
196 246
196 248
196 261
196 263
196 265
196 277
196 287
196 289
196 294
196 299
197 205
197 206
197 210
197 211
197 213
197 214
197 216
197 218
197 221
197 227
197 233
197 239
197 242
197 248
197 270
197 273
197 279
197 287
197 295
198 200
198 211
198 219
198 221
198 242
198 248
198 264
198 265
198 268
198 270
198 271
198 277
198 278
198 279
198 288
198 290
198 291
198 294
198 295
199 205
199 206
199 214
199 219
199 220
199 221
199 225
199 233
199 234
199 242
199 263
199 265
199 267
199 271
199 277
199 278
199 279
199 291
200 202
200 203
200 207
200 208
200 212
200 223
200 229
200 231
200 232
200 238
200 241
200 247
200 252
200 253
200 269
200 276
200 282
200 283
200 286
201 207
201 208
201 212
201 235
201 243
201 245
201 252
201 255
201 256
201 259
201 262
201 266
201 276
201 280
201 281
201 285
201 286
201 297
202 204
202 205
202 209
202 210
202 211
202 213
202 214
202 216
202 218
202 226
202 237
202 242
202 244
202 248
202 249
202 250
202 267
202 270
202 273
202 275
202 284
202 287
202 290
202 294
202 295
202 299
203 216
203 218
203 219
203 226
203 261
203 264
203 265
203 268
203 270
203 273
203 278
203 291
203 293
203 295
203 299
204 208
204 212
204 229
204 232
204 245
204 252
204 256
204 257
204 259
204 269
204 276
204 281
204 286
205 215
205 231
205 243
205 245
205 254
205 258
205 266
205 281
205 286
206 207
206 208
206 212
206 215
206 217
206 223
206 229
206 231
206 232
206 247
206 255
206 258
206 259
206 262
206 269
206 280
206 281
206 282
206 285
207 209
207 210
207 211
207 221
207 233
207 234
207 237
207 239
207 244
207 265
207 267
207 275
207 288
207 292
207 293
208 216
208 218
208 219
208 239
208 248
208 249
208 263
208 265
208 267
208 270
208 271
208 278
208 279
208 284
208 292
209 223
209 228
209 229
209 230
209 231
209 232
209 238
209 241
209 247
209 252
209 253
209 254
209 258
209 266
209 269
209 274
209 283
209 286
210 212
210 217
210 241
210 251
210 252
210 253
210 254
210 255
210 257
210 258
210 266
210 276
210 280
210 296
210 297
211 212
211 240
211 253
211 260
211 262
211 272
211 276
211 282
211 285
211 297
211 298
212 214
212 216
212 219
212 221
212 224
212 237
212 239
212 249
212 267
212 270
212 273
212 277
212 279
212 288
212 289
212 290
212 291
213 217
213 223
213 228
213 232
213 236
213 245
213 247
213 251
213 254
213 255
213 258
213 260
213 266
213 269
213 272
213 281
214 223
214 231
214 235
214 236
214 241
214 245
214 254
214 258
214 260
214 262
214 266
214 272
214 276
214 283
214 298
215 216
215 219
215 227
215 234
215 242
215 244
215 248
215 249
215 250
215 264
215 268
215 273
215 275
215 278
215 290
215 293
215 294
215 295
215 299
216 217
216 229
216 235
216 236
216 245
216 252
216 254
216 256
216 260
216 266
216 269
216 276
216 283
216 296
217 221
217 227
217 239
217 244
217 249
217 278
217 284
217 299
218 228
218 236
218 238
218 243
218 245
218 252
218 255
218 258
218 259
218 260
218 262
218 266
218 280
218 285
218 296
219 230
219 235
219 240
219 252
219 254
219 255
219 257
219 259
219 266
219 274
219 276
219 281
219 282
219 296
220 232
220 235
220 238
220 240
220 247
220 251
220 253
220 258
220 259
220 266
220 272
220 296
221 230
221 232
221 236
221 245
221 251
221 252
221 257
221 258
221 260
221 274
221 286
221 297
222 229
222 232
222 243
222 245
222 252
222 253
222 255
222 259
222 262
222 280
223 224
223 225
223 234
223 239
223 249
223 265
223 267
223 268
223 273
223 278
223 288
223 293
223 294
223 295
224 232
224 240
224 243
224 245
224 252
224 253
224 254
224 256
224 266
224 269
224 274
224 276
224 283
225 230
225 235
225 240
225 243
225 251
225 252
225 255
225 259
225 266
225 274
225 280
225 281
225 283
225 286
225 296
225 297
226 230
226 231
226 232
226 235
226 240
226 245
226 247
226 251
226 253
226 257
226 258
226 259
226 262
226 266
226 280
226 283
226 285
226 296
226 298
227 228
227 232
227 240
227 243
227 247
227 251
227 255
227 257
227 259
227 260
227 262
227 266
227 272
227 276
227 281
227 283
227 286
228 233
228 248
228 264
228 271
228 273
228 275
228 284
228 287
228 291
228 292
228 293
228 295
229 242
229 246
229 267
229 271
229 273
229 277
229 279
229 284
229 288
229 289
229 291
229 292
229 294
230 237
230 278
230 279
230 284
230 287
230 290
230 295
230 299
231 234
231 239
231 264
231 268
231 271
231 275
231 278
231 288
231 292
231 299
232 234
232 237
232 248
232 250
232 268
232 284
232 291
232 292
232 299
233 235
233 236
233 245
233 247
233 251
233 254
233 255
233 256
233 257
233 259
233 260
233 280
233 283
233 285
233 297
234 241
234 245
234 256
234 258
234 262
234 269
234 272
234 281
234 282
234 298
235 248
235 249
235 263
235 265
235 267
235 271
235 277
235 284
235 287
235 290
235 292
236 244
236 264
236 267
236 268
236 270
236 271
236 277
236 279
236 284
236 293
236 299
237 238
237 240
237 245
237 253
237 255
237 257
237 259
237 260
237 286
237 296
238 242
238 244
238 263
238 268
238 270
238 284
238 287
238 292
238 293
239 240
239 247
239 251
239 254
239 258
239 259
239 262
239 266
239 276
239 282
239 298
240 242
240 244
240 246
240 248
240 249
240 265
240 267
240 268
240 278
240 287
240 288
240 291
240 299
241 250
241 264
241 265
241 268
241 270
241 271
241 278
241 290
241 299
242 254
242 256
242 257
242 272
242 280
242 281
242 285
242 286
242 297
242 298
243 244
243 261
243 264
243 268
243 270
243 275
243 277
243 284
243 288
243 291
243 293
243 294
244 252
244 254
244 256
244 260
244 269
244 282
244 283
244 285
244 296
245 250
245 264
245 265
245 268
245 270
245 271
245 273
245 279
245 284
245 287
245 292
245 294
246 253
246 259
246 272
246 274
246 280
246 281
246 285
246 286
246 298
247 248
247 261
247 265
247 267
247 270
247 275
247 279
247 291
247 293
247 294
247 295
247 299
248 254
248 257
248 260
248 262
248 282
248 283
248 297
248 298
249 252
249 254
249 260
249 272
249 274
249 281
249 283
249 286
249 297
250 258
250 259
250 266
250 269
250 272
250 274
250 298
251 264
251 265
251 273
251 288
251 289
251 292
251 299
252 265
252 267
252 268
252 275
252 278
252 279
252 299
253 261
253 263
253 267
253 273
253 275
253 277
253 279
253 288
253 290
253 293
254 264
254 265
254 275
254 291
254 293
255 263
255 264
255 271
255 273
255 277
255 279
255 288
255 293
255 294
256 267
256 268
256 271
256 288
256 290
256 294
256 295
256 299
257 261
257 270
257 271
257 275
257 277
257 278
257 287
257 293
257 295
257 299
258 261
258 265
258 267
258 268
258 273
258 278
258 279
258 287
258 289
258 290
258 292
258 299
259 263
259 271
259 278
259 289
259 290
259 292
259 293
259 294
259 299
260 268
260 270
260 271
260 273
260 275
260 284
260 288
260 293
260 295
260 299
261 276
261 280
262 263
262 264
262 265
262 273
262 275
262 277
262 278
262 279
262 293
262 299
263 266
263 274
263 281
263 283
263 286
263 296
263 297
264 266
264 276
264 286
264 297
264 298
265 269
265 272
265 276
265 280
265 285
266 267
266 268
266 270
266 277
266 279
266 284
266 287
266 289
266 290
266 291
266 299
267 272
267 296
268 269
268 276
269 275
269 278
269 293
269 294
269 295
270 274
270 282
270 283
271 274
271 276
271 286
271 297
271 298
272 275
272 278
272 287
272 289
272 290
272 293
272 294
272 295
272 299
273 274
273 276
273 282
273 286
273 296
274 293
274 299
275 286
275 297
276 284
276 287
276 288
276 293
276 294
276 299
278 280
279 285
280 287
280 290
280 291
281 291
281 292
282 287
282 290
282 292
282 294
282 295
283 284
283 294
284 286
285 294
285 299
286 288
286 291
286 299
287 296
289 296
289 298
291 297
291 298
292 298
293 297
294 296
295 298
