300 2668
0 1
0 10
0 12
0 26
0 31
0 44
0 46
0 93
0 95
0 101
0 102
0 107
0 125
0 132
0 147
0 150
0 167
0 176
0 200
0 207
0 208
0 210
0 214
0 226
0 235
0 244
0 263
0 275
0 290
1 40
1 52
1 57
1 68
1 85
1 87
1 124
1 129
1 135
1 136
1 158
1 184
1 187
1 192
1 216
1 218
1 228
1 285
1 289
2 51
2 52
2 68
2 69
2 86
2 87
2 105
2 123
2 124
2 183
2 186
2 218
2 237
3 16
3 86
3 124
3 138
3 158
3 177
3 201
3 217
3 220
3 229
3 254
3 266
3 286
3 292
4 19
4 25
4 39
4 42
4 46
4 73
4 83
4 93
4 110
4 143
4 145
4 181
4 206
4 222
4 232
4 243
4 261
4 274
4 296
5 8
5 11
5 22
5 31
5 56
5 77
5 81
5 91
5 107
5 114
5 134
5 203
5 214
5 224
5 260
5 270
5 276
5 295
6 51
6 72
6 103
6 111
6 123
6 182
6 198
6 204
6 223
6 233
6 271
6 285
6 298
7 40
7 49
7 98
7 124
7 165
7 230
7 236
7 259
7 271
7 297
8 59
8 69
8 88
8 184
8 187
8 196
8 204
8 229
8 245
8 286
9 37
9 68
9 72
9 128
9 152
9 158
9 178
9 182
9 191
9 204
9 234
9 289
10 17
10 23
10 57
10 97
10 116
10 136
10 165
10 184
10 197
10 229
10 236
10 245
10 271
10 289
10 292
11 24
11 38
11 92
11 116
11 128
11 140
11 152
11 154
11 180
11 182
11 184
11 223
11 234
11 237
11 251
11 285
11 286
11 292
12 49
12 52
12 70
12 85
12 103
12 127
12 162
12 174
12 180
12 183
12 188
12 212
12 216
12 223
12 242
12 245
12 250
12 251
12 271
12 292
12 293
12 297
12 298
13 38
13 85
13 133
13 136
13 140
13 156
13 165
13 186
13 197
13 199
13 202
13 212
13 242
13 251
13 298
14 28
14 30
14 56
14 63
14 75
14 99
14 119
14 139
14 149
14 163
14 193
14 211
14 232
14 235
14 252
14 255
15 58
15 59
15 96
15 105
15 111
15 127
15 128
15 142
15 187
15 204
15 212
15 228
15 229
15 259
15 288
16 28
16 77
16 82
16 89
16 91
16 104
16 110
16 120
16 121
16 157
16 166
16 200
16 258
16 272
16 276
16 283
17 26
17 27
17 29
17 60
17 73
17 74
17 75
17 77
17 78
17 110
17 132
17 155
17 163
17 168
17 195
17 210
17 213
17 221
17 231
17 257
18 47
18 52
18 71
18 86
18 133
18 136
18 140
18 141
18 154
18 165
18 186
18 201
18 242
18 297
19 40
19 59
19 71
19 94
19 138
19 162
19 187
19 192
19 216
19 228
19 285
20 40
20 70
20 86
20 138
20 140
20 142
20 162
20 178
20 192
20 216
20 237
20 298
21 24
21 37
21 53
21 112
21 116
21 141
21 179
21 182
21 184
21 191
21 196
21 199
21 218
21 241
21 259
22 58
22 59
22 80
22 87
22 98
22 100
22 111
22 122
22 123
22 133
22 135
22 142
22 174
22 186
22 191
22 194
22 204
22 239
22 245
23 35
23 36
23 45
23 120
23 145
23 151
23 160
23 170
23 175
23 185
23 203
23 235
23 263
23 264
23 267
23 276
23 294
24 29
24 35
24 41
24 44
24 46
24 78
24 79
24 108
24 130
24 143
24 146
24 157
24 195
24 219
24 231
24 256
24 264
24 269
24 273
24 275
24 291
24 296
25 37
25 85
25 111
25 116
25 127
25 133
25 156
25 182
25 198
25 234
25 237
25 280
25 292
26 53
26 57
26 70
26 80
26 85
26 96
26 127
26 133
26 162
26 197
26 212
26 223
26 236
26 262
27 47
27 59
27 68
27 100
27 122
27 136
27 140
27 153
27 162
27 188
27 239
27 241
27 289
28 37
28 71
28 86
28 105
28 111
28 122
28 123
28 127
28 133
28 174
28 177
28 178
28 186
28 188
28 192
28 194
28 236
28 251
28 262
29 37
29 47
29 51
29 53
29 59
29 92
29 135
29 141
29 180
29 182
29 194
29 223
29 236
29 242
29 266
30 40
30 51
30 57
30 80
30 85
30 92
30 128
30 152
30 165
30 186
30 218
30 233
30 266
31 38
31 70
31 103
31 123
31 129
31 138
31 183
31 188
31 245
31 262
31 277
31 280
31 299
32 37
32 49
32 69
32 105
32 154
32 156
32 165
32 179
32 184
32 190
32 199
32 201
32 204
32 241
32 262
32 297
32 299
33 40
33 49
33 52
33 53
33 76
33 85
33 87
33 129
33 152
33 188
33 212
33 217
33 233
33 242
33 266
33 280
33 288
34 88
34 123
34 127
34 136
34 165
34 177
34 178
34 188
34 190
34 191
34 194
34 220
34 230
34 242
34 254
35 37
35 59
35 97
35 138
35 162
35 202
35 216
35 223
35 229
35 237
35 245
35 250
35 266
35 299
36 51
36 72
36 88
36 94
36 98
36 103
36 184
36 212
36 223
36 229
36 251
36 271
36 287
36 299
37 67
37 126
37 130
37 139
37 151
37 173
37 205
37 206
37 209
37 213
37 226
37 227
37 235
37 246
37 247
37 275
37 279
38 39
38 45
38 73
38 75
38 82
38 120
38 125
38 126
38 172
38 195
38 206
38 214
38 221
38 227
38 269
38 274
38 278
38 279
38 290
39 70
39 71
39 72
39 80
39 96
39 111
39 116
39 128
39 158
39 241
39 271
39 280
39 284
40 41
40 54
40 62
40 65
40 101
40 107
40 110
40 149
40 150
40 159
40 167
40 175
40 225
40 248
40 252
40 279
40 291
41 51
41 52
41 58
41 70
41 112
41 124
41 153
41 179
41 223
41 237
41 288
41 299
42 72
42 112
42 135
42 152
42 165
42 186
42 187
42 188
42 220
42 234
42 236
42 239
42 254
42 266
42 289
42 292
43 49
43 53
43 69
43 103
43 122
43 129
43 140
43 186
43 201
43 245
43 250
43 271
43 280
43 285
43 287
44 47
44 57
44 59
44 105
44 111
44 165
44 187
44 194
44 204
44 230
44 254
44 289
44 299
45 87
45 92
45 152
45 179
45 194
45 197
45 212
45 217
45 220
45 229
45 245
45 288
45 292
46 70
46 140
46 165
46 188
46 192
46 197
46 199
46 217
46 285
46 297
47 60
47 91
47 114
47 120
47 121
47 126
47 130
47 131
47 155
47 189
47 205
47 211
47 213
47 214
47 215
47 224
47 244
47 252
47 258
47 265
47 269
47 278
47 291
47 294
47 296
48 69
48 87
48 112
48 153
48 184
48 250
48 286
48 289
49 66
49 78
49 89
49 146
49 169
49 176
49 207
49 214
49 215
49 221
49 225
49 227
49 248
49 255
49 258
49 279
50 51
50 53
50 124
50 158
50 198
50 201
50 217
50 220
50 223
50 234
50 250
50 266
50 284
50 298
51 79
51 144
51 145
51 173
51 175
51 205
51 210
51 226
51 232
51 246
51 249
51 261
51 265
51 274
51 294
52 67
52 108
52 125
52 126
52 139
52 150
52 164
52 175
52 213
52 214
52 232
52 252
52 273
52 274
52 281
53 55
53 78
53 106
53 115
53 125
53 146
53 159
53 167
53 173
53 175
53 208
53 240
53 253
53 260
53 278
53 283
53 296
54 96
54 122
54 124
54 152
54 174
54 228
54 277
55 85
55 138
55 174
55 216
55 250
55 287
56 69
56 70
56 85
56 87
56 94
56 103
56 158
56 192
56 196
56 218
56 228
56 236
56 287
57 60
57 66
57 75
57 91
57 101
57 102
57 109
57 130
57 137
57 207
57 219
57 244
57 247
57 257
57 265
57 281
57 283
57 290
58 66
58 144
58 151
58 157
58 205
58 225
58 264
58 269
58 279
58 283
58 291
59 75
59 78
59 119
59 130
59 139
59 163
59 168
59 185
59 232
59 240
59 265
59 281
59 295
59 296
60 76
60 85
60 87
60 88
60 105
60 116
60 135
60 174
60 184
60 192
60 196
60 198
60 201
60 233
60 236
60 285
60 293
61 80
61 85
61 92
61 98
61 116
61 127
61 135
61 186
61 190
61 191
61 192
61 250
61 266
61 292
62 80
62 92
62 94
62 158
62 182
62 184
62 187
62 191
62 217
62 262
62 271
62 287
63 92
63 97
63 156
63 234
63 237
63 245
63 288
63 297
63 299
64 71
64 72
64 97
64 100
64 129
64 138
64 156
64 179
64 188
64 194
64 196
64 223
64 229
64 233
65 71
65 98
65 136
65 156
65 165
65 180
65 196
65 220
65 230
65 251
65 288
66 92
66 133
66 153
66 177
66 191
66 201
66 286
67 70
67 105
67 127
67 188
67 194
67 239
67 271
67 280
67 292
67 293
67 299
68 78
68 81
68 102
68 108
68 119
68 137
68 144
68 151
68 160
68 167
68 175
68 209
68 210
68 221
68 231
68 235
68 249
68 263
68 273
68 296
69 75
69 125
69 147
69 155
69 176
69 200
69 219
69 227
69 268
69 279
69 281
69 294
69 295
70 78
70 79
70 99
70 118
70 144
70 148
70 149
70 150
70 155
70 160
70 164
70 173
70 206
70 214
70 226
70 227
70 235
70 247
70 295
71 75
71 77
71 79
71 81
71 82
71 84
71 93
71 101
71 115
71 121
71 125
71 126
71 150
71 151
71 160
71 208
71 209
71 231
71 249
72 84
72 101
72 106
72 108
72 163
72 167
72 169
72 176
72 195
72 209
72 231
72 240
72 253
72 255
72 279
73 76
73 86
73 94
73 100
73 136
73 180
73 184
73 194
73 199
73 245
73 266
73 284
73 288
73 298
73 299
74 76
74 96
74 112
74 127
74 128
74 129
74 136
74 138
74 188
74 199
74 241
74 286
75 92
75 133
75 177
75 190
75 194
75 212
75 284
75 287
76 78
76 121
76 146
76 150
76 160
76 185
76 193
76 206
76 207
76 210
76 232
76 249
76 268
76 279
77 123
77 153
77 179
77 187
77 188
77 233
77 242
77 262
78 92
78 98
78 111
78 142
78 162
78 182
78 194
78 228
78 234
78 239
78 241
78 266
78 287
78 288
78 292
79 85
79 88
79 103
79 135
79 174
79 180
79 259
79 287
80 83
80 101
80 102
80 109
80 113
80 120
80 164
80 171
80 176
80 195
80 206
80 213
80 247
80 253
80 255
80 261
81 92
81 98
81 103
81 124
81 140
81 142
81 152
81 191
81 236
81 241
81 280
81 293
82 92
82 103
82 105
82 128
82 153
82 196
82 204
82 228
82 241
82 277
82 286
82 287
83 116
83 138
83 180
83 202
83 251
83 280
83 287
83 292
84 87
84 94
84 100
84 138
84 142
84 183
84 212
84 217
84 233
84 239
84 242
84 251
85 110
85 159
85 161
85 167
85 169
85 170
85 176
85 244
85 247
85 260
85 272
85 278
85 291
85 296
86 89
86 91
86 95
86 115
86 132
86 145
86 210
86 244
86 247
86 263
86 270
86 279
86 281
87 90
87 104
87 109
87 115
87 126
87 146
87 148
87 151
87 166
87 167
87 200
87 206
87 208
87 224
87 246
87 247
87 256
87 267
87 270
87 275
87 290
88 93
88 115
88 130
88 147
88 163
88 175
88 214
88 246
88 256
88 258
88 267
88 270
88 281
89 140
89 174
89 180
89 233
89 242
89 271
89 288
90 124
90 129
90 188
90 190
90 197
90 204
90 212
90 217
90 236
90 245
90 259
90 287
90 292
91 97
91 122
91 123
91 128
91 174
91 188
91 190
91 191
91 197
91 201
91 237
91 242
91 250
91 289
92 93
92 95
92 113
92 125
92 134
92 151
92 157
92 159
92 166
92 173
92 181
92 210
92 221
92 258
92 268
92 274
92 276
92 281
92 283
92 291
92 295
93 111
93 116
93 122
93 128
93 135
93 142
93 162
93 190
93 191
93 217
93 220
93 242
94 95
94 101
94 107
94 108
94 109
94 113
94 121
94 131
94 137
94 173
94 221
94 227
94 235
94 238
94 244
94 256
94 268
94 279
95 105
95 127
95 152
95 154
95 162
95 199
95 217
95 218
95 233
95 236
96 147
96 173
96 181
96 238
96 248
96 278
96 282
97 99
97 101
97 113
97 115
97 121
97 139
97 166
97 168
97 232
97 238
97 240
97 246
97 263
97 270
97 272
98 104
98 126
98 131
98 148
98 159
98 195
98 203
98 210
98 222
98 227
98 248
98 253
98 258
98 265
98 283
98 295
99 100
99 103
99 140
99 156
99 180
99 182
99 251
99 271
99 280
99 289
100 107
100 115
100 130
100 139
100 144
100 160
100 167
100 168
100 173
100 181
100 211
100 219
100 221
100 238
100 248
100 265
100 273
101 152
101 178
101 184
101 186
101 254
101 271
101 293
102 112
102 122
102 127
102 133
102 153
102 180
102 186
102 197
102 216
102 217
102 220
102 234
102 277
102 286
103 104
103 110
103 113
103 115
103 131
103 143
103 151
103 157
103 173
103 176
103 189
103 213
103 215
103 222
103 231
103 265
103 269
104 156
104 183
104 184
104 202
104 218
104 250
104 287
105 137
105 139
105 157
105 168
105 203
105 207
105 219
105 244
105 249
105 252
105 255
106 127
106 191
106 196
106 220
106 223
106 293
107 123
107 127
107 136
107 142
107 183
107 184
107 186
107 187
107 216
107 228
107 262
107 266
107 280
107 284
107 293
107 299
108 111
108 124
108 138
108 184
108 199
108 230
108 241
108 250
108 288
108 298
109 124
109 135
109 154
109 179
109 180
109 182
109 196
109 217
109 220
109 236
109 239
109 254
109 277
109 285
110 128
110 129
110 156
110 162
110 179
110 236
110 239
110 242
110 254
110 280
110 293
110 299
111 114
111 117
111 118
111 139
111 143
111 155
111 167
111 221
111 232
111 263
111 268
111 270
111 275
112 117
112 120
112 134
112 185
112 189
112 206
112 207
112 211
112 219
112 225
112 238
112 252
112 260
112 273
112 296
113 135
113 180
113 196
113 197
113 198
113 242
113 259
113 271
113 277
113 287
113 289
113 293
114 124
114 129
114 154
114 179
114 197
114 201
114 280
115 122
115 128
115 129
115 142
115 153
115 156
115 174
115 179
115 191
115 239
115 251
115 266
115 280
115 288
115 289
116 119
116 121
116 134
116 143
116 147
116 148
116 163
116 189
116 209
116 215
116 246
116 258
116 261
116 272
116 276
116 296
117 127
117 138
117 141
117 174
117 184
117 202
117 266
117 293
117 297
118 135
118 140
118 174
118 184
118 188
118 266
119 129
119 142
119 180
119 190
119 194
119 196
119 217
119 241
119 251
120 123
120 124
120 153
120 154
120 180
120 183
120 188
120 196
120 228
120 266
120 286
120 293
121 153
121 154
121 162
121 183
121 184
121 191
121 220
121 241
121 245
121 262
121 289
122 149
122 171
122 185
122 193
122 195
122 203
122 214
122 221
122 253
122 270
122 278
122 283
123 139
123 155
123 176
123 195
123 206
123 209
123 221
123 224
123 225
123 244
123 252
123 275
123 290
124 131
124 139
124 157
124 160
124 169
124 189
124 200
124 222
124 246
124 247
124 249
124 256
124 267
124 268
124 275
124 281
124 282
124 291
125 142
125 178
125 197
125 236
125 251
125 289
126 142
126 184
126 190
126 230
126 239
126 271
126 284
127 151
127 164
127 175
127 209
127 211
127 215
127 273
127 274
128 155
128 161
128 170
128 215
128 219
128 235
128 243
128 246
128 249
128 257
128 273
128 274
129 137
129 143
129 146
129 151
129 161
129 164
129 170
129 200
129 206
129 211
129 252
129 257
129 267
129 268
129 274
129 279
129 290
130 156
130 165
130 216
130 218
130 254
130 259
130 299
131 141
131 162
131 179
131 182
131 191
131 194
131 230
131 236
131 266
132 162
132 165
132 178
132 202
132 217
132 234
132 262
132 292
133 143
133 147
133 163
133 169
133 206
133 224
133 231
133 235
133 240
133 264
133 268
133 270
133 281
134 136
134 182
134 199
134 217
134 230
134 254
134 297
135 139
135 159
135 164
135 185
135 200
135 264
135 272
135 274
135 276
136 145
136 146
136 161
136 168
136 169
136 170
136 185
136 205
136 227
136 253
136 264
136 296
137 138
137 158
137 182
137 183
137 194
137 201
137 216
137 223
137 230
137 239
137 254
138 145
138 161
138 163
138 170
138 171
138 185
138 213
138 219
138 231
138 255
138 269
139 153
139 154
139 162
139 165
139 192
139 199
139 202
139 204
139 218
139 223
139 228
139 239
139 242
139 297
139 298
140 159
140 170
140 171
140 175
140 176
140 185
140 206
140 207
140 213
140 222
140 224
140 260
140 268
140 270
140 295
141 145
141 148
141 159
141 169
141 175
141 207
141 215
141 258
141 276
141 296
142 144
142 146
142 160
142 175
142 256
142 264
142 279
142 290
142 294
143 156
143 230
143 242
143 286
144 178
144 204
144 233
144 254
144 284
145 154
145 162
145 174
145 188
145 198
145 218
145 229
145 230
145 234
145 237
145 239
145 241
145 287
146 156
146 178
146 182
146 250
146 251
146 259
146 299
147 178
147 182
147 187
147 254
147 277
148 152
148 182
148 218
148 284
148 292
148 297
149 158
149 162
149 197
149 228
149 234
149 250
149 251
149 259
149 288
149 297
150 198
150 237
150 284
150 297
150 298
151 154
151 180
151 191
151 217
151 220
151 259
151 280
151 287
151 299
152 155
152 166
152 200
152 208
152 222
152 224
152 238
152 260
152 261
152 264
152 265
152 267
152 273
153 155
153 157
153 160
153 169
153 195
153 219
153 243
153 246
153 256
153 258
153 270
153 279
153 282
154 157
154 171
154 173
154 185
154 193
154 226
154 243
154 244
154 246
154 249
154 252
154 270
154 274
154 276
154 281
154 283
155 165
155 180
155 198
155 223
155 233
155 242
155 271
155 285
156 161
156 164
156 203
156 208
156 231
156 238
156 240
156 249
156 255
156 272
157 177
157 179
157 190
157 199
157 212
157 297
158 163
158 167
158 169
158 173
158 176
158 181
158 205
158 206
158 207
158 244
158 275
159 186
159 187
159 190
159 194
159 217
159 218
159 228
159 233
159 236
159 251
159 254
159 284
159 297
160 174
160 184
160 186
160 199
160 217
160 233
160 250
160 262
160 286
161 179
161 197
161 198
161 228
161 280
161 284
161 288
161 298
162 173
162 189
162 193
162 227
162 252
162 268
162 276
162 283
163 197
163 198
163 199
163 202
163 230
163 233
163 292
164 190
164 192
164 220
164 223
164 230
164 236
164 297
164 298
165 185
165 222
165 253
165 275
165 279
165 283
165 290
166 192
166 197
166 201
166 202
166 237
166 239
166 262
166 266
166 271
166 280
166 287
167 196
167 198
167 228
167 229
167 237
167 239
167 285
167 297
168 198
168 202
168 287
168 292
168 297
169 177
169 186
169 191
169 192
169 220
169 229
169 239
169 245
169 271
169 298
170 178
170 186
170 194
170 201
170 216
170 218
170 220
170 234
170 250
171 187
171 212
171 216
171 228
171 254
171 262
171 284
171 293
172 183
172 196
172 197
172 217
172 220
172 242
172 250
172 280
172 286
173 187
173 196
173 212
173 239
173 271
173 288
173 299
174 189
174 208
174 209
174 264
174 278
174 279
174 282
175 197
175 202
175 234
175 285
175 287
176 179
176 186
176 190
176 191
176 196
176 217
176 229
176 230
176 251
176 289
177 206
177 208
177 210
177 211
177 219
177 225
177 227
177 246
177 255
177 260
177 274
177 282
178 195
178 215
178 235
178 263
178 294
179 209
179 213
179 215
179 222
179 225
179 231
179 238
179 240
179 265
179 295
180 193
180 206
180 214
180 232
180 255
180 256
180 276
181 186
181 250
181 266
181 297
182 189
182 193
182 206
182 207
182 210
182 215
182 227
182 232
182 240
182 243
182 253
182 263
182 279
183 193
183 211
183 224
183 226
183 261
183 268
184 203
184 206
184 209
184 224
184 225
184 231
184 295
185 201
185 245
185 259
185 287
185 293
186 206
186 219
186 238
186 265
186 283
187 219
187 225
187 243
187 261
187 263
187 275
187 278
187 294
188 206
188 210
188 213
188 214
188 222
188 235
188 240
188 244
188 253
188 255
188 282
188 296
189 192
189 194
189 199
189 228
189 233
190 193
190 209
190 214
190 219
190 224
190 243
190 244
190 246
190 264
190 282
190 294
191 219
191 224
191 225
191 231
191 261
191 268
192 203
192 206
192 226
192 227
192 243
192 253
193 194
193 202
193 216
193 217
193 228
193 262
193 287
193 288
194 206
194 240
194 257
194 261
194 272
194 274
194 283
194 291
195 199
195 230
195 241
195 280
195 297
195 299
196 215
196 219
196 225
196 256
196 261
196 263
196 269
196 276
196 278
197 208
197 224
197 238
197 249
197 253
197 256
197 265
197 267
198 200
198 222
198 231
198 246
198 248
198 270
198 279
199 205
199 207
199 226
199 235
199 247
199 265
199 295
200 237
200 241
200 254
201 208
201 224
201 253
201 264
201 278
201 282
201 294
201 295
202 232
202 246
202 247
202 249
202 265
202 270
202 279
202 281
202 290
203 223
203 234
204 211
204 243
204 255
204 257
204 265
204 272
205 216
205 217
205 228
205 230
205 239
205 271
206 230
206 233
206 250
206 277
206 280
206 287
207 217
207 223
207 237
207 241
207 262
207 271
207 286
208 218
208 220
208 287
208 288
209 216
209 220
209 236
209 259
209 280
209 288
209 292
209 293
210 220
210 230
210 288
210 289
211 233
211 251
211 254
211 287
211 293
211 299
212 231
212 232
212 244
212 247
212 248
212 252
212 256
212 260
212 294
213 230
213 237
213 262
213 284
213 299
214 233
214 237
215 233
215 259
215 271
216 244
216 248
216 268
216 273
216 279
216 281
217 225
217 231
217 295
218 240
218 269
218 275
218 296
219 230
219 233
219 234
219 241
219 266
219 293
220 243
220 247
220 261
220 275
220 281
220 295
221 266
221 284
222 233
222 236
222 251
222 254
222 262
222 271
222 293
223 248
223 275
223 276
223 295
224 241
224 280
224 292
225 233
225 251
225 277
225 293
226 280
226 298
226 299
227 277
227 286
227 288
228 256
228 261
228 267
228 273
228 274
228 279
229 272
229 278
230 256
230 264
230 274
230 282
231 234
231 236
231 284
232 271
233 244
233 265
233 270
233 282
233 294
234 238
234 243
234 244
234 253
234 258
234 274
235 241
235 250
235 285
235 288
235 297
236 238
236 244
236 247
236 265
236 276
236 291
237 243
237 249
237 269
237 270
237 272
237 294
238 250
238 280
238 286
239 243
239 246
239 253
239 261
240 299
241 265
241 279
241 281
241 296
242 264
242 268
242 276
242 281
242 295
243 288
245 260
245 264
246 250
246 277
246 280
246 287
247 250
247 297
248 289
249 271
249 284
250 279
251 258
251 260
251 270
252 259
252 285
253 254
253 259
253 266
253 293
253 299
254 260
254 263
254 279
254 291
254 294
254 296
255 262
255 284
256 266
256 285
257 262
257 288
257 292
258 266
258 277
258 284
259 279
259 290
260 287
260 299
261 298
262 265
262 268
262 276
263 299
264 289
265 266
265 277
265 280
265 297
265 299
266 282
266 291
267 297
268 280
268 288
268 293
269 271
269 297
270 280
271 273
271 274
271 275
271 294
272 285
272 292
273 284
273 286
274 297
275 288
275 289
276 298
279 284
279 298
279 299
280 296
281 297
283 293
284 295
285 296
286 290
289 291
289 294
296 299
