300 741
0 21
0 42
0 69
0 76
0 227
1 156
1 167
1 192
1 241
1 271
2 32
2 47
2 72
2 122
2 243
3 43
3 112
3 174
3 244
3 282
3 296
4 7
4 30
4 59
4 82
4 156
4 191
5 184
5 195
5 274
5 285
6 232
6 285
6 292
7 74
7 88
8 62
8 139
8 184
8 242
9 50
9 99
9 156
9 196
10 157
10 227
10 265
11 106
11 140
11 141
11 216
11 283
12 87
12 133
12 198
12 221
12 281
13 18
13 76
13 127
13 206
13 277
14 236
14 277
15 42
15 48
15 180
15 269
16 26
16 31
16 36
16 109
16 138
16 139
16 199
16 201
16 220
17 37
17 52
17 105
17 137
17 208
17 244
17 296
18 80
18 83
18 273
19 21
19 260
19 270
20 82
20 163
21 24
21 62
21 67
21 106
21 226
22 30
22 36
22 68
22 80
22 104
22 116
22 134
22 298
23 43
23 127
23 148
23 162
23 208
23 250
24 65
24 151
24 277
24 282
25 95
25 111
25 112
25 145
25 270
25 294
25 296
26 35
26 71
26 119
26 165
27 121
27 133
27 140
27 159
28 77
28 90
28 143
28 267
29 66
29 82
29 93
29 94
29 133
29 139
29 248
30 76
30 86
30 265
30 269
30 287
31 52
31 85
31 293
31 297
32 40
32 45
32 51
32 201
32 261
32 280
33 42
33 52
34 41
34 102
34 282
35 36
35 78
35 108
35 114
35 173
35 175
35 201
36 214
36 234
36 237
36 297
37 49
37 50
37 121
37 134
37 139
37 262
38 48
38 69
38 122
38 125
38 293
39 159
39 181
39 187
39 194
39 222
39 228
39 239
40 247
41 51
41 61
41 144
41 168
41 226
41 263
42 46
42 63
42 169
42 185
42 232
42 248
42 262
42 274
43 50
43 99
43 176
43 182
44 105
44 130
44 227
45 85
45 111
45 282
47 93
47 107
47 194
47 213
47 230
48 59
48 133
48 171
49 137
49 208
49 297
50 245
51 151
51 157
51 208
51 247
51 250
52 82
52 292
53 92
53 164
53 178
54 74
54 237
54 293
55 184
55 192
55 283
56 97
56 131
56 215
56 238
57 71
57 256
58 113
58 296
59 112
59 128
59 269
59 288
60 63
60 121
60 134
60 154
60 163
60 187
60 292
61 110
61 128
62 105
62 277
62 297
63 86
63 164
63 258
63 269
63 288
64 102
64 132
64 296
65 83
65 90
65 139
65 147
65 166
65 182
65 184
65 220
65 284
65 285
66 197
66 254
67 126
67 290
68 188
68 208
68 258
69 80
69 81
69 89
69 116
69 118
69 168
69 217
69 283
70 71
70 119
70 211
70 260
70 287
71 91
71 147
71 191
71 280
71 281
71 292
72 89
72 93
72 253
72 266
73 148
73 151
73 174
73 224
73 290
74 186
74 253
74 263
74 279
75 270
75 297
76 83
76 84
76 96
76 133
76 242
76 251
76 298
77 250
77 287
78 119
78 149
78 206
79 160
79 180
79 206
79 269
80 97
80 257
81 113
81 125
82 112
82 157
82 254
83 160
84 102
84 132
85 116
85 172
85 229
86 194
86 213
86 262
87 88
87 132
88 141
88 152
88 195
89 209
89 214
89 250
90 145
90 157
90 160
91 110
91 120
92 104
92 155
92 263
93 215
93 288
95 141
95 158
96 287
96 294
97 101
97 152
97 229
97 298
98 178
98 197
99 111
99 131
99 162
99 244
99 296
100 119
100 120
100 125
100 250
100 289
100 299
101 123
101 131
101 231
101 286
101 296
102 114
102 115
102 274
103 112
103 209
103 215
103 223
104 128
104 254
104 269
105 140
105 143
105 159
105 192
105 213
105 276
107 209
107 269
108 148
108 212
108 255
109 131
109 180
109 202
109 240
110 124
110 172
110 271
110 273
110 283
111 173
111 230
111 242
112 133
112 172
112 200
113 117
113 168
113 266
114 180
114 265
115 224
116 157
116 174
116 178
116 238
116 250
117 151
117 165
117 178
117 235
117 255
117 270
118 231
118 235
118 236
118 247
118 250
118 270
119 159
120 207
120 275
120 280
121 125
121 269
122 134
122 152
122 182
123 171
123 194
123 205
123 229
124 211
124 231
124 256
125 218
125 226
125 262
126 190
126 204
126 242
126 284
127 140
127 156
127 171
127 173
127 199
127 203
127 222
128 216
128 246
129 149
129 260
130 175
130 179
130 267
131 259
132 190
132 267
133 188
133 234
133 256
133 299
134 197
134 208
135 219
135 270
136 142
137 141
137 143
137 152
137 166
137 175
137 229
137 233
137 253
138 149
138 238
138 290
139 219
139 270
139 288
139 294
140 219
140 245
140 258
141 299
142 228
142 246
142 284
143 197
144 145
144 257
144 297
145 172
145 182
145 192
145 216
146 157
146 247
146 255
146 256
146 277
146 290
147 149
147 269
147 293
148 203
148 283
149 185
150 237
150 240
150 277
150 290
150 297
151 220
152 208
152 227
152 265
153 277
154 211
154 231
154 240
154 269
154 286
155 161
155 219
155 225
156 219
156 296
157 217
157 239
157 272
158 231
158 244
159 215
159 236
159 256
159 290
160 194
160 221
160 230
160 246
160 274
161 226
161 283
162 204
162 229
163 265
164 170
164 177
164 221
164 274
165 196
165 204
165 248
166 188
166 260
167 197
167 211
168 223
169 212
169 245
170 174
170 223
170 244
170 265
172 212
172 244
173 197
173 288
174 213
174 217
174 220
175 238
175 290
175 299
176 237
177 256
177 277
177 288
178 239
178 283
178 284
179 180
180 246
181 225
181 254
182 219
182 244
183 206
183 247
185 265
187 234
188 191
188 198
188 229
189 209
189 214
190 236
190 240
191 202
191 206
191 258
192 235
192 265
193 208
193 282
194 236
194 290
195 250
195 260
196 269
198 260
199 244
199 256
199 257
199 289
199 290
200 258
201 282
201 288
202 241
203 270
205 256
206 216
206 239
206 272
207 209
207 238
209 279
210 231
210 240
211 229
212 239
212 264
213 225
213 270
213 293
214 272
215 229
215 230
215 281
216 255
218 256
220 235
222 244
223 241
225 284
225 285
225 298
226 255
229 234
229 257
231 239
232 234
232 265
233 243
234 291
236 253
236 274
236 276
237 239
239 294
240 276
241 250
241 270
242 269
243 251
244 263
247 252
248 265
248 297
250 261
250 275
251 269
251 297
253 254
253 258
253 286
254 262
254 275
258 291
260 267
263 299
264 282
265 268
268 277
268 282
268 287
270 295
271 287
275 289
276 286
276 299
280 290
282 298
291 296
297 298
