300 7698
0 8
0 13
0 20
0 22
0 24
0 27
0 40
0 43
0 46
0 59
0 63
0 70
0 79
0 90
0 91
0 101
0 102
0 104
0 115
0 119
0 120
0 124
0 136
0 137
0 155
0 156
0 161
0 168
0 176
0 178
0 190
0 193
0 194
0 199
0 200
0 203
0 214
0 222
0 224
0 226
0 230
0 232
0 234
0 235
0 236
0 242
0 248
0 253
0 255
0 257
0 258
0 262
0 267
0 270
0 286
0 287
0 290
0 292
0 295
0 296
0 299
1 7
1 8
1 12
1 22
1 24
1 34
1 39
1 50
1 54
1 55
1 61
1 70
1 80
1 83
1 85
1 86
1 88
1 99
1 102
1 105
1 112
1 115
1 124
1 129
1 136
1 140
1 141
1 146
1 147
1 167
1 168
1 169
1 176
1 180
1 183
1 189
1 198
1 199
1 202
1 204
1 207
1 209
1 211
1 214
1 217
1 224
1 226
1 230
1 233
1 246
1 254
1 263
1 264
1 266
1 267
1 284
1 290
1 292
1 295
1 296
2 8
2 17
2 18
2 20
2 27
2 28
2 29
2 31
2 41
2 44
2 58
2 59
2 61
2 79
2 85
2 87
2 93
2 97
2 99
2 101
2 102
2 128
2 136
2 143
2 146
2 156
2 161
2 164
2 165
2 168
2 169
2 177
2 189
2 190
2 193
2 198
2 199
2 200
2 204
2 215
2 217
2 220
2 227
2 230
2 234
2 236
2 267
2 270
2 273
2 286
2 292
2 295
2 299
3 25
3 26
3 33
3 38
3 48
3 56
3 57
3 66
3 73
3 77
3 81
3 92
3 94
3 117
3 118
3 132
3 138
3 142
3 145
3 149
3 150
3 152
3 163
3 166
3 172
3 175
3 179
3 181
3 182
3 186
3 192
3 210
3 219
3 223
3 237
3 243
3 247
3 249
3 252
3 271
3 275
3 280
3 283
3 288
3 291
3 293
4 25
4 36
4 37
4 52
4 65
4 66
4 67
4 75
4 76
4 78
4 103
4 108
4 114
4 123
4 126
4 130
4 135
4 139
4 142
4 145
4 149
4 150
4 152
4 153
4 162
4 163
4 171
4 172
4 175
4 179
4 185
4 195
4 197
4 210
4 213
4 219
4 231
4 239
4 247
4 252
4 274
4 291
4 293
5 9
5 10
5 13
5 23
5 28
5 34
5 39
5 40
5 44
5 45
5 49
5 63
5 80
5 83
5 109
5 112
5 124
5 136
5 140
5 143
5 146
5 147
5 157
5 159
5 164
5 167
5 173
5 178
5 183
5 187
5 189
5 191
5 194
5 200
5 201
5 202
5 204
5 206
5 211
5 220
5 221
5 228
5 233
5 238
5 240
5 245
5 246
5 248
5 254
5 256
5 261
5 263
5 267
5 270
5 272
5 284
5 287
6 8
6 12
6 13
6 15
6 16
6 18
6 20
6 23
6 34
6 41
6 44
6 45
6 47
6 55
6 61
6 72
6 74
6 80
6 85
6 86
6 101
6 109
6 110
6 112
6 113
6 128
6 129
6 140
6 141
6 146
6 147
6 156
6 158
6 159
6 167
6 168
6 183
6 196
6 198
6 199
6 204
6 205
6 206
6 207
6 214
6 215
6 220
6 228
6 233
6 234
6 238
6 240
6 241
6 263
6 265
6 269
6 270
6 273
6 281
6 295
6 296
7 14
7 25
7 26
7 30
7 32
7 36
7 37
7 48
7 51
7 64
7 69
7 75
7 78
7 84
7 89
7 95
7 103
7 108
7 117
7 118
7 122
7 125
7 126
7 127
7 130
7 134
7 138
7 142
7 145
7 148
7 160
7 170
7 172
7 181
7 182
7 195
7 197
7 210
7 216
7 223
7 247
7 252
7 282
7 289
7 297
8 14
8 32
8 38
8 51
8 60
8 65
8 67
8 71
8 73
8 75
8 82
8 89
8 95
8 103
8 111
8 125
8 139
8 148
8 149
8 152
8 162
8 163
8 171
8 174
8 182
8 186
8 195
8 197
8 213
8 237
8 247
8 249
8 250
8 251
8 271
8 274
8 278
8 283
8 289
8 297
9 26
9 32
9 33
9 35
9 36
9 42
9 48
9 53
9 67
9 69
9 71
9 73
9 81
9 89
9 103
9 107
9 117
9 126
9 132
9 135
9 142
9 149
9 151
9 171
9 185
9 186
9 197
9 208
9 218
9 219
9 223
9 231
9 244
9 249
9 251
9 260
9 274
9 278
9 280
9 282
9 293
9 297
10 19
10 35
10 36
10 38
10 51
10 57
10 60
10 65
10 66
10 69
10 75
10 77
10 81
10 94
10 96
10 100
10 103
10 107
10 108
10 114
10 116
10 117
10 118
10 123
10 127
10 130
10 131
10 149
10 153
10 170
10 174
10 181
10 182
10 186
10 216
10 223
10 237
10 243
10 247
10 249
10 252
10 271
10 274
10 280
10 283
11 14
11 25
11 36
11 42
11 48
11 51
11 52
11 53
11 60
11 64
11 65
11 71
11 76
11 82
11 89
11 96
11 100
11 103
11 108
11 117
11 123
11 125
11 130
11 145
11 150
11 153
11 174
11 175
11 181
11 186
11 192
11 195
11 197
11 223
11 231
11 249
11 260
11 271
11 282
11 288
11 291
11 293
11 297
12 25
12 30
12 51
12 53
12 57
12 60
12 64
12 66
12 81
12 82
12 89
12 92
12 96
12 103
12 111
12 114
12 130
12 134
12 135
12 145
12 150
12 151
12 152
12 170
12 171
12 174
12 175
12 182
12 185
12 188
12 195
12 208
12 216
12 218
12 219
12 252
12 260
12 283
12 288
12 293
12 297
13 14
13 26
13 32
13 36
13 51
13 53
13 57
13 66
13 69
13 73
13 77
13 78
13 82
13 84
13 92
13 94
13 108
13 117
13 118
13 123
13 131
13 134
13 139
13 148
13 149
13 150
13 151
13 170
13 171
13 174
13 181
13 186
13 192
13 213
13 218
13 231
13 251
13 288
13 293
14 17
14 29
14 34
14 39
14 41
14 43
14 45
14 49
14 54
14 55
14 62
14 68
14 70
14 72
14 83
14 85
14 86
14 91
14 93
14 104
14 110
14 112
14 113
14 120
14 128
14 143
14 146
14 154
14 159
14 165
14 167
14 169
14 190
14 194
14 196
14 211
14 215
14 225
14 233
14 234
14 238
14 242
14 245
14 256
14 257
14 259
14 264
14 266
14 270
14 272
14 273
14 276
14 279
14 298
15 30
15 32
15 36
15 37
15 53
15 56
15 60
15 64
15 67
15 69
15 71
15 73
15 77
15 78
15 89
15 107
15 134
15 149
15 160
15 163
15 170
15 171
15 179
15 181
15 185
15 188
15 192
15 213
15 216
15 223
15 237
15 251
15 260
15 283
15 288
15 291
15 293
16 19
16 26
16 32
16 35
16 36
16 38
16 53
16 65
16 67
16 69
16 71
16 75
16 76
16 84
16 103
16 107
16 125
16 126
16 131
16 134
16 148
16 160
16 166
16 171
16 186
16 188
16 195
16 216
16 218
16 223
16 239
16 250
16 275
16 297
17 25
17 26
17 35
17 36
17 42
17 48
17 53
17 56
17 64
17 75
17 77
17 81
17 84
17 89
17 100
17 116
17 123
17 126
17 132
17 139
17 145
17 163
17 166
17 175
17 179
17 192
17 195
17 213
17 218
17 237
17 247
17 249
17 250
17 251
17 260
17 271
17 275
17 283
17 289
17 297
18 35
18 51
18 53
18 56
18 57
18 64
18 65
18 66
18 69
18 75
18 76
18 77
18 82
18 92
18 94
18 95
18 118
18 125
18 148
18 149
18 152
18 153
18 160
18 162
18 170
18 188
18 192
18 208
18 213
18 219
18 231
18 239
18 247
18 249
18 252
18 282
18 297
19 31
19 39
19 40
19 43
19 49
19 54
19 62
19 63
19 83
19 87
19 88
19 93
19 97
19 102
19 110
19 112
19 113
19 115
19 120
19 128
19 133
19 144
19 155
19 156
19 159
19 161
19 176
19 177
19 178
19 187
19 189
19 193
19 194
19 206
19 214
19 215
19 220
19 221
19 222
19 224
19 228
19 232
19 235
19 240
19 241
19 245
19 253
19 254
19 257
19 259
19 262
19 263
19 268
19 270
19 273
19 277
19 296
20 30
20 53
20 56
20 65
20 66
20 69
20 73
20 76
20 81
20 84
20 89
20 95
20 96
20 114
20 116
20 117
20 118
20 122
20 123
20 125
20 126
20 131
20 132
20 135
20 151
20 153
20 160
20 163
20 179
20 185
20 188
20 208
20 218
20 223
20 237
20 244
20 247
20 275
20 280
20 283
20 291
21 32
21 33
21 36
21 51
21 53
21 56
21 73
21 75
21 78
21 81
21 94
21 95
21 96
21 100
21 103
21 111
21 116
21 117
21 118
21 123
21 127
21 130
21 131
21 134
21 139
21 149
21 150
21 171
21 172
21 174
21 175
21 181
21 195
21 213
21 218
21 219
21 239
21 243
21 244
21 250
21 278
21 289
21 293
21 297
22 25
22 26
22 33
22 38
22 42
22 48
22 52
22 53
22 57
22 60
22 67
22 71
22 75
22 89
22 94
22 96
22 118
22 123
22 125
22 126
22 134
22 160
22 163
22 166
22 170
22 175
22 185
22 188
22 195
22 197
22 210
22 213
22 219
22 244
22 247
22 252
22 260
22 282
22 283
22 289
23 36
23 37
23 48
23 69
23 71
23 81
23 82
23 92
23 94
23 103
23 118
23 125
23 127
23 132
23 134
23 135
23 138
23 142
23 148
23 150
23 152
23 160
23 174
23 188
23 192
23 197
23 210
23 216
23 231
23 249
23 250
23 274
23 275
23 283
23 289
23 293
24 26
24 35
24 38
24 42
24 48
24 52
24 53
24 64
24 66
24 76
24 81
24 84
24 92
24 94
24 96
24 100
24 103
24 114
24 126
24 130
24 132
24 142
24 148
24 150
24 153
24 162
24 163
24 171
24 172
24 175
24 179
24 185
24 192
24 195
24 197
24 216
24 231
24 237
24 243
24 250
24 260
24 280
24 283
24 288
24 289
25 29
25 31
25 39
25 43
25 44
25 45
25 46
25 54
25 55
25 58
25 59
25 72
25 85
25 88
25 93
25 102
25 104
25 110
25 112
25 120
25 121
25 129
25 137
25 140
25 141
25 154
25 158
25 164
25 165
25 178
25 184
25 187
25 189
25 191
25 193
25 199
25 200
25 212
25 217
25 220
25 228
25 230
25 232
25 235
25 246
25 255
25 257
25 258
25 261
25 263
25 265
25 267
25 268
25 269
25 279
25 284
25 285
25 292
25 294
25 298
26 34
26 40
26 41
26 47
26 49
26 54
26 55
26 58
26 62
26 70
26 80
26 83
26 88
26 90
26 91
26 102
26 104
26 106
26 110
26 113
26 115
26 119
26 129
26 136
26 140
26 141
26 143
26 147
26 157
26 159
26 161
26 164
26 176
26 178
26 180
26 190
26 191
26 193
26 205
26 207
26 212
26 220
26 221
26 226
26 230
26 235
26 238
26 248
26 254
26 255
26 257
26 258
26 261
26 264
26 266
26 267
26 277
26 281
26 292
26 296
27 32
27 35
27 42
27 57
27 67
27 71
27 73
27 75
27 89
27 100
27 108
27 117
27 125
27 130
27 131
27 134
27 139
27 142
27 145
27 149
27 151
27 153
27 160
27 162
27 172
27 186
27 192
27 195
27 210
27 213
27 216
27 223
27 239
27 243
27 244
27 247
27 251
27 271
27 275
27 278
27 293
27 297
28 32
28 37
28 38
28 42
28 48
28 52
28 53
28 66
28 69
28 82
28 89
28 92
28 95
28 100
28 114
28 117
28 122
28 125
28 132
28 145
28 149
28 153
28 162
28 163
28 171
28 179
28 186
28 197
28 208
28 216
28 219
28 223
28 237
28 243
28 247
28 249
28 252
28 271
28 274
28 280
28 288
29 32
29 37
29 48
29 51
29 52
29 57
29 60
29 64
29 75
29 92
29 100
29 103
29 117
29 118
29 127
29 145
29 150
29 170
29 171
29 174
29 175
29 186
29 197
29 216
29 231
29 237
29 243
29 244
29 247
29 250
29 252
29 260
29 271
29 274
29 275
29 289
29 291
30 44
30 45
30 47
30 49
30 55
30 62
30 70
30 74
30 86
30 87
30 88
30 99
30 101
30 102
30 110
30 112
30 121
30 128
30 136
30 137
30 157
30 158
30 161
30 164
30 165
30 167
30 176
30 177
30 178
30 180
30 187
30 189
30 191
30 194
30 200
30 202
30 203
30 207
30 211
30 215
30 221
30 227
30 228
30 232
30 233
30 236
30 246
30 253
30 255
30 262
30 263
30 281
30 284
30 286
30 290
30 298
31 38
31 57
31 65
31 66
31 71
31 78
31 81
31 89
31 92
31 95
31 114
31 123
31 125
31 131
31 138
31 151
31 152
31 160
31 170
31 179
31 192
31 195
31 197
31 210
31 213
31 218
31 237
31 243
31 247
31 249
31 252
31 282
31 291
31 297
32 40
32 41
32 45
32 54
32 58
32 61
32 68
32 79
32 80
32 83
32 86
32 88
32 90
32 101
32 102
32 113
32 119
32 124
32 128
32 137
32 143
32 144
32 146
32 157
32 159
32 164
32 173
32 183
32 184
32 191
32 199
32 203
32 206
32 211
32 212
32 215
32 220
32 221
32 229
32 233
32 240
32 253
32 254
32 263
32 265
32 269
32 272
32 273
32 281
32 285
32 292
32 295
32 298
33 39
33 43
33 49
33 58
33 63
33 74
33 80
33 83
33 86
33 90
33 98
33 101
33 110
33 112
33 120
33 124
33 128
33 133
33 137
33 146
33 147
33 154
33 164
33 165
33 177
33 187
33 189
33 199
33 200
33 201
33 204
33 205
33 209
33 215
33 226
33 227
33 238
33 241
33 242
33 253
33 254
33 256
33 259
33 263
33 269
33 270
33 273
33 290
34 56
34 57
34 60
34 65
34 67
34 81
34 89
34 95
34 111
34 114
34 116
34 117
34 118
34 123
34 125
34 132
34 134
34 142
34 149
34 152
34 153
34 162
34 163
34 166
34 171
34 188
34 192
34 210
34 213
34 218
34 219
34 239
34 243
34 260
34 275
34 280
34 282
34 289
34 293
35 41
35 47
35 55
35 59
35 61
35 63
35 72
35 80
35 86
35 88
35 90
35 99
35 106
35 110
35 112
35 121
35 124
35 129
35 136
35 137
35 146
35 155
35 159
35 161
35 169
35 180
35 190
35 198
35 199
35 201
35 204
35 205
35 206
35 212
35 215
35 217
35 222
35 230
35 233
35 234
35 236
35 248
35 253
35 257
35 258
35 261
35 263
35 265
35 267
35 269
35 276
35 277
35 279
35 284
35 292
35 294
35 296
35 298
35 299
36 47
36 49
36 58
36 59
36 63
36 72
36 74
36 80
36 90
36 97
36 101
36 104
36 105
36 115
36 136
36 141
36 154
36 157
36 159
36 161
36 165
36 169
36 177
36 180
36 184
36 189
36 191
36 200
36 203
36 206
36 217
36 220
36 221
36 227
36 236
36 240
36 259
36 261
36 262
36 266
36 269
36 270
36 272
36 273
36 276
36 279
36 281
36 284
36 285
36 294
36 296
36 298
37 40
37 46
37 61
37 63
37 68
37 74
37 79
37 83
37 85
37 86
37 91
37 101
37 110
37 113
37 115
37 119
37 129
37 137
37 144
37 146
37 155
37 157
37 158
37 159
37 164
37 167
37 168
37 169
37 173
37 177
37 183
37 190
37 193
37 198
37 201
37 207
37 211
37 214
37 215
37 230
37 235
37 236
37 240
37 254
37 257
37 262
37 267
37 270
37 287
37 296
37 298
38 40
38 41
38 44
38 47
38 49
38 58
38 61
38 63
38 72
38 87
38 90
38 93
38 97
38 101
38 106
38 109
38 115
38 137
38 144
38 146
38 155
38 156
38 157
38 158
38 168
38 199
38 200
38 201
38 202
38 205
38 209
38 211
38 212
38 217
38 220
38 222
38 224
38 230
38 232
38 238
38 240
38 248
38 255
38 256
38 262
38 263
38 264
38 265
38 266
38 272
38 277
38 279
38 285
39 51
39 64
39 66
39 73
39 84
39 94
39 95
39 96
39 108
39 114
39 117
39 118
39 123
39 126
39 127
39 130
39 131
39 134
39 138
39 139
39 142
39 145
39 148
39 162
39 163
39 170
39 171
39 172
39 179
39 181
39 185
39 188
39 192
39 208
39 213
39 223
39 231
39 239
39 243
39 249
39 251
39 274
39 275
39 278
39 291
40 52
40 65
40 69
40 75
40 77
40 78
40 89
40 92
40 96
40 100
40 108
40 114
40 118
40 126
40 135
40 142
40 151
40 160
40 162
40 166
40 179
40 181
40 208
40 210
40 216
40 218
40 219
40 231
40 244
40 250
40 260
40 274
40 275
40 280
40 288
40 291
40 293
41 52
41 56
41 60
41 66
41 73
41 75
41 76
41 84
41 92
41 95
41 100
41 103
41 108
41 114
41 116
41 117
41 122
41 123
41 125
41 127
41 132
41 138
41 142
41 145
41 149
41 150
41 174
41 175
41 179
41 181
41 186
41 188
41 197
41 208
41 210
41 223
41 231
41 243
41 250
41 251
41 260
41 275
41 282
42 44
42 46
42 47
42 50
42 54
42 80
42 83
42 85
42 86
42 87
42 91
42 97
42 105
42 106
42 109
42 120
42 124
42 133
42 140
42 155
42 158
42 164
42 178
42 180
42 184
42 187
42 189
42 190
42 194
42 198
42 199
42 201
42 206
42 207
42 220
42 221
42 226
42 227
42 229
42 232
42 234
42 238
42 241
42 255
42 257
42 261
42 263
42 265
42 267
42 269
42 273
42 287
43 48
43 52
43 53
43 57
43 66
43 69
43 75
43 76
43 82
43 92
43 100
43 103
43 108
43 111
43 123
43 126
43 127
43 130
43 132
43 134
43 142
43 148
43 149
43 150
43 160
43 162
43 166
43 170
43 172
43 179
43 185
43 188
43 210
43 213
43 231
43 237
43 244
43 247
43 250
43 251
43 260
43 275
43 280
43 282
43 288
43 291
44 57
44 66
44 75
44 76
44 81
44 94
44 96
44 111
44 114
44 117
44 122
44 127
44 130
44 134
44 135
44 148
44 149
44 152
44 153
44 166
44 181
44 208
44 218
44 219
44 231
44 271
44 278
44 288
44 291
44 293
45 48
45 52
45 57
45 60
45 64
45 71
45 75
45 95
45 122
45 123
45 130
45 131
45 132
45 145
45 160
45 166
45 171
45 172
45 175
45 179
45 181
45 185
45 186
45 210
45 213
45 218
45 237
45 247
45 249
45 260
45 282
45 283
45 289
45 291
45 293
46 51
46 57
46 65
46 69
46 71
46 75
46 78
46 81
46 84
46 89
46 96
46 107
46 114
46 117
46 118
46 126
46 127
46 132
46 139
46 142
46 152
46 163
46 166
46 172
46 179
46 181
46 182
46 185
46 188
46 192
46 197
46 210
46 216
46 218
46 223
46 237
46 249
46 283
47 48
47 52
47 53
47 56
47 57
47 60
47 73
47 75
47 76
47 81
47 82
47 92
47 107
47 108
47 111
47 114
47 116
47 118
47 122
47 131
47 132
47 142
47 148
47 150
47 152
47 153
47 195
47 197
47 208
47 213
47 216
47 219
47 223
47 237
47 249
47 260
47 274
47 278
47 280
47 288
48 59
48 62
48 63
48 68
48 79
48 80
48 83
48 86
48 87
48 88
48 90
48 91
48 93
48 97
48 98
48 102
48 105
48 112
48 121
48 128
48 129
48 133
48 141
48 144
48 154
48 164
48 165
48 178
48 184
48 187
48 199
48 203
48 209
48 220
48 221
48 225
48 226
48 228
48 232
48 236
48 238
48 245
48 248
48 254
48 261
48 262
48 263
48 267
48 269
48 272
48 276
48 286
48 292
48 295
48 296
48 298
49 52
49 56
49 65
49 76
49 82
49 89
49 92
49 94
49 96
49 103
49 117
49 122
49 130
49 134
49 142
49 148
49 150
49 151
49 152
49 153
49 171
49 175
49 182
49 185
49 195
49 216
49 231
49 239
49 247
49 249
49 271
49 280
49 282
49 283
50 56
50 57
50 60
50 64
50 66
50 67
50 71
50 76
50 77
50 84
50 94
50 103
50 116
50 118
50 123
50 125
50 138
50 139
50 145
50 148
50 163
50 166
50 170
50 175
50 181
50 182
50 192
50 197
50 208
50 219
50 249
50 271
50 274
50 280
50 289
50 291
50 293
50 297
51 54
51 58
51 62
51 70
51 72
51 74
51 80
51 83
51 97
51 104
51 105
51 109
51 110
51 124
51 128
51 129
51 133
51 146
51 155
51 156
51 159
51 164
51 165
51 178
51 184
51 190
51 191
51 196
51 200
51 201
51 205
51 207
51 217
51 222
51 224
51 226
51 236
51 240
51 253
51 254
51 262
51 265
51 272
51 276
51 279
51 281
51 285
52 55
52 58
52 72
52 83
52 88
52 90
52 91
52 106
52 109
52 112
52 120
52 121
52 124
52 137
52 154
52 157
52 164
52 176
52 177
52 183
52 187
52 189
52 203
52 204
52 214
52 217
52 220
52 222
52 225
52 226
52 232
52 234
52 238
52 246
52 248
52 253
52 255
52 258
52 268
52 269
52 277
52 281
52 284
52 292
52 299
53 55
53 62
53 68
53 70
53 83
53 90
53 97
53 105
53 113
53 121
53 128
53 129
53 133
53 136
53 137
53 140
53 147
53 157
53 158
53 161
53 173
53 177
53 183
53 191
53 193
53 205
53 207
53 209
53 211
53 212
53 214
53 215
53 224
53 225
53 226
53 227
53 229
53 230
53 232
53 233
53 241
53 242
53 245
53 248
53 259
53 262
53 267
53 268
53 287
53 290
53 298
54 56
54 64
54 66
54 67
54 75
54 77
54 89
54 92
54 94
54 103
54 111
54 123
54 125
54 127
54 132
54 134
54 149
54 150
54 151
54 152
54 162
54 179
54 192
54 195
54 197
54 208
54 216
54 218
54 247
54 250
54 251
54 274
54 278
54 288
54 291
54 293
55 57
55 64
55 65
55 67
55 76
55 77
55 100
55 107
55 108
55 111
55 122
55 125
55 126
55 130
55 150
55 151
55 160
55 174
55 181
55 182
55 192
55 208
55 219
55 237
55 239
55 244
55 247
55 271
55 278
55 288
55 291
55 293
55 297
56 58
56 59
56 72
56 79
56 85
56 86
56 87
56 90
56 93
56 98
56 104
56 112
56 115
56 119
56 120
56 121
56 129
56 136
56 140
56 143
56 144
56 156
56 157
56 165
56 169
56 176
56 177
56 190
56 198
56 200
56 201
56 202
56 205
56 224
56 227
56 229
56 230
56 232
56 238
56 248
56 253
56 257
56 259
56 263
56 267
56 269
56 270
56 273
56 279
56 290
56 294
56 295
57 59
57 63
57 68
57 70
57 74
57 79
57 80
57 85
57 88
57 93
57 99
57 102
57 105
57 119
57 120
57 129
57 143
57 144
57 158
57 159
57 161
57 167
57 169
57 183
57 184
57 187
57 193
57 196
57 198
57 212
57 217
57 224
57 225
57 227
57 229
57 232
57 233
57 234
57 238
57 241
57 242
57 254
57 257
57 258
57 263
57 267
57 269
57 272
57 277
57 284
57 285
57 286
58 64
58 65
58 67
58 69
58 75
58 76
58 78
58 81
58 84
58 95
58 100
58 134
58 149
58 150
58 151
58 152
58 153
58 162
58 163
58 171
58 174
58 175
58 179
58 186
58 188
58 208
58 210
58 213
58 218
58 223
58 231
58 250
58 251
58 252
58 260
58 274
58 283
58 289
59 66
59 75
59 76
59 78
59 89
59 92
59 95
59 96
59 100
59 107
59 108
59 114
59 117
59 118
59 125
59 126
59 127
59 130
59 134
59 145
59 151
59 166
59 170
59 172
59 179
59 181
59 185
59 186
59 192
59 197
59 210
59 223
59 231
59 239
59 243
59 244
59 247
59 249
59 280
59 289
60 68
60 70
60 79
60 86
60 98
60 101
60 102
60 106
60 109
60 133
60 155
60 158
60 161
60 165
60 168
60 169
60 177
60 178
60 180
60 187
60 193
60 194
60 196
60 198
60 201
60 203
60 204
60 206
60 207
60 217
60 220
60 221
60 225
60 226
60 227
60 229
60 230
60 232
60 235
60 236
60 242
60 245
60 246
60 248
60 253
60 255
60 256
60 259
60 262
60 264
60 265
60 267
60 272
60 281
60 286
60 287
60 295
60 298
61 69
61 75
61 76
61 84
61 92
61 95
61 103
61 107
61 108
61 111
61 114
61 116
61 122
61 126
61 130
61 131
61 132
61 148
61 151
61 160
61 163
61 172
61 182
61 186
61 192
61 195
61 210
61 218
61 223
61 247
61 251
61 275
61 289
61 293
62 64
62 67
62 71
62 76
62 78
62 82
62 84
62 94
62 96
62 103
62 117
62 127
62 130
62 131
62 138
62 151
62 162
62 170
62 171
62 182
62 185
62 186
62 192
62 208
62 210
62 231
62 243
62 249
62 271
62 274
62 275
62 280
62 283
62 289
63 66
63 69
63 73
63 76
63 89
63 103
63 107
63 114
63 118
63 125
63 135
63 142
63 152
63 170
63 171
63 179
63 185
63 195
63 197
63 208
63 239
63 243
63 250
63 260
63 275
63 278
63 291
63 297
64 72
64 86
64 88
64 90
64 93
64 99
64 101
64 115
64 119
64 124
64 128
64 129
64 144
64 158
64 167
64 168
64 177
64 187
64 189
64 191
64 193
64 194
64 198
64 199
64 200
64 201
64 205
64 206
64 209
64 212
64 220
64 222
64 224
64 227
64 228
64 230
64 238
64 240
64 245
64 248
64 253
64 254
64 258
64 259
64 261
64 270
64 272
64 294
64 295
64 296
64 299
65 68
65 70
65 74
65 88
65 90
65 91
65 93
65 101
65 102
65 105
65 106
65 110
65 133
65 136
65 141
65 143
65 144
65 147
65 157
65 158
65 161
65 167
65 176
65 177
65 178
65 184
65 193
65 194
65 196
65 199
65 203
65 217
65 221
65 222
65 224
65 230
65 232
65 235
65 236
65 238
65 242
65 245
65 248
65 253
65 254
65 261
65 262
65 265
65 266
65 267
65 284
65 294
65 296
66 72
66 79
66 85
66 91
66 93
66 97
66 102
66 104
66 105
66 109
66 115
66 128
66 129
66 136
66 137
66 140
66 141
66 143
66 158
66 167
66 173
66 177
66 187
66 189
66 190
66 193
66 194
66 200
66 207
66 221
66 222
66 224
66 229
66 230
66 233
66 234
66 235
66 242
66 246
66 254
66 261
66 264
66 265
66 266
66 272
66 277
66 281
66 294
66 295
66 299
67 70
67 79
67 80
67 87
67 91
67 93
67 105
67 119
67 120
67 121
67 124
67 128
67 129
67 133
67 141
67 144
67 147
67 156
67 159
67 164
67 165
67 167
67 173
67 180
67 184
67 189
67 193
67 198
67 200
67 201
67 202
67 206
67 207
67 217
67 220
67 221
67 227
67 228
67 232
67 234
67 241
67 245
67 246
67 255
67 258
67 261
67 262
67 267
67 272
67 279
67 285
67 287
67 294
67 295
67 296
67 298
67 299
68 76
68 77
68 89
68 108
68 111
68 116
68 123
68 127
68 130
68 132
68 134
68 135
68 152
68 160
68 162
68 172
68 174
68 182
68 223
68 237
68 244
68 247
68 271
68 278
68 289
68 291
68 297
69 72
69 83
69 86
69 87
69 101
69 102
69 105
69 109
69 112
69 115
69 120
69 124
69 147
69 177
69 193
69 196
69 199
69 200
69 209
69 215
69 222
69 225
69 230
69 236
69 238
69 241
69 245
69 246
69 255
69 257
69 259
69 262
69 264
69 266
69 270
69 273
69 276
69 277
69 281
69 284
69 285
69 286
69 294
69 296
69 298
70 75
70 78
70 81
70 82
70 100
70 107
70 114
70 116
70 127
70 131
70 145
70 152
70 153
70 160
70 170
70 171
70 174
70 185
70 186
70 188
70 192
70 208
70 210
70 213
70 216
70 237
70 239
70 260
70 271
70 274
70 278
70 280
70 282
70 288
70 289
70 297
71 74
71 80
71 85
71 86
71 98
71 101
71 109
71 133
71 137
71 140
71 146
71 155
71 156
71 157
71 161
71 164
71 165
71 177
71 178
71 180
71 189
71 194
71 198
71 199
71 201
71 203
71 205
71 207
71 211
71 222
71 225
71 227
71 232
71 235
71 241
71 242
71 245
71 246
71 253
71 254
71 255
71 262
71 267
71 268
71 269
71 272
71 277
71 279
71 281
71 284
71 286
71 287
71 295
71 296
71 298
72 76
72 77
72 84
72 108
72 111
72 118
72 126
72 127
72 135
72 139
72 148
72 152
72 162
72 166
72 172
72 175
72 192
72 195
72 197
72 218
72 223
72 244
72 247
72 271
72 274
72 275
72 282
72 293
73 79
73 80
73 87
73 97
73 101
73 110
73 113
73 124
73 129
73 133
73 141
73 144
73 155
73 156
73 161
73 165
73 167
73 168
73 169
73 173
73 177
73 189
73 194
73 198
73 199
73 200
73 202
73 204
73 206
73 207
73 209
73 211
73 212
73 224
73 225
73 226
73 227
73 235
73 236
73 238
73 253
73 256
73 258
73 265
73 276
73 284
73 287
73 296
73 299
74 78
74 89
74 92
74 103
74 108
74 116
74 131
74 139
74 142
74 148
74 151
74 153
74 163
74 170
74 171
74 172
74 179
74 208
74 219
74 223
74 244
74 247
74 249
74 250
74 252
74 282
74 283
74 288
74 289
74 293
74 297
75 83
75 87
75 101
75 112
75 115
75 124
75 128
75 129
75 133
75 137
75 141
75 143
75 146
75 147
75 156
75 164
75 169
75 187
75 189
75 191
75 194
75 198
75 200
75 201
75 211
75 217
75 225
75 228
75 229
75 230
75 234
75 235
75 236
75 240
75 241
75 254
75 255
75 257
75 259
75 265
75 269
75 270
75 276
75 279
75 281
75 284
75 286
75 290
75 292
75 296
76 83
76 86
76 91
76 104
76 110
76 113
76 120
76 121
76 124
76 128
76 129
76 143
76 144
76 157
76 161
76 165
76 167
76 173
76 177
76 180
76 187
76 191
76 198
76 202
76 204
76 207
76 209
76 211
76 212
76 214
76 215
76 221
76 226
76 229
76 235
76 236
76 245
76 246
76 253
76 255
76 256
76 263
76 264
76 266
76 268
76 272
76 285
76 287
76 290
76 294
76 295
76 298
76 299
77 79
77 80
77 106
77 112
77 113
77 115
77 128
77 129
77 133
77 136
77 137
77 141
77 143
77 146
77 147
77 155
77 156
77 165
77 178
77 180
77 190
77 194
77 196
77 198
77 199
77 200
77 201
77 203
77 205
77 209
77 215
77 217
77 220
77 224
77 225
77 230
77 232
77 235
77 241
77 242
77 245
77 246
77 248
77 256
77 257
77 262
77 265
77 267
77 272
77 273
77 281
77 294
77 295
78 79
78 105
78 112
78 115
78 119
78 121
78 133
78 137
78 143
78 147
78 154
78 156
78 157
78 161
78 165
78 168
78 184
78 187
78 190
78 191
78 193
78 198
78 199
78 200
78 201
78 202
78 212
78 220
78 222
78 228
78 229
78 234
78 245
78 246
78 248
78 254
78 256
78 257
78 262
78 263
78 285
78 286
78 290
78 292
78 295
78 298
79 92
79 103
79 107
79 114
79 122
79 125
79 126
79 127
79 134
79 142
79 148
79 150
79 151
79 162
79 174
79 175
79 197
79 213
79 216
79 239
79 243
79 247
79 260
79 271
79 274
79 278
79 282
79 288
79 289
79 291
79 293
80 82
80 100
80 114
80 117
80 123
80 132
80 134
80 150
80 152
80 162
80 172
80 181
80 195
80 216
80 239
80 251
80 274
80 275
80 278
80 288
80 293
80 297
81 86
81 93
81 98
81 113
81 119
81 124
81 129
81 156
81 157
81 159
81 161
81 167
81 173
81 176
81 183
81 196
81 198
81 199
81 202
81 203
81 206
81 209
81 222
81 226
81 230
81 233
81 234
81 235
81 241
81 242
81 248
81 253
81 256
81 258
81 261
81 262
81 264
81 265
81 273
81 285
81 287
81 292
81 294
82 93
82 98
82 104
82 106
82 112
82 119
82 121
82 128
82 129
82 147
82 156
82 157
82 159
82 161
82 165
82 168
82 169
82 183
82 194
82 201
82 205
82 214
82 220
82 224
82 232
82 236
82 241
82 242
82 248
82 254
82 255
82 256
82 261
82 262
82 264
82 266
82 268
82 273
82 276
82 277
82 284
82 286
82 287
82 295
83 96
83 100
83 107
83 114
83 116
83 125
83 126
83 132
83 138
83 139
83 145
83 149
83 152
83 163
83 166
83 171
83 188
83 192
83 213
83 216
83 223
83 247
83 271
83 275
83 280
83 288
83 289
83 291
83 297
84 85
84 86
84 93
84 97
84 109
84 110
84 113
84 121
84 124
84 129
84 136
84 137
84 141
84 144
84 146
84 147
84 156
84 157
84 158
84 161
84 168
84 169
84 173
84 176
84 177
84 180
84 183
84 191
84 200
84 204
84 206
84 209
84 212
84 217
84 226
84 230
84 233
84 234
84 245
84 253
84 254
84 255
84 256
84 261
84 265
84 268
84 269
84 270
84 272
84 277
84 285
84 290
84 292
84 295
84 296
85 92
85 95
85 111
85 116
85 125
85 130
85 134
85 145
85 150
85 162
85 175
85 192
85 210
85 216
85 223
85 247
85 251
85 274
85 275
85 289
85 291
85 293
85 297
86 92
86 95
86 103
86 107
86 111
86 114
86 116
86 122
86 123
86 125
86 127
86 138
86 139
86 142
86 145
86 149
86 150
86 152
86 153
86 171
86 172
86 174
86 181
86 185
86 188
86 197
86 210
86 244
86 271
86 274
86 278
86 280
86 288
86 289
86 291
87 92
87 100
87 108
87 111
87 114
87 122
87 123
87 130
87 131
87 139
87 162
87 179
87 185
87 188
87 192
87 197
87 218
87 223
87 231
87 237
87 271
87 274
87 280
87 282
87 283
87 288
88 94
88 111
88 118
88 123
88 130
88 132
88 134
88 138
88 139
88 148
88 150
88 151
88 153
88 174
88 197
88 210
88 216
88 219
88 237
88 249
88 271
88 274
88 275
88 280
88 283
88 288
88 293
89 93
89 98
89 106
89 109
89 112
89 128
89 133
89 137
89 144
89 147
89 155
89 157
89 159
89 164
89 165
89 168
89 177
89 180
89 184
89 191
89 194
89 196
89 202
89 203
89 205
89 217
89 220
89 226
89 227
89 228
89 230
89 232
89 233
89 235
89 236
89 242
89 245
89 253
89 262
89 270
89 287
89 290
89 292
89 295
89 298
90 92
90 94
90 103
90 111
90 118
90 125
90 132
90 134
90 135
90 138
90 142
90 148
90 149
90 152
90 163
90 171
90 174
90 182
90 185
90 186
90 197
90 210
90 219
90 239
90 250
90 271
90 274
90 291
90 297
91 96
91 100
91 107
91 122
91 123
91 126
91 130
91 131
91 135
91 138
91 139
91 145
91 152
91 162
91 197
91 213
91 216
91 243
91 247
91 249
91 250
91 260
91 271
91 275
91 278
91 291
92 98
92 104
92 109
92 112
92 119
92 121
92 128
92 137
92 140
92 144
92 154
92 155
92 156
92 164
92 167
92 178
92 187
92 193
92 194
92 196
92 202
92 217
92 224
92 226
92 227
92 235
92 238
92 240
92 242
92 246
92 253
92 256
92 259
92 268
92 270
92 276
92 279
92 285
92 294
92 295
92 299
93 94
93 95
93 96
93 108
93 111
93 116
93 123
93 126
93 132
93 138
93 142
93 145
93 151
93 152
93 160
93 170
93 179
93 181
93 208
93 210
93 218
93 223
93 231
93 249
93 275
93 283
93 288
93 289
93 291
93 293
94 98
94 101
94 104
94 109
94 110
94 121
94 124
94 136
94 137
94 140
94 141
94 146
94 147
94 156
94 157
94 159
94 167
94 169
94 173
94 177
94 178
94 180
94 184
94 189
94 190
94 196
94 198
94 199
94 201
94 204
94 205
94 207
94 212
94 215
94 220
94 222
94 224
94 225
94 229
94 242
94 248
94 254
94 257
94 261
94 264
94 265
94 266
94 270
94 272
94 277
94 279
94 281
94 292
94 294
94 295
95 97
95 98
95 105
95 109
95 112
95 115
95 120
95 124
95 141
95 146
95 154
95 157
95 167
95 168
95 169
95 187
95 196
95 200
95 201
95 205
95 209
95 212
95 215
95 220
95 225
95 226
95 227
95 235
95 236
95 238
95 245
95 246
95 248
95 254
95 255
95 256
95 261
95 264
95 269
95 276
95 279
95 287
95 292
95 295
95 299
96 97
96 99
96 104
96 106
96 110
96 119
96 129
96 133
96 144
96 146
96 159
96 165
96 167
96 168
96 169
96 176
96 177
96 178
96 183
96 191
96 193
96 194
96 198
96 199
96 201
96 205
96 209
96 220
96 224
96 227
96 228
96 232
96 235
96 240
96 241
96 242
96 245
96 246
96 255
96 257
96 259
96 261
96 262
96 267
96 268
96 269
96 279
96 281
96 287
96 296
97 100
97 103
97 107
97 111
97 118
97 122
97 127
97 132
97 134
97 145
97 153
97 162
97 166
97 171
97 175
97 179
97 185
97 186
97 192
97 210
97 216
97 239
97 243
97 244
97 247
97 250
97 252
97 260
97 274
97 280
97 291
97 293
97 297
98 103
98 108
98 111
98 116
98 118
98 123
98 125
98 126
98 130
98 131
98 148
98 151
98 160
98 163
98 175
98 181
98 185
98 188
98 195
98 197
98 216
98 218
98 237
98 243
98 249
98 250
98 252
98 271
98 274
98 278
98 280
98 283
98 288
98 289
99 108
99 122
99 125
99 132
99 138
99 149
99 160
99 162
99 163
99 170
99 181
99 182
99 219
99 223
99 243
99 247
99 274
99 288
99 293
100 110
100 119
100 128
100 136
100 140
100 141
100 155
100 157
100 158
100 161
100 164
100 165
100 168
100 169
100 173
100 177
100 190
100 193
100 194
100 201
100 205
100 211
100 214
100 215
100 220
100 221
100 222
100 227
100 228
100 230
100 232
100 233
100 234
100 235
100 238
100 240
100 241
100 245
100 246
100 254
100 258
100 261
100 263
100 266
100 267
100 269
100 273
100 276
100 277
100 285
100 287
101 103
101 107
101 126
101 127
101 130
101 138
101 145
101 150
101 152
101 160
101 163
101 170
101 172
101 175
101 182
101 185
101 213
101 216
101 223
101 244
101 249
101 250
101 260
101 274
101 288
101 297
102 103
102 107
102 108
102 117
102 123
102 130
102 132
102 134
102 135
102 138
102 139
102 142
102 150
102 153
102 160
102 162
102 172
102 192
102 223
102 239
102 244
102 250
102 252
102 260
102 274
102 278
102 280
102 291
102 293
102 297
103 119
103 120
103 124
103 128
103 157
103 158
103 159
103 161
103 173
103 177
103 178
103 183
103 187
103 190
103 198
103 200
103 201
103 203
103 205
103 209
103 221
103 224
103 227
103 228
103 229
103 233
103 234
103 236
103 238
103 248
103 254
103 255
103 256
103 257
103 258
103 264
103 268
103 269
103 272
103 276
103 292
103 294
103 296
103 298
103 299
104 108
104 118
104 122
104 123
104 125
104 135
104 148
104 160
104 162
104 172
104 174
104 185
104 186
104 188
104 208
104 210
104 216
104 218
104 219
104 231
104 239
104 247
104 252
104 280
104 282
104 289
104 293
105 111
105 122
105 131
105 132
105 134
105 142
105 150
105 153
105 163
105 172
105 186
105 192
105 218
105 231
105 237
105 239
105 243
105 244
105 249
105 252
105 280
105 283
105 291
106 107
106 116
106 122
106 126
106 131
106 132
106 135
106 145
106 148
106 149
106 150
106 152
106 153
106 162
106 163
106 170
106 171
106 172
106 179
106 185
106 186
106 197
106 208
106 218
106 237
106 239
106 244
106 260
106 274
106 275
106 278
106 280
106 291
106 293
107 121
107 137
107 141
107 143
107 147
107 156
107 161
107 164
107 165
107 168
107 169
107 184
107 187
107 189
107 190
107 193
107 194
107 201
107 202
107 204
107 209
107 214
107 215
107 217
107 220
107 221
107 224
107 229
107 235
107 245
107 246
107 253
107 255
107 262
107 265
107 270
107 277
107 281
107 284
107 286
107 290
107 294
107 296
107 298
107 299
108 109
108 110
108 112
108 124
108 137
108 140
108 143
108 147
108 156
108 169
108 173
108 178
108 180
108 189
108 191
108 196
108 199
108 201
108 209
108 215
108 217
108 222
108 234
108 241
108 248
108 254
108 257
108 262
108 264
108 268
108 272
108 273
108 277
108 284
108 285
108 295
108 299
109 111
109 116
109 118
109 122
109 123
109 125
109 135
109 145
109 148
109 149
109 160
109 166
109 170
109 171
109 179
109 182
109 208
109 213
109 223
109 237
109 260
109 274
109 280
109 282
109 288
109 289
110 111
110 118
110 127
110 130
110 131
110 134
110 145
110 150
110 163
110 172
110 179
110 237
110 239
110 243
110 244
110 247
110 275
110 278
110 280
110 288
110 293
110 297
111 112
111 115
111 124
111 128
111 141
111 143
111 146
111 158
111 161
111 164
111 168
111 173
111 177
111 183
111 184
111 199
111 201
111 203
111 206
111 207
111 211
111 212
111 217
111 226
111 228
111 232
111 233
111 242
111 253
111 259
111 262
111 269
111 270
111 287
111 290
111 292
112 114
112 116
112 127
112 130
112 131
112 134
112 138
112 142
112 153
112 179
112 182
112 185
112 237
112 239
112 244
112 247
112 250
112 275
112 280
112 288
112 289
112 291
112 297
113 114
113 117
113 118
113 122
113 123
113 127
113 134
113 138
113 139
113 142
113 148
113 149
113 151
113 166
113 170
113 175
113 179
113 181
113 182
113 185
113 186
113 208
113 213
113 219
113 223
113 231
113 239
113 244
113 247
113 251
113 252
113 275
113 288
113 291
114 121
114 128
114 129
114 136
114 146
114 155
114 161
114 165
114 167
114 183
114 184
114 187
114 190
114 194
114 198
114 200
114 202
114 203
114 204
114 209
114 214
114 217
114 220
114 224
114 226
114 228
114 233
114 241
114 242
114 253
114 254
114 256
114 258
114 263
114 265
114 266
114 268
114 272
114 277
114 298
115 117
115 127
115 134
115 139
115 148
115 152
115 160
115 162
115 163
115 172
115 174
115 175
115 197
115 208
115 216
115 249
115 250
115 260
115 271
115 289
116 119
116 124
116 129
116 136
116 137
116 143
116 156
116 157
116 165
116 169
116 189
116 190
116 191
116 194
116 200
116 209
116 214
116 215
116 217
116 220
116 222
116 226
116 229
116 232
116 234
116 242
116 246
116 253
116 255
116 256
116 257
116 259
116 263
116 266
116 267
116 268
116 269
116 281
116 285
116 292
116 295
116 298
117 119
117 120
117 128
117 140
117 141
117 144
117 177
117 180
117 183
117 193
117 199
117 201
117 202
117 203
117 207
117 211
117 212
117 217
117 220
117 222
117 234
117 235
117 246
117 248
117 256
117 257
117 261
117 262
117 263
117 265
117 266
117 272
117 281
117 284
117 285
117 287
117 292
117 294
118 120
118 124
118 128
118 136
118 141
118 143
118 144
118 155
118 157
118 165
118 167
118 169
118 176
118 180
118 184
118 189
118 191
118 194
118 198
118 209
118 212
118 221
118 224
118 225
118 227
118 229
118 230
118 232
118 241
118 245
118 246
118 253
118 255
118 257
118 262
118 270
118 273
118 279
118 281
118 284
118 285
118 295
118 298
119 122
119 123
119 127
119 131
119 139
119 145
119 150
119 153
119 162
119 170
119 172
119 185
119 195
119 197
119 208
119 213
119 218
119 223
119 237
119 250
119 260
119 278
119 283
119 293
120 127
120 131
120 135
120 145
120 150
120 160
120 162
120 170
120 175
120 181
120 185
120 188
120 213
120 216
120 223
120 247
120 251
120 252
120 260
120 271
120 274
120 275
120 278
120 280
120 289
120 293
120 297
121 127
121 142
121 150
121 162
121 163
121 170
121 174
121 175
121 182
121 192
121 208
121 231
121 237
121 243
121 244
121 249
121 250
121 271
121 278
122 124
122 137
122 140
122 144
122 155
122 156
122 157
122 161
122 164
122 167
122 180
122 191
122 194
122 196
122 200
122 201
122 202
122 203
122 205
122 209
122 220
122 221
122 225
122 228
122 229
122 235
122 236
122 240
122 253
122 256
122 263
122 264
122 265
122 268
122 272
122 276
122 281
122 287
122 290
122 295
123 128
123 129
123 146
123 154
123 156
123 167
123 168
123 176
123 178
123 180
123 187
123 194
123 196
123 198
123 199
123 200
123 203
123 209
123 212
123 214
123 225
123 228
123 233
123 234
123 238
123 240
123 241
123 253
123 264
123 267
123 273
123 277
123 285
123 287
123 290
123 292
123 295
123 296
123 298
123 299
124 127
124 130
124 131
124 139
124 145
124 148
124 163
124 175
124 188
124 192
124 210
124 216
124 218
124 223
124 231
124 237
124 239
124 243
124 244
124 247
124 249
124 271
124 291
124 293
125 129
125 133
125 136
125 140
125 143
125 144
125 146
125 147
125 157
125 167
125 168
125 176
125 180
125 201
125 211
125 214
125 220
125 224
125 226
125 227
125 229
125 232
125 233
125 238
125 253
125 254
125 263
125 266
125 268
125 272
125 279
125 281
125 295
125 299
126 143
126 154
126 156
126 158
126 167
126 177
126 178
126 180
126 187
126 190
126 193
126 196
126 198
126 199
126 202
126 206
126 211
126 214
126 215
126 220
126 221
126 227
126 230
126 233
126 235
126 245
126 246
126 253
126 257
126 261
126 263
126 270
126 279
126 287
127 128
127 129
127 143
127 155
127 156
127 158
127 164
127 177
127 193
127 194
127 199
127 203
127 206
127 220
127 225
127 232
127 235
127 238
127 246
127 248
127 253
127 263
127 267
127 268
127 272
127 273
127 277
127 279
127 286
127 287
127 290
127 292
127 296
127 299
128 130
128 134
128 138
128 142
128 149
128 150
128 160
128 162
128 163
128 166
128 174
128 179
128 181
128 185
128 188
128 208
128 216
128 218
128 231
128 244
128 249
128 251
128 260
128 271
128 274
128 288
128 289
128 297
129 132
129 135
129 139
129 148
129 150
129 151
129 160
129 171
129 174
129 181
129 186
129 197
129 216
129 237
129 249
129 250
129 251
129 260
129 271
129 282
129 289
129 297
130 136
130 137
130 147
130 155
130 167
130 183
130 184
130 187
130 189
130 191
130 193
130 199
130 207
130 211
130 212
130 215
130 220
130 221
130 222
130 227
130 229
130 236
130 241
130 245
130 246
130 254
130 255
130 257
130 259
130 268
130 269
130 273
130 279
130 284
130 287
130 292
131 136
131 137
131 147
131 168
131 173
131 178
131 184
131 194
131 198
131 199
131 203
131 204
131 214
131 215
131 217
131 220
131 222
131 225
131 226
131 232
131 233
131 240
131 245
131 246
131 254
131 257
131 263
131 264
131 266
131 267
131 268
131 269
131 270
131 273
131 276
131 281
131 284
131 290
132 136
132 137
132 141
132 154
132 167
132 168
132 169
132 178
132 190
132 193
132 196
132 200
132 201
132 202
132 212
132 214
132 220
132 226
132 232
132 233
132 235
132 242
132 254
132 255
132 259
132 262
132 264
132 272
132 277
132 286
132 296
133 135
133 138
133 139
133 149
133 150
133 163
133 171
133 182
133 186
133 188
133 210
133 216
133 249
133 251
133 260
133 271
133 275
133 280
133 282
133 288
133 297
134 136
134 140
134 141
134 146
134 154
134 156
134 165
134 169
134 173
134 177
134 178
134 180
134 190
134 200
134 201
134 203
134 212
134 224
134 228
134 230
134 245
134 253
134 254
134 258
134 263
134 264
134 270
134 281
134 290
134 296
134 299
135 137
135 140
135 144
135 146
135 157
135 158
135 161
135 164
135 169
135 176
135 177
135 183
135 184
135 198
135 199
135 202
135 204
135 207
135 212
135 214
135 221
135 222
135 224
135 227
135 233
135 235
135 238
135 253
135 254
135 256
135 265
135 266
135 268
135 285
135 294
135 295
135 296
135 299
136 145
136 149
136 151
136 162
136 166
136 171
136 179
136 185
136 192
136 208
136 216
136 219
136 231
136 244
136 251
136 278
136 283
137 139
137 148
137 149
137 160
137 162
137 163
137 181
137 185
137 188
137 208
137 213
137 218
137 223
137 239
137 244
137 251
137 288
137 289
138 154
138 161
138 164
138 165
138 173
138 178
138 180
138 184
138 190
138 194
138 203
138 204
138 206
138 207
138 209
138 214
138 226
138 228
138 229
138 230
138 234
138 241
138 248
138 254
138 262
138 269
138 276
138 277
138 279
138 290
139 143
139 146
139 154
139 156
139 158
139 165
139 169
139 183
139 184
139 187
139 190
139 191
139 193
139 196
139 200
139 203
139 204
139 205
139 209
139 212
139 217
139 221
139 226
139 227
139 228
139 230
139 233
139 235
139 240
139 241
139 246
139 255
139 257
139 258
139 262
139 267
139 268
139 272
139 276
139 277
139 279
139 284
139 286
139 287
139 290
140 142
140 145
140 148
140 151
140 166
140 170
140 171
140 179
140 181
140 185
140 188
140 192
140 195
140 216
140 223
140 237
140 239
140 244
140 251
140 252
140 271
140 275
140 278
140 280
140 282
140 283
140 289
141 142
141 148
141 150
141 151
141 162
141 163
141 175
141 181
141 186
141 195
141 210
141 244
141 250
141 282
141 283
141 293
142 146
142 155
142 156
142 159
142 165
142 168
142 173
142 177
142 178
142 180
142 190
142 191
142 196
142 198
142 202
142 206
142 211
142 215
142 220
142 229
142 232
142 257
142 259
142 262
142 265
142 267
142 268
142 276
142 277
142 279
142 285
142 286
142 292
142 294
142 295
143 149
143 151
143 166
143 170
143 181
143 197
143 208
143 210
143 218
143 237
143 249
143 271
143 274
143 289
143 293
143 297
144 145
144 148
144 149
144 151
144 152
144 153
144 162
144 166
144 174
144 179
144 181
144 182
144 188
144 197
144 216
144 218
144 219
144 223
144 250
144 252
144 260
144 275
144 278
144 283
144 288
144 289
144 293
145 147
145 155
145 158
145 165
145 167
145 176
145 178
145 183
145 187
145 194
145 201
145 202
145 203
145 205
145 220
145 224
145 225
145 228
145 229
145 230
145 233
145 235
145 238
145 241
145 246
145 257
145 259
145 263
145 264
145 265
145 266
145 273
145 285
145 286
145 287
146 151
146 152
146 153
146 174
146 179
146 182
146 188
146 192
146 195
146 208
146 210
146 213
146 216
146 219
146 244
146 251
146 252
146 260
146 278
146 288
146 293
146 297
147 149
147 150
147 160
147 162
147 163
147 170
147 174
147 175
147 208
147 213
147 219
147 223
147 237
147 243
147 247
147 251
147 293
147 297
148 154
148 156
148 164
148 173
148 180
148 184
148 190
148 193
148 194
148 198
148 199
148 200
148 201
148 204
148 206
148 214
148 215
148 221
148 225
148 226
148 227
148 229
148 233
148 235
148 256
148 257
148 258
148 263
148 265
148 266
148 267
148 273
148 281
148 292
148 296
149 154
149 155
149 158
149 168
149 169
149 178
149 183
149 196
149 206
149 214
149 215
149 221
149 226
149 227
149 229
149 233
149 236
149 241
149 242
149 245
149 246
149 258
149 261
149 265
149 270
149 273
149 276
149 277
149 284
149 285
149 286
149 295
150 161
150 165
150 169
150 173
150 177
150 180
150 184
150 187
150 191
150 194
150 196
150 201
150 203
150 204
150 205
150 206
150 207
150 212
150 215
150 229
150 230
150 232
150 234
150 235
150 240
150 245
150 248
150 253
150 261
150 265
150 272
150 277
150 284
150 285
150 286
151 157
151 159
151 168
151 169
151 177
151 178
151 180
151 193
151 194
151 198
151 199
151 203
151 204
151 207
151 211
151 214
151 227
151 235
151 238
151 241
151 253
151 257
151 258
151 259
151 261
151 262
151 263
151 264
151 266
151 268
151 269
151 270
151 272
151 281
151 284
151 285
151 287
151 290
151 294
152 156
152 158
152 164
152 177
152 184
152 187
152 189
152 190
152 194
152 198
152 199
152 201
152 205
152 206
152 212
152 221
152 224
152 225
152 226
152 227
152 234
152 240
152 254
152 261
152 264
152 269
152 270
152 281
152 284
152 285
152 286
152 295
152 296
152 298
153 155
153 156
153 157
153 161
153 164
153 168
153 169
153 180
153 183
153 187
153 193
153 199
153 200
153 212
153 215
153 221
153 224
153 225
153 230
153 241
153 242
153 248
153 255
153 259
153 265
153 266
153 267
153 268
153 272
153 277
153 279
153 292
154 162
154 174
154 182
154 186
154 192
154 197
154 213
154 216
154 243
154 244
154 251
154 260
154 283
154 288
154 289
154 291
155 162
155 170
155 171
155 174
155 175
155 181
155 185
155 186
155 188
155 218
155 223
155 231
155 244
155 249
155 252
155 260
155 274
155 280
155 282
155 283
155 288
155 291
155 297
156 163
156 172
156 186
156 188
156 195
156 218
156 223
156 244
156 247
156 251
156 252
156 271
156 274
156 275
156 282
156 291
157 160
157 162
157 166
157 170
157 171
157 172
157 185
157 188
157 195
157 197
157 213
157 216
157 231
157 249
157 252
157 280
157 282
157 288
157 293
157 297
158 170
158 171
158 185
158 188
158 197
158 208
158 210
158 213
158 218
158 223
158 231
158 239
158 243
158 244
158 247
158 271
158 288
159 162
159 166
159 170
159 172
159 174
159 179
159 188
159 195
159 216
159 218
159 219
159 239
159 244
159 247
159 249
159 250
159 278
159 293
159 297
160 164
160 165
160 169
160 173
160 180
160 184
160 189
160 191
160 198
160 199
160 205
160 211
160 212
160 217
160 220
160 222
160 224
160 229
160 232
160 233
160 253
160 255
160 257
160 258
160 259
160 261
160 264
160 265
160 266
160 267
160 268
160 269
160 273
160 276
160 279
160 285
160 287
160 290
160 292
160 294
161 162
161 163
161 166
161 182
161 195
161 219
161 223
161 239
161 244
161 249
161 250
161 251
161 252
161 275
161 283
161 288
161 293
162 164
162 167
162 168
162 169
162 173
162 184
162 196
162 198
162 199
162 211
162 222
162 226
162 227
162 229
162 240
162 242
162 245
162 253
162 258
162 261
162 266
162 269
162 281
162 285
162 287
162 298
163 178
163 183
163 187
163 189
163 190
163 193
163 196
163 204
163 206
163 209
163 211
163 212
163 214
163 215
163 217
163 222
163 225
163 229
163 232
163 234
163 238
163 240
163 248
163 259
163 265
163 267
163 270
163 276
163 279
163 284
163 286
163 287
163 290
163 292
164 166
164 171
164 175
164 188
164 192
164 208
164 213
164 237
164 239
164 243
164 251
164 271
164 278
164 282
164 283
164 293
165 170
165 174
165 175
165 182
165 185
165 195
165 197
165 208
165 213
165 218
165 237
165 243
165 247
165 278
165 280
165 282
165 288
165 297
166 169
166 176
166 190
166 191
166 205
166 211
166 212
166 217
166 220
166 222
166 224
166 227
166 228
166 232
166 245
166 248
166 253
166 256
166 264
166 265
166 269
166 276
166 277
166 284
166 287
166 296
167 174
167 185
167 218
167 244
167 251
167 271
167 275
167 280
167 293
167 297
168 174
168 175
168 182
168 188
168 208
168 210
168 213
168 237
168 239
168 249
168 250
168 251
168 260
168 271
168 275
168 278
168 282
168 283
168 293
169 174
169 179
169 181
169 188
169 195
169 218
169 231
169 237
169 239
169 243
169 244
169 247
169 271
169 275
169 288
170 173
170 176
170 177
170 184
170 191
170 193
170 200
170 205
170 211
170 214
170 215
170 217
170 221
170 227
170 229
170 234
170 236
170 240
170 241
170 242
170 245
170 248
170 254
170 258
170 259
170 261
170 262
170 267
170 270
170 284
170 286
170 295
170 296
170 299
171 190
171 191
171 205
171 215
171 221
171 222
171 226
171 229
171 230
171 248
171 253
171 254
171 257
171 266
171 269
171 276
171 281
171 299
172 180
172 198
172 200
172 211
172 215
172 217
172 221
172 222
172 228
172 229
172 236
172 238
172 240
172 241
172 245
172 248
172 255
172 256
172 264
172 265
172 266
172 267
172 269
172 270
172 277
172 285
172 290
172 294
172 296
172 299
173 174
173 179
173 185
173 192
173 195
173 216
173 231
173 239
173 244
173 250
173 260
173 280
173 283
173 291
173 293
174 184
174 187
174 189
174 193
174 194
174 198
174 199
174 201
174 202
174 206
174 222
174 224
174 226
174 233
174 236
174 240
174 242
174 246
174 248
174 256
174 257
174 259
174 265
174 269
174 272
174 273
174 276
174 281
174 287
174 290
174 295
174 298
174 299
175 187
175 189
175 193
175 196
175 198
175 199
175 200
175 201
175 204
175 205
175 206
175 207
175 212
175 225
175 226
175 227
175 230
175 233
175 234
175 236
175 238
175 241
175 245
175 254
175 255
175 257
175 259
175 262
175 263
175 266
175 267
175 268
175 270
175 272
175 276
175 284
175 287
175 295
175 296
175 298
176 181
176 182
176 208
176 213
176 216
176 219
176 244
176 250
176 260
176 275
176 278
176 282
176 288
177 188
177 197
177 219
177 231
177 237
177 243
177 251
177 282
177 288
177 289
177 297
178 179
178 192
178 195
178 197
178 218
178 223
178 231
178 237
178 243
178 244
178 252
178 271
178 280
178 283
178 288
179 180
179 184
179 187
179 190
179 193
179 194
179 198
179 202
179 204
179 211
179 212
179 214
179 220
179 222
179 226
179 227
179 228
179 229
179 230
179 234
179 236
179 248
179 253
179 254
179 257
179 258
179 261
179 264
179 268
179 269
179 277
179 281
179 284
179 296
179 299
180 181
180 188
180 195
180 218
180 231
180 239
180 243
180 247
180 282
180 288
180 289
181 184
181 187
181 191
181 199
181 200
181 203
181 206
181 207
181 215
181 217
181 220
181 222
181 224
181 230
181 232
181 233
181 235
181 236
181 246
181 253
181 255
181 256
181 257
181 259
181 263
181 272
181 273
181 287
181 298
182 183
182 187
182 189
182 190
182 196
182 200
182 201
182 202
182 203
182 209
182 220
182 222
182 224
182 225
182 227
182 229
182 232
182 234
182 235
182 236
182 246
182 253
182 254
182 258
182 263
182 267
182 269
182 270
182 272
182 276
182 281
182 284
182 286
182 287
182 292
183 185
183 192
183 208
183 213
183 219
183 223
183 237
183 247
183 249
183 250
183 260
183 282
183 283
183 288
183 289
184 186
184 188
184 210
184 218
184 223
184 231
184 237
184 247
184 249
184 260
184 271
184 280
184 288
184 291
185 187
185 193
185 196
185 198
185 220
185 221
185 227
185 229
185 230
185 232
185 233
185 236
185 240
185 245
185 246
185 254
185 258
185 261
185 262
185 266
185 270
185 272
185 277
185 284
185 286
185 294
185 295
186 187
186 189
186 194
186 199
186 204
186 205
186 206
186 209
186 215
186 220
186 221
186 224
186 227
186 241
186 246
186 253
186 258
186 262
186 263
186 268
186 269
186 281
186 292
186 298
187 188
187 197
187 208
187 210
187 213
187 216
187 218
187 231
187 243
187 249
187 251
187 260
187 274
187 282
187 293
188 189
188 194
188 201
188 206
188 207
188 217
188 224
188 225
188 229
188 232
188 235
188 236
188 240
188 241
188 256
188 258
188 261
188 262
188 264
188 265
188 267
188 269
188 270
188 273
188 277
188 279
188 281
188 286
188 290
188 294
188 295
189 210
189 216
189 219
189 223
189 231
189 237
189 243
189 251
189 252
189 271
189 275
190 208
190 210
190 219
190 223
190 239
190 250
190 260
190 271
190 283
190 289
190 291
190 297
191 197
191 210
191 218
191 237
191 239
191 247
191 252
191 271
191 275
191 282
191 288
191 291
191 297
192 199
192 204
192 205
192 207
192 224
192 226
192 227
192 228
192 234
192 235
192 241
192 246
192 248
192 259
192 262
192 267
192 269
192 273
192 276
192 281
192 284
192 285
192 290
192 292
192 294
192 296
192 298
193 216
193 218
193 231
193 243
193 249
193 250
193 251
193 252
193 260
193 271
193 275
193 278
193 288
193 297
194 195
194 197
194 216
194 239
194 244
194 247
194 251
194 260
194 274
194 280
194 293
194 297
195 196
195 200
195 206
195 211
195 212
195 214
195 215
195 222
195 224
195 228
195 230
195 232
195 233
195 238
195 242
195 245
195 246
195 248
195 255
195 257
195 258
195 261
195 267
195 276
195 286
195 295
195 298
195 299
196 197
196 208
196 210
196 213
196 218
196 219
196 243
196 247
196 249
196 251
196 275
196 280
196 291
196 297
197 200
197 202
197 204
197 209
197 212
197 214
197 220
197 221
197 222
197 229
197 233
197 234
197 235
197 241
197 242
197 246
197 248
197 253
197 259
197 265
197 266
197 267
197 272
197 273
197 284
197 285
197 286
197 290
197 292
197 294
197 296
197 298
197 299
198 210
198 247
198 274
198 280
198 283
199 210
199 216
199 219
199 223
199 250
199 288
199 291
200 213
200 218
200 219
200 223
200 239
200 247
200 250
200 251
200 260
200 271
200 283
200 288
200 297
201 208
201 210
201 216
201 239
201 247
201 250
201 252
201 260
201 275
201 282
201 289
202 208
202 210
202 231
202 243
202 244
202 252
202 271
202 274
202 278
202 283
202 288
203 210
203 223
203 249
203 250
203 252
203 275
203 280
203 283
203 291
203 293
204 208
204 223
204 237
204 239
204 243
204 247
204 249
204 251
204 260
204 271
204 280
204 282
204 289
204 291
204 297
205 210
205 213
205 216
205 218
205 223
205 243
205 249
205 271
205 275
205 278
205 288
205 293
206 210
206 216
206 218
206 223
206 231
206 244
206 250
206 252
206 282
206 289
206 297
207 210
207 213
207 218
207 231
207 237
207 244
207 251
207 252
207 274
207 280
207 283
207 289
207 291
207 293
208 209
208 211
208 215
208 222
208 224
208 226
208 227
208 228
208 236
208 241
208 242
208 245
208 246
208 248
208 256
208 259
208 261
208 262
208 263
208 267
208 272
208 277
208 279
208 281
208 284
208 287
208 294
209 213
209 237
209 239
209 247
209 249
209 274
209 275
209 280
209 288
209 291
209 297
210 215
210 225
210 228
210 229
210 234
210 240
210 241
210 242
210 246
210 254
210 256
210 258
210 261
210 266
210 267
210 272
210 279
210 281
210 290
210 294
210 295
210 296
210 299
211 213
211 223
211 231
211 244
211 260
211 282
211 291
211 293
211 297
212 216
212 223
212 237
212 239
212 243
212 249
212 251
212 260
212 275
212 280
212 282
212 297
213 215
213 217
213 225
213 227
213 228
213 230
213 238
213 242
213 246
213 248
213 255
213 256
213 257
213 262
213 264
213 265
213 267
213 276
213 285
213 287
213 295
214 219
214 244
214 260
214 278
214 280
214 288
214 291
214 297
215 243
215 251
215 275
215 282
215 297
216 221
216 222
216 240
216 246
216 261
216 262
216 263
216 266
216 267
216 268
216 269
216 270
216 272
216 273
216 276
216 281
216 284
216 285
216 286
216 287
216 290
216 295
216 299
217 231
217 247
217 252
217 278
217 282
217 293
218 221
218 225
218 226
218 227
218 228
218 230
218 232
218 234
218 236
218 246
218 255
218 256
218 259
218 261
218 265
218 269
218 270
218 273
218 277
218 284
218 285
218 294
218 295
218 296
218 298
219 222
219 224
219 225
219 236
219 238
219 254
219 256
219 262
219 263
219 267
219 269
219 270
219 273
219 276
219 281
219 284
219 290
219 295
219 298
220 231
220 237
220 247
220 271
220 278
220 280
220 289
220 291
220 297
221 251
221 252
221 271
221 274
221 280
221 288
221 291
222 231
222 237
222 239
222 243
222 260
222 271
222 274
222 282
222 291
222 297
223 225
223 226
223 227
223 228
223 229
223 230
223 232
223 233
223 235
223 241
223 259
223 261
223 268
223 272
223 277
223 279
223 281
223 284
223 285
223 290
223 292
223 298
223 299
224 243
224 247
224 249
224 251
224 252
224 260
224 274
224 275
224 282
225 244
225 252
225 260
225 271
225 280
225 289
226 247
226 249
226 250
226 252
226 274
226 275
226 282
226 291
226 297
227 231
227 239
227 249
227 288
227 291
227 293
227 297
228 243
228 244
228 251
228 271
228 283
229 231
229 239
229 271
229 283
229 291
229 297
230 239
230 249
230 252
230 260
230 271
230 274
230 275
230 278
230 280
230 288
230 291
231 232
231 246
231 253
231 256
231 258
231 259
231 262
231 264
231 267
231 273
231 279
231 294
231 296
231 298
231 299
232 237
232 243
232 247
232 260
232 278
232 288
232 289
232 293
233 239
233 243
233 260
233 289
233 291
233 297
234 250
234 252
234 289
235 243
235 244
235 251
235 260
235 282
235 283
235 289
235 291
236 271
236 275
236 278
236 280
236 283
236 288
237 240
237 242
237 253
237 258
237 259
237 261
237 267
237 269
237 272
237 279
237 281
237 285
237 292
237 294
237 295
238 244
238 260
238 271
238 280
238 291
238 293
238 297
239 240
239 241
239 255
239 257
239 258
239 259
239 263
239 264
239 266
239 273
239 276
239 279
239 281
239 286
239 290
239 294
240 244
240 250
240 251
240 271
240 274
240 282
240 288
240 291
241 250
241 271
241 275
241 282
241 289
241 291
242 252
242 271
242 274
242 275
242 280
242 283
242 291
242 293
243 248
243 254
243 255
243 262
243 264
243 265
243 267
243 270
243 277
243 285
243 286
244 253
244 254
244 258
244 264
244 267
244 270
244 272
244 277
244 279
244 281
244 285
244 294
244 296
244 298
245 252
245 271
245 278
245 282
245 283
245 289
245 293
245 297
246 249
246 250
246 251
246 278
246 280
246 289
246 293
247 248
247 253
247 255
247 257
247 258
247 262
247 264
247 266
247 269
247 272
247 285
247 290
247 296
248 250
248 251
248 275
248 278
248 282
248 288
248 297
249 254
249 255
249 256
249 259
249 261
249 262
249 265
249 273
249 287
249 292
249 296
249 298
250 253
250 254
250 257
250 261
250 264
250 266
250 268
250 272
250 273
250 276
250 277
250 292
250 294
250 295
250 296
251 255
251 259
251 263
251 265
251 266
251 267
251 268
251 277
251 279
251 284
251 285
251 287
251 294
251 295
251 296
251 298
252 257
252 258
252 259
252 262
252 265
252 267
252 276
252 281
252 285
252 290
253 291
254 282
254 288
254 289
255 274
255 293
256 271
256 275
256 280
256 283
256 289
256 291
256 293
256 297
257 260
257 275
257 278
257 280
257 297
258 274
258 275
258 280
258 291
258 297
259 271
259 275
259 288
259 289
260 263
260 264
260 267
260 269
260 270
260 276
260 286
260 287
260 298
261 278
261 297
262 278
262 283
262 289
263 274
263 275
263 280
263 282
263 288
263 289
263 291
264 275
264 280
264 282
264 293
265 274
265 275
265 280
265 283
265 289
265 291
265 293
266 274
266 275
266 278
266 280
266 288
266 293
267 271
267 274
267 280
267 282
267 283
267 288
267 289
267 293
267 297
268 271
268 274
268 275
268 282
268 289
268 291
268 293
269 274
269 275
269 278
269 283
269 288
269 289
269 291
270 271
270 278
270 280
270 291
270 293
270 297
271 272
271 285
271 287
271 292
271 294
271 298
272 274
272 275
272 278
272 288
272 289
272 291
272 293
272 297
273 274
273 278
273 282
273 288
273 289
274 284
274 292
274 295
274 298
274 299
275 284
275 287
275 299
276 280
276 288
276 289
276 293
277 278
277 280
278 279
278 285
278 286
278 294
278 295
278 299
279 280
280 284
280 286
280 292
281 289
281 293
281 297
282 287
282 292
282 294
282 298
283 284
283 296
284 288
284 293
285 288
285 291
287 289
287 293
287 297
288 296
288 298
289 296
290 291
290 293
291 295
291 298
293 295
293 296
293 298
294 297
296 297
297 298
297 299
