300 7607
0 4
0 15
0 25
0 28
0 33
0 52
0 66
0 67
0 71
0 73
0 74
0 75
0 94
0 99
0 117
0 125
0 133
0 135
0 137
0 138
0 140
0 141
0 142
0 153
0 167
0 173
0 174
0 177
0 186
0 190
0 198
0 203
0 215
0 218
0 220
0 235
0 237
0 239
0 243
0 244
0 247
0 251
0 254
0 259
0 274
0 283
0 285
1 3
1 5
1 7
1 13
1 17
1 21
1 24
1 31
1 35
1 36
1 40
1 47
1 49
1 53
1 59
1 60
1 63
1 65
1 69
1 70
1 76
1 80
1 91
1 97
1 98
1 100
1 101
1 102
1 113
1 126
1 139
1 144
1 146
1 148
1 151
1 155
1 159
1 160
1 161
1 166
1 168
1 170
1 182
1 183
1 200
1 201
1 209
1 226
1 229
1 232
1 236
1 240
1 245
1 246
1 258
1 263
1 265
1 272
1 275
1 284
1 295
1 296
1 297
1 298
2 3
2 5
2 7
2 23
2 35
2 40
2 45
2 47
2 48
2 50
2 55
2 58
2 60
2 69
2 81
2 82
2 83
2 84
2 87
2 89
2 110
2 113
2 114
2 115
2 121
2 123
2 127
2 136
2 139
2 144
2 149
2 151
2 152
2 155
2 156
2 161
2 162
2 165
2 166
2 168
2 171
2 182
2 188
2 192
2 197
2 201
2 208
2 211
2 212
2 213
2 222
2 228
2 231
2 233
2 240
2 241
2 245
2 249
2 250
2 252
2 256
2 258
2 262
2 266
2 267
2 268
2 270
2 276
2 279
2 296
2 299
3 6
3 14
3 28
3 52
3 57
3 64
3 67
3 75
3 107
3 108
3 117
3 124
3 125
3 135
3 138
3 141
3 143
3 150
3 153
3 163
3 167
3 172
3 174
3 178
3 187
3 191
3 196
3 198
3 203
3 207
3 214
3 218
3 227
3 235
3 253
3 259
3 260
3 261
3 269
3 286
3 291
4 7
4 11
4 19
4 20
4 22
4 29
4 30
4 31
4 32
4 34
4 49
4 53
4 62
4 63
4 68
4 69
4 82
4 89
4 92
4 100
4 102
4 106
4 121
4 127
4 128
4 129
4 132
4 136
4 146
4 148
4 151
4 156
4 157
4 158
4 159
4 161
4 165
4 168
4 170
4 171
4 180
4 182
4 185
4 192
4 193
4 195
4 197
4 206
4 209
4 211
4 212
4 222
4 226
4 229
4 231
4 232
4 233
4 240
4 249
4 252
4 255
4 262
4 266
4 267
4 268
4 270
4 272
4 281
4 287
4 295
4 299
5 14
5 15
5 18
5 25
5 33
5 42
5 73
5 79
5 88
5 104
5 107
5 117
5 124
5 130
5 131
5 142
5 153
5 167
5 174
5 175
5 181
5 186
5 187
5 190
5 196
5 198
5 205
5 207
5 220
5 227
5 237
5 238
5 242
5 243
5 244
5 274
5 280
5 282
6 8
6 11
6 16
6 17
6 21
6 23
6 26
6 27
6 31
6 32
6 37
6 49
6 50
6 51
6 55
6 62
6 65
6 68
6 81
6 82
6 83
6 87
6 93
6 98
6 105
6 109
6 112
6 113
6 115
6 122
6 127
6 129
6 134
6 136
6 146
6 149
6 151
6 156
6 157
6 159
6 169
6 170
6 171
6 179
6 184
6 192
6 197
6 200
6 201
6 206
6 208
6 209
6 211
6 222
6 223
6 226
6 228
6 229
6 231
6 232
6 233
6 236
6 245
6 250
6 275
6 276
6 284
6 295
6 296
7 14
7 18
7 33
7 64
7 66
7 71
7 72
7 73
7 95
7 108
7 116
7 130
7 133
7 135
7 137
7 138
7 141
7 142
7 163
7 199
7 202
7 203
7 207
7 210
7 214
7 218
7 227
7 234
7 235
7 239
7 244
7 247
7 251
7 253
7 254
7 259
7 260
7 261
7 269
7 274
7 283
7 289
7 293
7 294
8 15
8 25
8 28
8 33
8 42
8 44
8 54
8 56
8 64
8 66
8 71
8 96
8 107
8 116
8 130
8 131
8 133
8 141
8 143
8 150
8 175
8 177
8 181
8 198
8 205
8 214
8 215
8 220
8 221
8 238
8 242
8 243
8 254
8 261
8 274
8 280
8 285
8 288
8 289
8 290
8 292
9 13
9 19
9 22
9 27
9 30
9 39
9 41
9 48
9 50
9 53
9 61
9 62
9 69
9 81
9 82
9 86
9 91
9 92
9 98
9 100
9 105
9 110
9 114
9 115
9 120
9 122
9 123
9 139
9 146
9 149
9 154
9 155
9 156
9 158
9 159
9 165
9 168
9 176
9 183
9 185
9 193
9 195
9 211
9 212
9 223
9 224
9 228
9 229
9 231
9 233
9 236
9 262
9 266
9 267
9 270
9 277
9 298
10 16
10 17
10 20
10 21
10 22
10 23
10 24
10 26
10 30
10 36
10 37
10 38
10 40
10 45
10 51
10 53
10 58
10 60
10 61
10 62
10 70
10 84
10 85
10 86
10 102
10 105
10 110
10 113
10 119
10 121
10 134
10 146
10 147
10 152
10 155
10 156
10 157
10 161
10 169
10 170
10 171
10 179
10 182
10 197
10 206
10 211
10 217
10 223
10 228
10 229
10 230
10 250
10 263
10 268
10 272
10 287
10 297
10 299
11 28
11 33
11 46
11 75
11 77
11 90
11 94
11 95
11 103
11 104
11 125
11 140
11 142
11 143
11 153
11 163
11 178
11 187
11 190
11 199
11 204
11 210
11 214
11 215
11 218
11 227
11 234
11 242
11 244
11 247
11 259
11 264
11 283
11 289
11 290
11 291
11 292
12 16
12 20
12 21
12 22
12 23
12 30
12 32
12 37
12 40
12 43
12 45
12 48
12 49
12 50
12 59
12 65
12 68
12 70
12 78
12 80
12 81
12 86
12 87
12 106
12 114
12 120
12 121
12 126
12 128
12 144
12 146
12 155
12 159
12 160
12 165
12 166
12 170
12 171
12 176
12 179
12 189
12 197
12 206
12 212
12 213
12 224
12 226
12 230
12 231
12 232
12 241
12 245
12 246
12 249
12 250
12 265
12 273
12 276
12 281
12 295
13 15
13 18
13 28
13 42
13 46
13 52
13 56
13 57
13 66
13 67
13 71
13 73
13 90
13 94
13 96
13 111
13 117
13 124
13 131
13 133
13 137
13 150
13 153
13 172
13 173
13 175
13 177
13 178
13 181
13 191
13 198
13 219
13 221
13 239
13 243
13 251
13 253
13 257
13 259
13 260
13 261
13 271
13 282
13 290
13 292
14 30
14 34
14 39
14 47
14 49
14 50
14 51
14 58
14 60
14 69
14 70
14 80
14 81
14 82
14 83
14 86
14 91
14 93
14 97
14 98
14 100
14 101
14 105
14 106
14 115
14 119
14 120
14 121
14 128
14 151
14 152
14 156
14 157
14 158
14 159
14 162
14 165
14 170
14 171
14 180
14 188
14 206
14 211
14 217
14 226
14 228
14 229
14 240
14 249
14 250
14 252
14 263
14 265
14 266
14 267
14 268
14 270
14 276
14 277
14 278
14 279
14 295
14 297
14 299
15 16
15 19
15 21
15 26
15 35
15 36
15 37
15 39
15 43
15 47
15 49
15 50
15 55
15 76
15 81
15 85
15 86
15 89
15 91
15 93
15 98
15 100
15 112
15 115
15 119
15 120
15 121
15 122
15 126
15 134
15 136
15 145
15 147
15 148
15 149
15 152
15 154
15 161
15 164
15 171
15 176
15 179
15 182
15 183
15 188
15 195
15 200
15 206
15 211
15 222
15 228
15 230
15 233
15 248
15 249
15 252
15 255
15 266
15 267
15 268
15 270
15 275
15 276
15 277
15 278
15 279
15 281
15 295
15 296
15 297
15 298
16 18
16 33
16 54
16 56
16 64
16 66
16 71
16 73
16 111
16 130
16 131
16 135
16 138
16 140
16 141
16 143
16 173
16 175
16 178
16 196
16 214
16 219
16 225
16 227
16 234
16 237
16 244
16 247
16 253
16 254
16 259
16 260
16 261
16 264
16 269
16 280
16 283
16 285
16 286
16 288
16 292
16 294
17 42
17 46
17 73
17 74
17 77
17 96
17 103
17 133
17 137
17 141
17 143
17 174
17 175
17 178
17 181
17 190
17 196
17 198
17 199
17 202
17 218
17 219
17 234
17 237
17 239
17 242
17 244
17 247
17 264
17 274
17 280
17 293
18 21
18 22
18 24
18 27
18 32
18 35
18 40
18 43
18 45
18 47
18 51
18 53
18 55
18 58
18 62
18 69
18 84
18 86
18 87
18 91
18 93
18 97
18 98
18 100
18 101
18 110
18 113
18 118
18 121
18 132
18 136
18 139
18 148
18 149
18 154
18 158
18 160
18 165
18 176
18 184
18 185
18 188
18 192
18 200
18 201
18 206
18 212
18 217
18 222
18 223
18 228
18 230
18 231
18 232
18 233
18 240
18 241
18 249
18 258
18 273
18 275
18 276
18 284
19 42
19 46
19 56
19 64
19 71
19 75
19 88
19 94
19 95
19 99
19 108
19 111
19 117
19 124
19 125
19 141
19 143
19 150
19 153
19 167
19 175
19 178
19 186
19 190
19 203
19 204
19 210
19 219
19 220
19 225
19 227
19 242
19 247
19 251
19 253
19 254
19 260
19 269
19 280
19 285
19 286
19 290
19 293
20 28
20 33
20 57
20 67
20 71
20 77
20 79
20 88
20 90
20 104
20 116
20 124
20 125
20 130
20 131
20 135
20 142
20 174
20 181
20 204
20 205
20 207
20 214
20 216
20 219
20 225
20 227
20 234
20 239
20 243
20 244
20 254
20 257
20 289
20 290
20 293
21 28
21 67
21 75
21 79
21 96
21 107
21 111
21 116
21 125
21 130
21 137
21 138
21 141
21 143
21 163
21 187
21 198
21 207
21 210
21 214
21 218
21 225
21 237
21 239
21 242
21 243
21 251
21 259
21 260
21 264
21 274
21 282
21 286
21 293
21 294
22 54
22 74
22 75
22 79
22 88
22 94
22 99
22 103
22 107
22 111
22 125
22 135
22 140
22 141
22 142
22 143
22 153
22 167
22 174
22 186
22 190
22 196
22 198
22 205
22 214
22 227
22 234
22 237
22 239
22 243
22 251
22 253
22 254
22 257
22 259
22 274
22 285
22 286
22 289
23 28
23 46
23 56
23 64
23 67
23 72
23 79
23 88
23 96
23 103
23 107
23 130
23 131
23 135
23 137
23 141
23 142
23 150
23 163
23 172
23 173
23 175
23 177
23 181
23 196
23 198
23 199
23 203
23 219
23 220
23 221
23 235
23 237
23 243
23 247
23 260
23 261
23 264
23 271
23 282
23 283
23 285
24 28
24 33
24 44
24 52
24 57
24 67
24 72
24 94
24 95
24 99
24 103
24 104
24 107
24 108
24 130
24 141
24 142
24 150
24 177
24 178
24 186
24 190
24 191
24 203
24 205
24 207
24 214
24 218
24 219
24 235
24 239
24 242
24 243
24 244
24 247
24 251
24 254
24 274
24 280
24 288
24 289
25 27
25 32
25 45
25 47
25 48
25 49
25 58
25 61
25 69
25 70
25 78
25 89
25 91
25 112
25 114
25 136
25 139
25 144
25 145
25 147
25 149
25 151
25 152
25 157
25 159
25 160
25 164
25 180
25 189
25 197
25 208
25 209
25 211
25 217
25 226
25 231
25 232
25 233
25 236
25 249
25 250
25 252
25 256
25 258
25 266
25 267
25 272
25 278
25 295
25 296
26 28
26 56
26 57
26 66
26 99
26 116
26 125
26 131
26 137
26 163
26 173
26 186
26 199
26 207
26 221
26 234
26 238
26 242
26 243
26 244
26 247
26 253
26 254
26 261
26 271
26 274
26 282
26 285
26 293
26 294
27 52
27 54
27 64
27 66
27 77
27 88
27 90
27 96
27 107
27 111
27 116
27 131
27 135
27 137
27 167
27 174
27 177
27 178
27 186
27 190
27 198
27 204
27 205
27 210
27 216
27 221
27 225
27 227
27 242
27 244
27 247
27 261
27 271
27 274
27 288
27 289
27 290
28 31
28 34
28 37
28 39
28 43
28 45
28 50
28 59
28 70
28 76
28 78
28 83
28 85
28 86
28 92
28 93
28 100
28 101
28 106
28 109
28 113
28 121
28 122
28 136
28 139
28 155
28 157
28 159
28 160
28 169
28 176
28 179
28 182
28 183
28 184
28 188
28 229
28 233
28 240
28 250
28 255
28 258
28 265
28 266
28 270
28 279
28 284
28 297
29 46
29 52
29 67
29 95
29 111
29 117
29 135
29 138
29 142
29 174
29 175
29 178
29 186
29 187
29 190
29 196
29 199
29 204
29 205
29 207
29 210
29 215
29 219
29 220
29 221
29 225
29 227
29 239
29 253
29 257
29 260
29 261
29 269
29 274
29 285
29 286
29 289
29 294
30 46
30 54
30 57
30 66
30 67
30 73
30 74
30 75
30 94
30 95
30 124
30 125
30 130
30 138
30 140
30 142
30 150
30 172
30 186
30 190
30 214
30 216
30 218
30 219
30 237
30 238
30 239
30 251
30 253
30 254
30 260
30 261
30 269
30 274
30 285
30 288
30 290
30 292
30 293
30 294
31 33
31 56
31 57
31 71
31 72
31 88
31 90
31 99
31 103
31 108
31 124
31 125
31 131
31 133
31 138
31 143
31 153
31 174
31 175
31 177
31 186
31 199
31 207
31 216
31 235
31 242
31 269
31 282
31 292
31 293
31 294
32 52
32 57
32 71
32 74
32 77
32 79
32 96
32 103
32 111
32 116
32 125
32 130
32 140
32 142
32 143
32 153
32 177
32 186
32 187
32 196
32 199
32 202
32 203
32 204
32 205
32 216
32 219
32 235
32 243
32 251
32 261
32 280
32 285
32 286
32 288
32 289
32 290
32 293
33 49
33 53
33 55
33 58
33 59
33 61
33 68
33 70
33 76
33 87
33 89
33 97
33 100
33 112
33 113
33 121
33 127
33 139
33 146
33 148
33 151
33 154
33 157
33 159
33 164
33 170
33 176
33 179
33 182
33 183
33 185
33 193
33 200
33 208
33 212
33 222
33 228
33 240
33 246
33 250
33 255
33 262
33 265
33 273
33 278
33 284
33 295
33 296
33 297
34 52
34 72
34 73
34 77
34 103
34 108
34 111
34 116
34 117
34 141
34 142
34 143
34 163
34 167
34 177
34 187
34 190
34 196
34 202
34 204
34 207
34 218
34 219
34 221
34 225
34 227
34 238
34 239
34 243
34 251
34 259
34 260
34 261
34 271
34 282
34 283
34 290
34 291
34 293
34 294
35 44
35 52
35 64
35 72
35 75
35 77
35 79
35 95
35 125
35 131
35 133
35 135
35 137
35 143
35 150
35 167
35 172
35 175
35 178
35 186
35 187
35 196
35 199
35 202
35 204
35 218
35 221
35 227
35 234
35 242
35 243
35 251
35 254
35 257
35 259
35 264
35 274
35 283
35 285
35 288
35 292
35 293
36 46
36 64
36 66
36 71
36 72
36 73
36 75
36 77
36 79
36 94
36 96
36 116
36 138
36 142
36 150
36 175
36 177
36 178
36 187
36 190
36 198
36 202
36 205
36 210
36 234
36 237
36 239
36 242
36 243
36 253
36 257
36 260
36 286
36 291
36 292
36 293
37 44
37 56
37 64
37 67
37 73
37 74
37 75
37 88
37 90
37 103
37 125
37 133
37 135
37 137
37 141
37 142
37 163
37 175
37 178
37 190
37 198
37 203
37 214
37 215
37 216
37 242
37 244
37 251
37 260
37 264
37 282
37 290
37 291
37 294
38 42
38 44
38 66
38 67
38 72
38 73
38 75
38 79
38 95
38 103
38 124
38 130
38 131
38 133
38 135
38 138
38 143
38 150
38 167
38 177
38 178
38 187
38 196
38 198
38 199
38 205
38 207
38 210
38 214
38 218
38 219
38 220
38 221
38 227
38 235
38 244
38 259
38 260
38 264
38 286
38 289
38 290
38 292
39 57
39 64
39 72
39 77
39 94
39 95
39 104
39 117
39 124
39 133
39 140
39 141
39 163
39 172
39 173
39 175
39 177
39 181
39 186
39 190
39 191
39 196
39 202
39 207
39 219
39 221
39 227
39 242
39 243
39 253
39 254
39 257
39 259
39 280
39 282
40 42
40 54
40 57
40 67
40 71
40 74
40 75
40 79
40 95
40 104
40 108
40 117
40 125
40 131
40 137
40 142
40 172
40 173
40 187
40 202
40 210
40 214
40 215
40 216
40 221
40 225
40 227
40 234
40 237
40 242
40 243
40 251
40 257
40 260
40 264
40 269
40 271
40 285
40 286
40 291
41 46
41 71
41 74
41 96
41 103
41 111
41 116
41 117
41 130
41 131
41 135
41 137
41 142
41 150
41 153
41 177
41 186
41 187
41 191
41 196
41 203
41 204
41 207
41 216
41 218
41 219
41 227
41 238
41 239
41 244
41 251
41 259
41 260
41 264
41 271
41 274
41 282
41 286
41 288
41 291
41 293
42 43
42 47
42 49
42 50
42 58
42 62
42 63
42 68
42 78
42 82
42 84
42 85
42 89
42 92
42 100
42 102
42 109
42 112
42 115
42 126
42 132
42 134
42 146
42 152
42 156
42 158
42 160
42 164
42 166
42 168
42 169
42 176
42 183
42 188
42 194
42 195
42 200
42 201
42 213
42 233
42 241
42 248
42 252
42 256
42 258
42 267
42 273
42 275
42 279
42 284
42 287
42 298
42 299
43 57
43 67
43 79
43 94
43 99
43 103
43 107
43 130
43 142
43 153
43 163
43 167
43 175
43 191
43 196
43 203
43 204
43 207
43 216
43 234
43 235
43 238
43 251
43 254
43 257
43 259
43 261
43 271
43 274
43 285
43 286
43 288
43 289
43 294
44 45
44 47
44 49
44 58
44 59
44 65
44 78
44 80
44 83
44 84
44 91
44 100
44 114
44 139
44 145
44 151
44 152
44 155
44 157
44 162
44 164
44 166
44 168
44 176
44 180
44 182
44 192
44 197
44 200
44 206
44 208
44 211
44 212
44 213
44 224
44 230
44 232
44 258
44 262
44 270
44 277
44 281
45 56
45 72
45 73
45 77
45 79
45 88
45 94
45 103
45 104
45 107
45 111
45 130
45 135
45 153
45 163
45 177
45 190
45 196
45 207
45 219
45 235
45 237
45 242
45 244
45 251
45 285
45 294
46 47
46 50
46 55
46 58
46 63
46 65
46 69
46 76
46 78
46 83
46 84
46 85
46 89
46 92
46 98
46 106
46 110
46 119
46 120
46 128
46 129
46 136
46 147
46 156
46 157
46 162
46 164
46 165
46 166
46 168
46 169
46 170
46 171
46 179
46 183
46 184
46 188
46 195
46 197
46 200
46 212
46 213
46 222
46 223
46 224
46 230
46 236
46 240
46 246
46 256
46 258
46 266
46 270
46 272
46 278
47 54
47 56
47 64
47 66
47 73
47 74
47 75
47 77
47 88
47 90
47 94
47 96
47 107
47 117
47 125
47 143
47 163
47 173
47 177
47 178
47 186
47 187
47 191
47 196
47 202
47 205
47 214
47 216
47 218
47 219
47 225
47 242
47 251
47 254
47 257
47 259
47 271
47 285
47 286
47 289
47 294
48 54
48 57
48 64
48 75
48 94
48 99
48 107
48 116
48 117
48 125
48 130
48 133
48 137
48 140
48 167
48 174
48 196
48 202
48 205
48 207
48 218
48 220
48 221
48 225
48 242
48 244
48 251
48 253
48 257
48 261
48 271
48 282
48 291
48 292
48 294
49 71
49 72
49 74
49 77
49 90
49 95
49 96
49 99
49 107
49 108
49 111
49 117
49 141
49 142
49 150
49 153
49 177
49 178
49 199
49 202
49 220
49 221
49 227
49 237
49 247
49 254
49 260
49 261
49 289
49 290
50 54
50 66
50 71
50 74
50 77
50 90
50 99
50 103
50 104
50 117
50 130
50 143
50 150
50 163
50 167
50 172
50 175
50 177
50 178
50 186
50 190
50 203
50 210
50 220
50 238
50 239
50 243
50 253
50 254
50 259
50 260
50 261
50 264
50 271
50 282
50 283
50 291
50 293
50 294
51 52
51 57
51 64
51 77
51 88
51 90
51 94
51 95
51 96
51 99
51 111
51 117
51 141
51 163
51 167
51 173
51 175
51 178
51 196
51 205
51 215
51 221
51 237
51 244
51 247
51 251
51 271
51 283
51 286
51 289
51 291
51 293
51 294
52 53
52 55
52 59
52 61
52 62
52 78
52 82
52 91
52 100
52 112
52 115
52 118
52 119
52 121
52 122
52 123
52 127
52 134
52 136
52 145
52 146
52 157
52 158
52 159
52 165
52 166
52 171
52 183
52 192
52 193
52 206
52 217
52 224
52 229
52 230
52 232
52 236
52 252
52 262
52 273
52 276
52 284
52 295
52 296
52 298
53 64
53 67
53 74
53 94
53 99
53 108
53 111
53 116
53 131
53 135
53 137
53 140
53 141
53 143
53 150
53 172
53 173
53 191
53 199
53 202
53 203
53 215
53 219
53 220
53 225
53 227
53 234
53 242
53 244
53 247
53 254
53 264
53 271
53 283
53 286
53 290
53 293
54 58
54 59
54 62
54 65
54 78
54 82
54 84
54 85
54 86
54 91
54 97
54 102
54 105
54 109
54 110
54 118
54 126
54 132
54 134
54 136
54 144
54 147
54 148
54 152
54 155
54 159
54 160
54 166
54 168
54 170
54 179
54 180
54 182
54 183
54 188
54 192
54 194
54 195
54 206
54 213
54 228
54 229
54 236
54 241
54 246
54 248
54 256
54 267
54 268
54 270
54 272
54 275
54 276
54 277
54 284
54 296
54 297
55 57
55 66
55 67
55 73
55 75
55 88
55 99
55 103
55 117
55 124
55 133
55 137
55 138
55 140
55 142
55 153
55 174
55 177
55 181
55 186
55 187
55 196
55 198
55 199
55 204
55 207
55 214
55 215
55 216
55 218
55 219
55 220
55 221
55 237
55 239
55 243
55 247
55 254
55 257
55 261
55 264
55 271
55 280
55 282
55 283
55 293
56 58
56 60
56 62
56 69
56 70
56 84
56 86
56 87
56 91
56 100
56 101
56 109
56 112
56 113
56 118
56 119
56 134
56 156
56 157
56 158
56 164
56 165
56 166
56 170
56 171
56 176
56 180
56 184
56 185
56 188
56 194
56 197
56 201
56 206
56 208
56 209
56 212
56 217
56 222
56 224
56 229
56 231
56 233
56 240
56 246
56 250
56 263
56 265
56 268
56 272
56 281
56 284
56 298
57 59
57 61
57 68
57 76
57 81
57 82
57 84
57 86
57 91
57 97
57 101
57 106
57 109
57 110
57 112
57 113
57 119
57 120
57 122
57 126
57 129
57 132
57 134
57 145
57 146
57 149
57 152
57 154
57 157
57 166
57 170
57 171
57 183
57 192
57 194
57 197
57 209
57 211
57 222
57 232
57 233
57 240
57 241
57 249
57 250
57 258
57 265
57 267
57 268
57 270
57 273
57 276
57 278
57 279
57 281
57 295
57 299
58 64
58 71
58 74
58 75
58 77
58 103
58 104
58 111
58 131
58 137
58 140
58 167
58 187
58 203
58 214
58 215
58 221
58 227
58 238
58 242
58 254
58 257
58 264
58 269
58 274
58 283
58 289
58 291
59 66
59 72
59 90
59 94
59 96
59 99
59 107
59 116
59 130
59 135
59 141
59 142
59 150
59 173
59 174
59 178
59 186
59 187
59 191
59 199
59 202
59 203
59 210
59 214
59 216
59 220
59 221
59 234
59 238
59 239
59 247
59 251
59 261
59 271
59 286
59 289
59 291
59 293
60 64
60 67
60 72
60 73
60 79
60 104
60 107
60 108
60 124
60 131
60 133
60 143
60 150
60 153
60 173
60 177
60 178
60 181
60 186
60 198
60 199
60 202
60 203
60 214
60 215
60 221
60 227
60 235
60 239
60 247
60 251
60 253
60 259
60 274
60 280
60 282
60 293
60 294
61 66
61 73
61 74
61 75
61 79
61 88
61 94
61 96
61 99
61 108
61 111
61 130
61 135
61 141
61 142
61 153
61 174
61 175
61 177
61 178
61 191
61 198
61 202
61 204
61 207
61 220
61 247
61 251
61 254
61 257
61 282
61 285
61 288
61 289
61 290
61 292
62 64
62 71
62 73
62 75
62 79
62 90
62 94
62 107
62 116
62 130
62 131
62 133
62 135
62 138
62 140
62 143
62 163
62 167
62 173
62 177
62 181
62 198
62 203
62 214
62 216
62 219
62 234
62 238
62 239
62 243
62 247
62 259
62 260
62 261
62 264
62 271
62 283
62 288
62 292
62 293
63 64
63 71
63 88
63 94
63 107
63 124
63 133
63 135
63 141
63 177
63 187
63 196
63 198
63 199
63 202
63 205
63 210
63 216
63 225
63 247
63 251
63 254
63 257
63 259
63 264
63 274
63 280
63 285
63 288
64 65
64 69
64 70
64 76
64 82
64 86
64 87
64 89
64 91
64 98
64 101
64 102
64 106
64 109
64 112
64 121
64 122
64 123
64 128
64 132
64 139
64 145
64 148
64 152
64 156
64 158
64 161
64 164
64 165
64 176
64 180
64 188
64 192
64 193
64 197
64 200
64 209
64 211
64 213
64 228
64 230
64 232
64 233
64 245
64 246
64 250
64 256
64 262
64 265
64 268
64 275
64 277
64 279
64 287
64 296
64 298
65 74
65 104
65 107
65 111
65 116
65 131
65 137
65 138
65 141
65 142
65 143
65 174
65 187
65 191
65 196
65 198
65 199
65 202
65 203
65 210
65 218
65 220
65 237
65 238
65 239
65 244
65 259
65 260
65 280
65 282
65 285
65 288
65 290
65 293
65 294
66 80
66 83
66 89
66 98
66 110
66 112
66 115
66 120
66 121
66 122
66 126
66 128
66 147
66 148
66 152
66 156
66 158
66 159
66 165
66 169
66 183
66 184
66 193
66 229
66 232
66 241
66 248
66 256
66 266
66 267
66 268
66 270
66 275
66 276
66 277
66 281
66 287
66 295
66 298
67 69
67 83
67 84
67 86
67 87
67 89
67 91
67 101
67 105
67 106
67 110
67 113
67 114
67 122
67 126
67 132
67 139
67 146
67 148
67 151
67 154
67 164
67 165
67 169
67 170
67 179
67 183
67 189
67 192
67 195
67 206
67 208
67 209
67 211
67 231
67 232
67 236
67 246
67 248
67 249
67 252
67 256
67 258
67 268
67 272
67 279
67 296
68 74
68 77
68 88
68 95
68 96
68 103
68 104
68 107
68 108
68 125
68 131
68 133
68 138
68 150
68 163
68 172
68 174
68 199
68 215
68 219
68 220
68 234
68 235
68 238
68 242
68 243
68 251
68 257
68 260
68 261
68 271
68 274
68 283
68 286
68 291
68 293
69 73
69 74
69 77
69 90
69 95
69 96
69 99
69 103
69 104
69 108
69 116
69 117
69 125
69 135
69 143
69 163
69 174
69 178
69 181
69 187
69 198
69 202
69 203
69 205
69 210
69 216
69 234
69 238
69 242
69 257
69 264
69 292
69 293
70 72
70 74
70 75
70 77
70 90
70 94
70 95
70 103
70 107
70 111
70 124
70 125
70 143
70 163
70 175
70 191
70 205
70 210
70 221
70 238
70 251
70 257
70 264
70 286
70 291
70 292
71 91
71 92
71 93
71 97
71 98
71 100
71 102
71 105
71 120
71 121
71 123
71 126
71 129
71 134
71 147
71 149
71 155
71 157
71 158
71 159
71 161
71 165
71 171
71 176
71 182
71 183
71 184
71 185
71 189
71 193
71 197
71 206
71 224
71 226
71 228
71 229
71 230
71 232
71 246
71 255
71 258
71 263
71 267
71 268
71 273
71 275
71 278
71 279
71 281
71 284
71 295
71 299
72 76
72 85
72 86
72 92
72 113
72 115
72 118
72 122
72 123
72 128
72 149
72 151
72 157
72 158
72 162
72 179
72 182
72 183
72 184
72 185
72 189
72 192
72 193
72 195
72 208
72 211
72 212
72 228
72 229
72 240
72 241
72 246
72 258
72 262
72 263
72 265
72 266
72 275
72 277
72 279
72 298
73 78
73 83
73 86
73 101
73 102
73 105
73 109
73 110
73 119
73 120
73 126
73 128
73 132
73 134
73 136
73 139
73 147
73 156
73 159
73 161
73 164
73 165
73 170
73 179
73 182
73 185
73 188
73 197
73 206
73 208
73 209
73 213
73 222
73 223
73 224
73 226
73 228
73 231
73 245
73 248
73 249
73 252
73 258
73 262
73 267
73 268
73 270
73 276
73 297
74 76
74 82
74 83
74 86
74 91
74 93
74 97
74 98
74 100
74 115
74 118
74 119
74 122
74 123
74 128
74 129
74 132
74 134
74 136
74 144
74 149
74 158
74 160
74 166
74 171
74 182
74 184
74 185
74 201
74 206
74 209
74 211
74 212
74 213
74 223
74 231
74 236
74 241
74 250
74 255
74 263
74 266
74 267
74 270
74 275
74 276
74 277
74 279
74 284
74 295
74 297
75 83
75 85
75 91
75 100
75 110
75 113
75 115
75 119
75 122
75 126
75 127
75 129
75 139
75 145
75 147
75 148
75 152
75 156
75 158
75 165
75 166
75 189
75 193
75 195
75 201
75 209
75 211
75 212
75 213
75 222
75 224
75 226
75 228
75 230
75 231
75 249
75 250
75 252
75 256
75 258
75 262
75 263
75 265
75 270
75 272
75 273
75 281
76 77
76 90
76 95
76 103
76 104
76 107
76 108
76 124
76 137
76 138
76 172
76 173
76 178
76 187
76 196
76 202
76 214
76 218
76 221
76 225
76 227
76 239
76 242
76 244
76 247
76 251
76 253
76 260
76 261
76 269
76 271
76 274
76 280
76 282
76 283
76 293
77 78
77 84
77 85
77 86
77 89
77 91
77 97
77 112
77 115
77 118
77 129
77 136
77 144
77 146
77 147
77 152
77 155
77 156
77 160
77 168
77 176
77 182
77 184
77 185
77 194
77 197
77 200
77 201
77 208
77 222
77 224
77 226
77 230
77 231
77 236
77 246
77 252
77 258
77 263
77 266
77 268
77 270
77 272
77 277
77 284
77 296
77 299
78 95
78 99
78 104
78 108
78 116
78 124
78 137
78 140
78 141
78 167
78 173
78 175
78 186
78 191
78 199
78 202
78 203
78 204
78 205
78 207
78 214
78 216
78 238
78 257
78 260
78 264
78 271
78 282
78 283
78 286
78 288
78 292
78 294
79 84
79 93
79 97
79 100
79 101
79 102
79 109
79 120
79 121
79 122
79 123
79 126
79 129
79 132
79 134
79 151
79 159
79 162
79 179
79 182
79 184
79 208
79 209
79 222
79 224
79 226
79 228
79 231
79 232
79 233
79 240
79 245
79 249
79 250
79 263
79 265
79 268
79 272
79 275
79 276
79 277
79 278
79 284
79 287
79 298
80 88
80 107
80 130
80 131
80 133
80 135
80 141
80 150
80 153
80 167
80 173
80 174
80 175
80 178
80 186
80 190
80 199
80 205
80 210
80 216
80 219
80 220
80 221
80 234
80 238
80 239
80 242
80 251
80 254
80 257
80 271
80 286
80 291
81 94
81 95
81 99
81 103
81 108
81 117
81 130
81 135
81 140
81 141
81 142
81 150
81 167
81 181
81 196
81 204
81 207
81 215
81 218
81 219
81 237
81 238
81 243
81 247
81 254
81 269
81 282
81 283
81 285
81 286
81 288
81 293
82 90
82 95
82 104
82 107
82 108
82 125
82 131
82 133
82 138
82 140
82 141
82 174
82 181
82 196
82 198
82 199
82 204
82 205
82 210
82 215
82 219
82 225
82 238
82 239
82 254
82 259
82 260
82 261
82 264
82 269
82 274
82 280
82 285
82 286
82 290
82 293
83 90
83 94
83 96
83 99
83 103
83 104
83 111
83 131
83 135
83 137
83 141
83 142
83 143
83 167
83 173
83 177
83 178
83 203
83 204
83 210
83 214
83 216
83 218
83 219
83 221
83 225
83 227
83 237
83 247
83 254
83 264
83 274
83 282
83 283
83 289
83 291
83 292
83 294
84 96
84 99
84 107
84 116
84 130
84 131
84 138
84 140
84 143
84 153
84 163
84 174
84 175
84 178
84 191
84 196
84 199
84 204
84 216
84 220
84 221
84 237
84 238
84 239
84 242
84 259
84 260
84 261
84 269
84 274
84 280
84 282
84 283
84 288
85 99
85 103
85 107
85 108
85 111
85 124
85 130
85 133
85 141
85 150
85 173
85 175
85 177
85 203
85 205
85 207
85 216
85 220
85 221
85 225
85 237
85 238
85 244
85 247
85 251
85 260
85 269
85 271
85 282
85 290
85 291
86 90
86 94
86 96
86 99
86 104
86 125
86 130
86 133
86 135
86 138
86 140
86 141
86 142
86 143
86 150
86 167
86 174
86 178
86 186
86 187
86 190
86 196
86 198
86 199
86 202
86 203
86 204
86 214
86 225
86 234
86 238
86 242
86 253
86 254
86 257
86 261
86 286
86 290
86 291
87 94
87 96
87 107
87 116
87 124
87 125
87 130
87 141
87 163
87 174
87 175
87 177
87 181
87 204
87 205
87 216
87 218
87 221
87 234
87 237
87 243
87 251
87 254
87 257
87 259
87 261
87 264
87 274
87 282
87 285
87 288
87 289
87 291
88 89
88 102
88 118
88 120
88 121
88 123
88 127
88 128
88 129
88 136
88 148
88 151
88 154
88 156
88 157
88 160
88 169
88 180
88 182
88 184
88 192
88 194
88 197
88 206
88 208
88 209
88 211
88 213
88 223
88 229
88 230
88 231
88 232
88 240
88 263
88 265
88 266
88 270
88 277
88 278
88 284
88 287
89 90
89 94
89 104
89 107
89 111
89 131
89 137
89 140
89 143
89 167
89 177
89 181
89 191
89 203
89 205
89 207
89 215
89 221
89 227
89 234
89 235
89 238
89 239
89 244
89 257
89 271
89 293
89 294
90 91
90 93
90 102
90 122
90 134
90 136
90 144
90 147
90 154
90 156
90 158
90 159
90 162
90 165
90 169
90 171
90 189
90 192
90 193
90 200
90 206
90 212
90 213
90 217
90 222
90 224
90 228
90 230
90 231
90 233
90 236
90 241
90 245
90 246
90 249
90 268
90 273
90 275
90 276
90 284
90 295
90 297
91 99
91 103
91 116
91 131
91 135
91 138
91 140
91 142
91 143
91 153
91 167
91 178
91 181
91 187
91 198
91 203
91 210
91 225
91 234
91 235
91 237
91 238
91 247
91 251
91 253
91 257
91 260
91 264
91 274
91 289
91 291
92 95
92 107
92 108
92 116
92 117
92 142
92 150
92 174
92 178
92 196
92 202
92 204
92 210
92 214
92 218
92 219
92 234
92 237
92 238
92 243
92 244
92 254
92 259
92 269
92 274
92 282
92 283
92 288
92 289
93 107
93 137
93 140
93 142
93 143
93 150
93 172
93 174
93 181
93 190
93 196
93 205
93 225
93 235
93 237
93 239
93 242
93 257
93 260
93 271
93 283
93 288
93 292
93 293
94 100
94 105
94 106
94 109
94 113
94 119
94 123
94 127
94 128
94 129
94 132
94 136
94 144
94 158
94 159
94 161
94 165
94 179
94 180
94 182
94 189
94 192
94 201
94 206
94 213
94 217
94 222
94 224
94 245
94 250
94 262
94 267
94 268
94 273
94 284
94 287
95 105
95 109
95 112
95 113
95 114
95 118
95 122
95 144
95 146
95 152
95 155
95 156
95 158
95 159
95 161
95 165
95 168
95 169
95 171
95 176
95 179
95 180
95 182
95 184
95 188
95 193
95 194
95 197
95 209
95 217
95 222
95 223
95 229
95 230
95 236
95 245
95 248
95 262
95 265
95 268
95 276
95 278
95 284
95 296
96 105
96 106
96 109
96 115
96 123
96 136
96 144
96 145
96 146
96 148
96 151
96 158
96 161
96 162
96 165
96 166
96 176
96 179
96 184
96 185
96 189
96 192
96 197
96 213
96 223
96 224
96 231
96 232
96 246
96 248
96 256
96 276
96 278
96 295
97 104
97 111
97 117
97 125
97 138
97 143
97 150
97 173
97 177
97 181
97 186
97 187
97 196
97 202
97 203
97 205
97 207
97 214
97 218
97 220
97 221
97 225
97 234
97 237
97 257
97 259
97 260
97 271
97 274
97 282
97 285
97 289
97 290
97 291
97 292
97 293
98 99
98 103
98 104
98 111
98 117
98 125
98 131
98 133
98 137
98 141
98 142
98 153
98 163
98 167
98 173
98 174
98 177
98 178
98 186
98 190
98 191
98 198
98 199
98 202
98 204
98 207
98 210
98 215
98 227
98 235
98 244
98 251
98 254
98 260
98 274
98 280
98 282
98 283
98 285
98 291
98 292
98 293
99 109
99 110
99 112
99 114
99 115
99 118
99 119
99 122
99 123
99 127
99 134
99 136
99 139
99 144
99 148
99 154
99 158
99 162
99 164
99 165
99 166
99 168
99 171
99 180
99 183
99 184
99 185
99 193
99 195
99 200
99 201
99 206
99 208
99 213
99 217
99 223
99 228
99 232
99 236
99 241
99 248
99 255
99 262
99 263
99 270
99 273
99 276
99 279
100 103
100 108
100 111
100 116
100 131
100 133
100 140
100 141
100 163
100 178
100 181
100 187
100 190
100 196
100 199
100 205
100 207
100 219
100 221
100 237
100 239
100 242
100 244
100 257
100 260
100 261
100 264
100 271
100 274
100 286
100 289
100 293
100 294
101 107
101 124
101 130
101 133
101 135
101 138
101 141
101 150
101 163
101 167
101 191
101 198
101 214
101 216
101 234
101 235
101 238
101 242
101 243
101 247
101 257
101 264
101 269
101 282
101 283
101 285
101 286
101 288
101 289
101 292
102 103
102 125
102 135
102 140
102 150
102 174
102 196
102 198
102 205
102 207
102 215
102 219
102 225
102 227
102 239
102 242
102 247
102 251
102 257
102 259
102 260
102 285
102 286
102 289
102 290
102 292
102 293
102 294
103 105
103 109
103 110
103 113
103 120
103 121
103 128
103 146
103 151
103 155
103 156
103 160
103 164
103 165
103 166
103 171
103 189
103 195
103 200
103 206
103 209
103 213
103 224
103 228
103 229
103 246
103 252
103 256
103 258
103 263
103 265
103 275
103 278
103 295
103 297
104 114
104 115
104 118
104 119
104 121
104 122
104 126
104 128
104 129
104 132
104 144
104 146
104 147
104 148
104 152
104 157
104 162
104 164
104 166
104 168
104 170
104 188
104 192
104 200
104 212
104 222
104 226
104 230
104 232
104 268
104 270
104 272
104 273
104 279
104 281
104 297
104 298
105 108
105 111
105 116
105 135
105 137
105 143
105 153
105 172
105 173
105 175
105 177
105 202
105 207
105 214
105 237
105 242
105 251
105 254
105 260
105 280
106 116
106 117
106 124
106 125
106 138
106 140
106 142
106 167
106 177
106 178
106 181
106 186
106 205
106 210
106 214
106 218
106 219
106 225
106 235
106 237
106 243
106 244
106 247
106 259
106 264
106 269
106 274
106 282
106 285
106 292
107 109
107 119
107 120
107 126
107 127
107 128
107 134
107 136
107 146
107 151
107 156
107 158
107 162
107 169
107 170
107 183
107 193
107 194
107 195
107 197
107 201
107 211
107 224
107 231
107 236
107 241
107 245
107 248
107 250
107 252
107 256
107 262
107 265
107 266
107 268
107 270
107 272
107 275
107 287
107 296
107 298
107 299
108 109
108 110
108 120
108 126
108 129
108 149
108 151
108 154
108 155
108 156
108 157
108 169
108 180
108 182
108 185
108 188
108 194
108 201
108 223
108 226
108 229
108 232
108 241
108 246
108 250
108 258
108 263
108 268
108 276
108 281
108 287
108 296
108 299
109 131
109 135
109 138
109 140
109 153
109 163
109 172
109 177
109 186
109 187
109 190
109 199
109 204
109 205
109 207
109 216
109 218
109 219
109 221
109 225
109 227
109 234
109 238
109 242
109 247
109 254
109 257
109 259
109 264
109 269
109 271
109 286
109 290
109 292
110 117
110 125
110 135
110 143
110 150
110 173
110 174
110 177
110 199
110 203
110 204
110 214
110 218
110 243
110 254
110 259
110 264
110 283
110 285
110 290
110 291
110 293
111 114
111 119
111 121
111 132
111 136
111 145
111 157
111 158
111 159
111 161
111 165
111 176
111 179
111 188
111 189
111 206
111 208
111 212
111 228
111 230
111 231
111 233
111 240
111 245
111 246
111 250
111 255
111 256
111 263
111 267
111 268
111 276
111 279
111 281
111 295
111 296
111 297
112 116
112 117
112 131
112 141
112 142
112 153
112 163
112 172
112 181
112 186
112 187
112 202
112 205
112 216
112 218
112 219
112 220
112 235
112 242
112 243
112 244
112 251
112 253
112 254
112 260
112 285
112 288
112 292
113 124
113 130
113 131
113 133
113 137
113 138
113 150
113 167
113 173
113 177
113 178
113 181
113 196
113 198
113 199
113 202
113 204
113 214
113 219
113 234
113 251
113 254
113 259
113 260
113 261
113 264
113 280
113 288
113 293
114 117
114 125
114 135
114 140
114 150
114 163
114 167
114 172
114 173
114 174
114 175
114 177
114 190
114 205
114 210
114 214
114 216
114 221
114 225
114 235
114 239
114 244
114 251
114 253
114 254
114 259
114 261
114 264
114 291
115 117
115 125
115 130
115 131
115 133
115 137
115 140
115 141
115 153
115 167
115 178
115 191
115 198
115 199
115 214
115 215
115 219
115 220
115 221
115 227
115 237
115 247
115 251
115 257
115 264
115 269
115 283
115 291
115 292
116 118
116 119
116 121
116 123
116 134
116 144
116 149
116 151
116 160
116 161
116 162
116 165
116 168
116 169
116 170
116 171
116 176
116 179
116 180
116 184
116 188
116 193
116 194
116 195
116 197
116 201
116 206
116 208
116 213
116 226
116 228
116 229
116 231
116 233
116 241
116 249
116 250
116 255
116 258
116 276
116 284
116 295
116 297
117 121
117 122
117 123
117 126
117 128
117 144
117 147
117 152
117 155
117 156
117 160
117 165
117 169
117 180
117 182
117 194
117 197
117 200
117 208
117 211
117 217
117 223
117 224
117 229
117 230
117 236
117 245
117 249
117 250
117 252
117 266
117 276
117 277
117 278
117 279
117 287
117 297
118 124
118 131
118 133
118 135
118 138
118 141
118 142
118 150
118 153
118 167
118 175
118 181
118 190
118 196
118 203
118 210
118 218
118 235
118 237
118 238
118 243
118 251
118 259
118 282
118 288
118 289
118 290
118 294
119 135
119 140
119 142
119 143
119 153
119 167
119 172
119 175
119 177
119 178
119 198
119 204
119 210
119 214
119 218
119 220
119 221
119 227
119 234
119 235
119 242
119 253
119 259
119 290
119 292
119 294
120 124
120 130
120 133
120 137
120 163
120 187
120 198
120 216
120 219
120 234
120 235
120 239
120 243
120 244
120 257
120 261
120 269
120 271
120 274
120 280
121 130
121 131
121 133
121 140
121 142
121 167
121 173
121 174
121 175
121 177
121 186
121 187
121 190
121 204
121 205
121 218
121 220
121 221
121 234
121 235
121 242
121 243
121 253
121 257
121 260
121 269
121 271
121 283
121 286
121 290
121 294
122 124
122 130
122 138
122 141
122 143
122 150
122 167
122 174
122 175
122 178
122 190
122 198
122 202
122 203
122 207
122 214
122 215
122 216
122 219
122 220
122 225
122 244
122 254
122 259
122 280
122 282
122 285
122 290
122 291
122 292
122 294
123 124
123 125
123 142
123 143
123 163
123 172
123 174
123 175
123 177
123 178
123 190
123 199
123 202
123 210
123 214
123 215
123 218
123 220
123 221
123 225
123 227
123 234
123 244
123 247
123 254
123 257
123 261
123 269
123 286
123 292
123 293
124 127
124 129
124 132
124 145
124 146
124 154
124 155
124 156
124 158
124 159
124 161
124 164
124 166
124 170
124 176
124 180
124 189
124 200
124 201
124 212
124 224
124 230
124 231
124 236
124 245
124 246
124 248
124 250
124 252
124 255
124 258
124 262
124 263
124 273
124 275
124 276
124 284
124 298
125 126
125 129
125 134
125 146
125 155
125 157
125 161
125 162
125 166
125 169
125 170
125 171
125 183
125 184
125 189
125 195
125 200
125 212
125 217
125 224
125 228
125 230
125 232
125 250
125 252
125 256
125 258
125 263
125 265
125 270
125 275
125 278
125 279
125 281
125 297
126 135
126 138
126 140
126 153
126 172
126 174
126 186
126 199
126 203
126 204
126 205
126 207
126 215
126 218
126 219
126 220
126 253
126 257
126 260
126 261
126 264
126 280
126 286
126 290
127 130
127 133
127 135
127 138
127 140
127 141
127 143
127 172
127 173
127 174
127 175
127 187
127 190
127 204
127 205
127 218
127 227
127 234
127 237
127 239
127 244
127 247
127 253
127 254
127 259
127 260
127 274
127 280
127 294
128 130
128 138
128 143
128 150
128 163
128 177
128 187
128 196
128 202
128 218
128 219
128 221
128 227
128 237
128 239
128 242
128 257
128 259
128 264
128 280
128 285
128 286
128 289
128 291
128 292
128 294
129 133
129 138
129 140
129 141
129 143
129 163
129 172
129 173
129 177
129 187
129 202
129 203
129 207
129 216
129 220
129 221
129 234
129 235
129 238
129 253
129 264
129 269
129 290
129 291
129 292
130 132
130 134
130 136
130 144
130 147
130 155
130 158
130 161
130 165
130 170
130 171
130 176
130 184
130 189
130 197
130 206
130 212
130 213
130 223
130 228
130 232
130 241
130 249
130 252
130 255
130 256
130 258
130 263
130 266
130 273
130 276
130 279
130 281
130 284
131 146
131 149
131 152
131 158
131 161
131 165
131 168
131 169
131 183
131 185
131 188
131 193
131 195
131 209
131 222
131 230
131 233
131 236
131 249
131 252
131 258
131 262
131 263
131 266
131 267
131 268
131 270
131 273
131 278
131 279
131 284
131 296
131 298
132 135
132 138
132 141
132 150
132 163
132 167
132 172
132 173
132 174
132 175
132 177
132 186
132 199
132 207
132 214
132 219
132 220
132 225
132 227
132 234
132 235
132 238
132 239
132 251
132 253
132 259
132 260
132 282
132 286
132 290
132 293
133 136
133 139
133 147
133 148
133 149
133 154
133 162
133 165
133 168
133 169
133 179
133 185
133 193
133 208
133 217
133 222
133 228
133 230
133 250
133 255
133 256
133 276
133 279
133 287
133 297
133 299
134 135
134 138
134 142
134 143
134 163
134 174
134 177
134 187
134 199
134 203
134 207
134 214
134 218
134 220
134 227
134 235
134 237
134 243
134 247
134 253
134 254
134 259
134 260
134 261
134 264
134 271
134 282
134 291
135 144
135 147
135 148
135 155
135 156
135 158
135 159
135 160
135 161
135 162
135 165
135 170
135 171
135 179
135 180
135 182
135 184
135 193
135 195
135 201
135 206
135 212
135 213
135 217
135 222
135 231
135 232
135 245
135 248
135 249
135 256
135 258
135 266
135 267
135 277
135 278
135 281
135 287
136 142
136 143
136 153
136 167
136 172
136 173
136 177
136 181
136 187
136 199
136 203
136 205
136 218
136 237
136 244
136 247
136 257
136 269
136 271
136 280
136 283
136 291
137 139
137 149
137 155
137 158
137 164
137 166
137 171
137 180
137 183
137 184
137 185
137 188
137 189
137 197
137 206
137 211
137 223
137 224
137 226
137 229
137 236
137 241
137 245
137 248
137 249
137 250
137 262
137 275
137 276
137 277
137 279
137 296
137 298
138 139
138 145
138 146
138 148
138 149
138 154
138 161
138 162
138 168
138 180
138 194
138 197
138 201
138 212
138 223
138 224
138 229
138 230
138 232
138 240
138 248
138 250
138 252
138 255
138 258
138 265
138 275
138 276
138 277
138 278
138 279
138 287
138 295
138 296
138 297
139 142
139 143
139 150
139 153
139 177
139 186
139 187
139 190
139 191
139 196
139 198
139 199
139 202
139 215
139 221
139 225
139 242
139 247
139 251
139 253
139 257
139 259
139 260
139 264
139 271
139 282
139 285
139 289
139 291
139 292
140 145
140 146
140 147
140 156
140 169
140 179
140 180
140 182
140 192
140 193
140 208
140 209
140 211
140 224
140 226
140 230
140 231
140 232
140 233
140 236
140 240
140 246
140 248
140 249
140 262
140 279
140 284
140 295
140 296
140 298
141 147
141 149
141 157
141 160
141 161
141 162
141 164
141 165
141 166
141 170
141 171
141 180
141 183
141 188
141 194
141 197
141 201
141 208
141 212
141 236
141 240
141 241
141 246
141 248
141 249
141 252
141 255
141 262
141 263
141 266
141 268
141 270
141 273
141 284
141 287
141 298
141 299
142 146
142 149
142 151
142 154
142 156
142 157
142 161
142 162
142 164
142 165
142 166
142 179
142 180
142 183
142 185
142 188
142 193
142 197
142 206
142 212
142 213
142 217
142 224
142 226
142 228
142 233
142 250
142 258
142 262
142 265
142 266
142 268
142 275
142 279
142 296
142 299
143 147
143 148
143 151
143 158
143 164
143 166
143 168
143 169
143 170
143 171
143 179
143 180
143 183
143 189
143 194
143 226
143 228
143 232
143 233
143 236
143 241
143 245
143 250
143 252
143 256
143 262
143 265
143 267
143 268
143 270
143 272
143 281
144 178
144 191
144 196
144 198
144 220
144 221
144 235
144 238
144 239
144 244
144 251
144 264
144 282
144 288
144 289
144 292
145 163
145 174
145 175
145 181
145 187
145 196
145 198
145 202
145 207
145 216
145 218
145 225
145 227
145 237
145 242
145 247
145 251
145 257
145 269
145 280
145 282
145 291
145 292
145 294
146 175
146 177
146 187
146 196
146 202
146 204
146 207
146 210
146 221
146 257
146 264
146 283
146 286
146 291
146 292
146 293
146 294
147 167
147 175
147 177
147 186
147 203
147 215
147 218
147 225
147 235
147 238
147 244
147 260
147 264
147 271
147 274
147 289
147 293
148 167
148 173
148 177
148 181
148 186
148 190
148 199
148 202
148 203
148 204
148 214
148 215
148 216
148 218
148 225
148 235
148 243
148 247
148 254
148 260
148 261
148 274
148 286
148 289
148 291
148 293
149 153
149 167
149 172
149 173
149 175
149 187
149 190
149 196
149 204
149 210
149 216
149 219
149 220
149 227
149 235
149 243
149 254
149 257
149 261
149 264
149 269
149 271
149 285
149 288
149 289
149 290
149 291
149 294
150 152
150 157
150 161
150 170
150 171
150 183
150 184
150 188
150 195
150 201
150 206
150 217
150 222
150 224
150 231
150 232
150 241
150 248
150 258
150 262
150 265
150 266
150 272
150 273
150 276
150 277
150 279
150 287
151 163
151 172
151 173
151 174
151 181
151 186
151 191
151 196
151 199
151 202
151 203
151 216
151 220
151 225
151 235
151 242
151 243
151 259
151 264
151 269
151 283
152 163
152 172
152 173
152 174
152 175
152 178
152 186
152 190
152 191
152 196
152 198
152 199
152 202
152 221
152 235
152 242
152 259
152 264
152 269
152 280
152 282
152 283
152 285
152 288
152 289
152 292
153 154
153 157
153 158
153 159
153 161
153 165
153 179
153 192
153 206
153 212
153 217
153 222
153 223
153 224
153 226
153 231
153 240
153 245
153 246
153 248
153 256
153 262
153 265
153 275
153 276
153 297
154 167
154 172
154 174
154 186
154 191
154 196
154 198
154 203
154 204
154 205
154 210
154 214
154 216
154 220
154 225
154 227
154 237
154 242
154 243
154 244
154 257
154 261
154 264
154 269
154 271
154 282
154 293
155 173
155 174
155 175
155 177
155 186
155 199
155 220
155 225
155 235
155 237
155 239
155 243
155 247
155 253
155 257
155 259
155 260
155 269
155 282
155 285
155 290
155 293
156 173
156 181
156 187
156 191
156 196
156 198
156 202
156 203
156 204
156 205
156 214
156 218
156 220
156 221
156 225
156 227
156 237
156 260
156 282
156 285
156 291
156 292
156 293
157 163
157 175
157 177
157 178
157 187
157 204
157 205
157 210
157 214
157 216
157 218
157 221
157 227
157 235
157 238
157 242
157 243
157 244
157 251
157 264
157 271
157 280
157 283
157 288
157 290
157 291
157 292
157 294
158 172
158 173
158 175
158 181
158 190
158 196
158 202
158 203
158 205
158 214
158 215
158 216
158 220
158 225
158 227
158 234
158 235
158 239
158 242
158 243
158 244
158 254
158 269
158 271
158 274
158 282
158 289
158 291
159 173
159 174
159 186
159 191
159 199
159 202
159 204
159 205
159 207
159 227
159 237
159 239
159 242
159 247
159 251
159 253
159 254
159 260
159 261
159 269
159 274
159 280
159 285
159 288
159 290
159 291
160 172
160 173
160 178
160 187
160 199
160 204
160 205
160 207
160 216
160 219
160 251
160 271
160 282
160 283
160 293
160 294
161 167
161 175
161 186
161 187
161 191
161 198
161 202
161 203
161 210
161 214
161 216
161 218
161 221
161 225
161 238
161 243
161 247
161 261
161 280
161 282
161 290
161 292
162 172
162 175
162 177
162 178
162 186
162 187
162 190
162 191
162 203
162 207
162 210
162 218
162 219
162 220
162 227
162 234
162 235
162 238
162 251
162 264
162 274
163 164
163 165
163 168
163 176
163 179
163 192
163 193
163 195
163 197
163 200
163 208
163 212
163 222
163 223
163 224
163 228
163 230
163 233
163 240
163 246
163 252
163 255
163 276
163 279
163 284
163 287
163 299
164 173
164 175
164 181
164 186
164 187
164 203
164 214
164 235
164 238
164 239
164 243
164 251
164 253
164 257
164 261
164 274
164 280
164 283
164 288
165 172
165 186
165 187
165 191
165 196
165 203
165 204
165 210
165 215
165 218
165 221
165 238
165 239
165 243
165 247
165 260
165 264
165 274
165 282
165 288
165 290
165 292
166 174
166 181
166 187
166 190
166 196
166 214
166 219
166 225
166 237
166 251
166 253
166 254
166 264
166 269
166 280
166 285
166 286
166 292
166 294
167 168
167 171
167 179
167 182
167 183
167 188
167 194
167 197
167 200
167 201
167 223
167 226
167 230
167 246
167 248
167 249
167 256
167 262
167 263
167 267
167 270
167 275
167 278
167 284
167 295
167 299
168 173
168 175
168 177
168 181
168 186
168 187
168 198
168 199
168 202
168 204
168 205
168 214
168 220
168 221
168 237
168 239
168 244
168 254
168 259
168 261
168 264
168 274
168 285
168 286
168 289
168 290
168 291
168 293
168 294
169 172
169 173
169 174
169 181
169 187
169 198
169 210
169 215
169 221
169 225
169 235
169 247
169 251
169 260
169 264
169 269
169 283
169 286
169 289
169 290
169 292
169 293
170 172
170 173
170 175
170 187
170 190
170 191
170 198
170 199
170 204
170 215
170 216
170 218
170 220
170 227
170 235
170 243
170 244
170 254
170 257
170 261
170 274
170 283
170 286
170 289
170 291
171 174
171 177
171 178
171 181
171 191
171 227
171 239
171 242
171 244
171 253
171 259
171 271
171 285
171 289
171 291
171 294
172 184
172 188
172 189
172 192
172 194
172 200
172 209
172 212
172 241
172 256
172 265
172 270
172 275
172 276
172 287
172 297
173 179
173 185
173 192
173 193
173 195
173 200
173 209
173 212
173 231
173 245
173 249
173 250
173 252
173 255
173 262
173 263
173 266
173 267
173 268
173 275
173 278
173 281
173 284
173 287
173 295
173 298
174 180
174 183
174 184
174 189
174 192
174 200
174 206
174 208
174 217
174 222
174 223
174 224
174 229
174 231
174 233
174 240
174 248
174 256
174 266
174 268
174 272
174 277
174 284
174 296
174 297
175 176
175 179
175 182
175 188
175 189
175 208
175 212
175 222
175 226
175 228
175 229
175 230
175 231
175 240
175 250
175 262
175 267
175 279
175 287
176 177
176 178
176 191
176 196
176 199
176 203
176 205
176 210
176 216
176 221
176 234
176 238
176 243
176 247
176 251
176 257
176 259
176 260
176 269
176 283
176 285
176 292
177 180
177 188
177 189
177 193
177 195
177 197
177 200
177 211
177 212
177 213
177 224
177 229
177 233
177 245
177 246
177 248
177 250
177 252
177 272
177 273
177 275
177 277
177 279
177 287
177 295
178 180
178 188
178 194
178 195
178 197
178 209
178 211
178 212
178 217
178 222
178 226
178 230
178 241
178 245
178 249
178 256
178 265
178 266
178 268
178 272
178 273
178 287
178 297
179 199
179 205
179 210
179 219
179 237
179 244
179 251
179 253
179 260
179 282
179 283
179 288
179 289
180 181
180 187
180 199
180 203
180 207
180 219
180 221
180 225
180 239
180 242
180 251
180 253
180 259
180 261
180 271
180 274
180 285
180 286
180 290
180 292
181 182
181 188
181 195
181 197
181 208
181 211
181 217
181 223
181 224
181 226
181 229
181 232
181 241
181 246
181 256
181 262
181 266
181 272
181 279
181 281
181 284
181 287
181 296
181 298
182 196
182 199
182 202
182 203
182 204
182 205
182 216
182 219
182 225
182 242
182 247
182 254
182 261
182 283
182 290
182 293
182 294
183 186
183 205
183 210
183 214
183 215
183 216
183 218
183 220
183 234
183 237
183 239
183 243
183 251
183 260
183 261
183 269
183 274
183 283
183 290
183 293
183 294
184 186
184 196
184 199
184 203
184 205
184 207
184 210
184 214
184 215
184 216
184 218
184 227
184 247
184 253
184 257
184 259
184 269
184 283
184 285
184 290
184 292
184 294
185 186
185 187
185 190
185 204
185 214
185 215
185 221
185 235
185 243
185 251
185 253
185 254
185 260
185 261
185 264
185 282
185 283
185 285
185 286
185 288
185 290
186 189
186 192
186 195
186 206
186 213
186 224
186 228
186 229
186 231
186 233
186 236
186 240
186 241
186 248
186 250
186 256
186 265
186 266
186 267
186 268
186 270
186 276
186 277
186 279
186 287
187 188
187 193
187 195
187 197
187 200
187 201
187 208
187 212
187 213
187 224
187 228
187 232
187 233
187 240
187 246
187 248
187 256
187 258
187 265
187 268
187 270
187 272
187 277
187 278
187 281
187 295
187 297
187 298
188 214
188 221
188 225
188 227
188 234
188 259
188 260
188 261
188 269
188 274
188 286
188 288
188 289
188 292
189 202
189 203
189 204
189 207
189 215
189 216
189 244
189 254
189 259
189 260
189 274
189 280
189 285
189 289
189 291
190 197
190 201
190 206
190 208
190 212
190 217
190 226
190 228
190 240
190 258
190 263
190 265
190 270
190 272
190 275
190 281
190 295
190 296
190 297
190 299
191 193
191 197
191 206
191 208
191 217
191 233
191 240
191 245
191 255
191 267
191 268
191 276
191 278
191 279
191 281
191 284
191 287
192 199
192 210
192 218
192 220
192 238
192 244
192 251
192 253
192 257
192 261
192 274
192 292
192 293
192 294
193 199
193 207
193 210
193 220
193 221
193 225
193 227
193 235
193 238
193 243
193 244
193 247
193 257
193 261
193 269
193 271
193 274
193 282
193 288
193 290
193 291
193 292
193 293
194 196
194 198
194 199
194 203
194 204
194 220
194 253
194 254
194 257
194 264
194 274
194 280
194 286
194 288
194 290
194 291
195 196
195 202
195 210
195 225
195 239
195 242
195 243
195 251
195 253
195 254
195 269
195 285
195 290
195 291
195 292
196 200
196 209
196 213
196 228
196 230
196 245
196 249
196 252
196 255
196 256
196 265
196 267
196 273
196 275
196 277
196 281
196 284
196 287
196 295
196 299
197 198
197 202
197 203
197 210
197 214
197 215
197 225
197 227
197 234
197 235
197 238
197 239
197 243
197 261
197 264
197 274
197 285
197 286
197 289
197 291
197 292
197 294
198 200
198 201
198 217
198 224
198 226
198 231
198 246
198 248
198 249
198 250
198 252
198 256
198 268
198 277
198 278
198 296
198 298
198 299
199 200
199 231
199 240
199 246
199 256
199 258
199 262
199 265
199 268
199 272
199 279
199 296
199 299
200 205
200 207
200 215
200 221
200 225
200 243
200 244
200 254
200 261
200 264
200 271
200 283
200 285
200 288
200 292
200 293
201 204
201 205
201 207
201 215
201 218
201 220
201 227
201 234
201 235
201 244
201 251
201 253
201 254
201 261
201 269
201 291
201 294
202 211
202 212
202 213
202 217
202 230
202 231
202 241
202 252
202 258
202 263
202 272
202 276
202 277
202 278
202 284
202 296
202 297
202 298
203 208
203 222
203 223
203 230
203 232
203 233
203 240
203 255
203 256
203 263
203 270
203 273
203 278
203 295
203 299
204 206
204 209
204 211
204 217
204 226
204 229
204 230
204 231
204 232
204 233
204 241
204 248
204 252
204 255
204 256
204 258
204 263
204 275
204 277
204 281
204 295
205 206
205 208
205 209
205 212
205 217
205 226
205 232
205 236
205 240
205 245
205 246
205 248
205 249
205 250
205 258
205 263
205 265
205 267
205 273
205 275
205 276
205 277
205 278
205 284
205 287
205 296
205 298
205 299
206 207
206 218
206 219
206 225
206 235
206 239
206 244
206 247
206 254
206 257
206 259
206 260
206 261
206 264
206 283
206 285
206 290
206 293
206 294
207 211
207 213
207 222
207 224
207 229
207 236
207 241
207 249
207 252
207 265
207 266
207 275
207 277
207 278
207 284
207 297
207 298
207 299
208 214
208 220
208 234
208 235
208 239
208 242
208 259
208 283
208 285
208 286
208 289
208 292
208 293
208 294
209 210
209 214
209 215
209 216
209 219
209 221
209 234
209 237
209 238
209 239
209 242
209 254
209 260
209 269
209 290
209 292
209 294
210 211
210 217
210 222
210 223
210 226
210 229
210 240
210 245
210 246
210 250
210 256
210 258
210 262
210 263
210 278
210 287
210 296
211 219
211 221
211 227
211 237
211 239
211 243
211 254
211 260
211 261
211 264
211 271
211 286
211 292
212 234
212 238
212 244
212 260
212 264
212 269
212 280
212 282
212 286
212 289
212 290
212 291
212 292
213 214
213 215
213 221
213 225
213 227
213 238
213 239
213 247
213 254
213 271
213 274
213 282
213 290
213 291
213 292
214 222
214 224
214 226
214 228
214 230
214 240
214 245
214 255
214 262
214 265
214 275
214 281
214 295
214 298
215 222
215 224
215 226
215 228
215 231
215 241
215 248
215 256
215 262
215 273
215 276
215 277
215 287
215 296
215 298
216 217
216 229
216 230
216 233
216 255
216 256
216 262
216 267
216 278
216 281
217 219
217 220
217 234
217 243
217 244
217 251
217 257
217 264
217 274
217 289
217 291
217 293
218 226
218 230
218 240
218 246
218 250
218 262
218 267
218 273
218 275
218 296
218 298
218 299
219 222
219 226
219 229
219 231
219 232
219 233
219 236
219 240
219 246
219 250
219 256
219 258
219 262
219 295
219 299
220 226
220 228
220 233
220 250
220 252
220 268
220 273
220 295
220 298
221 230
221 240
221 241
221 245
221 248
221 249
221 256
221 263
221 265
221 266
221 268
221 270
221 277
221 279
221 284
221 296
222 235
222 238
222 239
222 247
222 259
222 264
222 271
222 286
222 289
222 290
222 292
223 227
223 237
223 238
223 242
223 243
223 244
223 251
223 257
223 264
223 269
223 271
223 274
223 280
223 283
223 285
223 291
223 292
223 294
224 237
224 242
224 244
224 253
224 257
224 259
224 264
224 280
224 288
224 290
225 230
225 232
225 236
225 241
225 246
225 249
225 255
225 256
225 266
225 270
225 275
225 277
225 279
226 234
226 235
226 242
226 243
226 244
226 247
226 274
226 283
226 285
226 291
227 228
227 232
227 241
227 245
227 248
227 249
227 250
227 252
227 256
227 265
227 270
227 273
227 278
227 287
227 299
228 237
228 238
228 242
228 243
228 244
228 257
228 259
228 271
228 283
228 290
228 294
229 234
229 239
229 242
229 243
229 247
229 253
229 257
229 260
229 261
229 264
229 280
229 285
230 237
230 238
230 242
230 251
230 253
230 254
230 257
230 259
230 264
230 274
230 280
230 288
230 289
230 290
230 291
230 292
231 235
231 247
231 261
231 271
231 280
231 282
231 286
231 289
231 291
232 238
232 243
232 259
232 285
232 286
232 289
232 291
232 294
233 242
233 243
233 247
233 261
233 282
233 283
233 290
234 249
234 252
234 256
234 270
234 272
234 273
234 277
234 278
234 284
234 287
234 297
234 299
235 250
235 262
235 266
235 268
235 275
235 276
235 277
235 278
235 279
235 281
236 239
236 251
236 269
236 280
236 283
236 285
236 291
237 250
237 255
237 258
237 265
237 272
237 276
237 279
237 281
238 256
238 258
238 262
238 268
238 278
238 287
238 297
239 240
239 245
239 249
239 267
239 268
239 275
239 278
239 284
239 287
240 242
240 244
240 254
240 259
240 269
240 283
240 286
240 290
240 291
240 293
240 294
241 242
241 247
241 251
241 271
241 283
241 286
241 290
241 294
242 245
242 252
242 255
242 267
242 270
242 277
243 245
243 246
243 248
243 252
243 256
243 263
243 265
243 266
243 267
243 270
243 276
243 278
243 279
243 281
243 296
244 246
244 249
244 255
244 266
244 268
244 270
244 272
244 276
244 281
244 284
244 295
245 283
245 290
245 291
246 251
246 259
246 260
246 261
246 264
246 274
246 282
246 286
246 289
246 291
246 292
247 248
247 252
247 255
247 256
247 266
247 272
247 275
247 279
247 296
248 253
248 259
248 261
248 271
248 274
248 280
248 282
248 285
248 286
248 294
249 257
249 260
249 261
249 269
249 282
249 285
249 286
249 288
249 290
249 294
250 251
250 253
250 257
250 260
250 264
250 271
250 274
250 283
250 289
250 293
251 252
251 256
251 262
251 276
251 295
251 296
251 297
251 298
252 254
252 260
252 280
252 283
252 286
252 288
252 289
252 294
253 258
253 265
253 266
253 267
253 270
253 279
253 284
253 299
254 265
254 268
254 273
254 278
254 279
254 284
254 297
255 257
255 261
255 271
255 282
255 292
255 293
256 257
256 259
256 274
256 280
256 288
256 292
256 293
257 262
257 263
257 266
257 281
257 296
257 298
258 271
258 283
258 288
258 291
258 292
258 293
259 265
259 266
259 270
259 275
259 278
259 298
260 272
260 275
260 276
260 278
260 279
260 284
260 287
260 295
260 296
260 298
261 266
261 267
261 284
261 295
262 280
262 283
262 285
262 286
262 289
262 291
263 264
263 285
263 289
263 291
263 294
264 265
264 267
264 275
264 284
264 287
264 297
265 280
265 282
265 290
265 292
265 293
266 274
266 286
266 290
266 292
266 293
267 282
267 285
267 290
267 294
268 269
268 271
268 280
268 282
268 292
268 294
269 273
269 275
269 276
269 279
269 281
269 287
269 296
270 271
270 282
270 283
270 294
271 276
271 279
271 284
271 287
271 295
271 299
272 283
273 285
273 290
273 292
274 275
274 278
274 279
274 281
274 295
274 296
275 289
275 290
276 290
276 292
276 293
277 283
277 289
277 291
278 286
278 292
279 285
279 289
279 290
279 292
279 293
279 294
280 284
280 287
280 295
281 282
281 289
281 290
281 294
282 297
282 299
283 296
283 298
283 299
284 285
284 290
284 292
285 297
285 298
286 287
286 296
286 297
287 290
287 293
288 295
288 296
288 297
288 298
289 295
289 297
289 298
289 299
290 299
291 296
291 297
291 299
292 295
292 299
293 295
293 297
293 298
294 295
294 296
294 298
294 299
