300 2764
0 5
0 23
0 74
0 85
0 96
0 118
0 132
0 134
0 140
0 149
0 184
0 192
0 217
0 221
0 240
0 264
0 279
1 38
1 49
1 74
1 82
1 94
1 128
1 135
1 142
1 183
1 226
1 240
1 251
1 261
1 279
1 283
1 293
2 9
2 10
2 28
2 53
2 65
2 70
2 76
2 78
2 92
2 162
2 196
2 219
2 220
2 222
2 245
2 257
2 292
3 4
3 25
3 49
3 64
3 71
3 88
3 130
3 145
3 158
3 183
3 184
3 217
3 224
3 266
3 284
4 29
4 31
4 33
4 59
4 68
4 103
4 111
4 168
4 170
4 174
4 176
4 245
4 250
4 289
5 11
5 34
5 40
5 52
5 58
5 90
5 131
5 155
5 188
5 193
5 243
5 253
5 265
5 288
6 20
6 49
6 85
6 127
6 134
6 135
6 159
6 197
6 198
6 225
6 226
6 242
6 251
6 293
7 14
7 76
7 106
7 148
7 157
7 169
7 170
7 175
7 189
7 193
7 202
7 216
7 220
7 229
7 231
7 233
7 248
7 263
7 278
7 289
7 294
8 17
8 36
8 46
8 54
8 59
8 80
8 113
8 137
8 143
8 148
8 162
8 167
8 169
8 170
8 185
8 196
8 202
8 229
8 231
8 235
8 254
8 262
8 285
8 287
8 294
9 20
9 25
9 30
9 38
9 64
9 89
9 116
9 130
9 149
9 181
9 230
9 266
9 276
9 282
10 23
10 88
10 104
10 159
10 186
10 264
10 283
10 284
11 24
11 49
11 64
11 85
11 119
11 134
11 165
11 178
11 184
11 201
11 215
11 221
11 224
11 226
11 230
11 247
11 279
11 297
12 19
12 38
12 85
12 89
12 109
12 142
12 158
12 165
12 183
12 186
12 224
12 238
12 242
12 273
12 297
13 19
13 71
13 82
13 88
13 93
13 94
13 95
13 96
13 132
13 163
13 173
13 182
13 183
13 194
13 218
13 225
13 247
13 251
13 261
13 281
14 62
14 64
14 71
14 82
14 85
14 86
14 88
14 91
14 116
14 130
14 141
14 149
14 230
14 252
14 282
15 24
15 47
15 77
15 82
15 94
15 100
15 104
15 161
15 192
15 203
15 205
15 226
15 228
15 261
15 270
15 281
16 45
16 48
16 66
16 73
16 84
16 98
16 99
16 123
16 143
16 185
16 189
16 200
16 207
16 210
16 222
16 243
16 269
16 288
17 30
17 38
17 39
17 56
17 57
17 77
17 95
17 97
17 133
17 172
17 184
17 201
17 225
17 279
17 291
17 293
18 29
18 54
18 76
18 79
18 106
18 107
18 111
18 125
18 131
18 146
18 174
18 220
18 232
18 236
18 280
18 290
18 292
18 295
19 29
19 32
19 59
19 66
19 68
19 76
19 83
19 99
19 103
19 110
19 113
19 114
19 144
19 147
19 150
19 175
19 176
19 200
19 220
19 227
19 239
19 260
19 262
19 268
19 287
19 288
20 22
20 34
20 35
20 36
20 45
20 52
20 66
20 102
20 107
20 108
20 114
20 137
20 138
20 148
20 188
20 200
20 272
21 30
21 62
21 142
21 149
21 172
21 178
21 201
21 209
21 221
21 225
21 246
21 276
21 297
21 299
22 55
22 63
22 101
22 129
22 132
22 158
22 173
22 218
23 26
23 27
23 33
23 40
23 42
23 58
23 78
23 90
23 155
23 169
23 176
23 195
23 196
23 214
23 229
23 259
23 260
23 285
23 286
24 40
24 45
24 48
24 99
24 103
24 113
24 120
24 137
24 150
24 168
24 179
24 199
24 202
24 211
24 212
24 223
24 233
24 237
24 243
24 254
24 265
24 274
24 280
24 289
25 29
25 33
25 48
25 60
25 66
25 131
25 160
25 167
25 169
25 196
25 199
25 207
25 214
25 216
25 233
25 263
25 275
26 30
26 47
26 63
26 64
26 87
26 104
26 132
26 165
26 184
26 205
26 277
26 297
27 39
27 41
27 49
27 64
27 89
27 95
27 134
27 135
27 140
27 149
27 201
27 205
27 217
27 224
27 264
27 277
27 282
28 41
28 64
28 71
28 89
28 116
28 118
28 140
28 145
28 184
28 201
28 215
28 221
28 226
28 273
28 276
28 291
28 293
29 39
29 49
29 55
29 57
29 89
29 96
29 101
29 127
29 161
29 173
29 183
29 184
29 201
29 205
29 209
29 224
29 234
29 273
30 42
30 59
30 65
30 72
30 81
30 110
30 112
30 125
30 146
30 150
30 156
30 168
30 177
30 191
30 196
30 207
30 208
30 211
30 212
30 222
30 231
30 235
30 255
30 272
30 288
31 56
31 62
31 67
31 109
31 118
31 127
31 129
31 136
31 159
31 163
31 173
31 203
31 215
31 226
31 240
31 246
31 276
31 279
31 299
32 47
32 55
32 62
32 74
32 82
32 101
32 104
32 132
32 135
32 142
32 159
32 221
32 247
32 279
32 291
33 64
33 97
33 129
33 132
33 141
33 187
33 218
33 238
33 247
33 273
33 276
33 299
34 41
34 47
34 62
34 67
34 74
34 82
34 86
34 109
34 136
34 182
34 197
34 217
34 261
34 273
34 282
34 293
35 82
35 85
35 86
35 128
35 132
35 134
35 171
35 197
35 240
35 252
35 277
36 62
36 87
36 97
36 127
36 132
36 141
36 186
36 197
36 198
36 203
36 226
36 228
36 251
36 261
36 277
36 284
37 41
37 47
37 67
37 87
37 94
37 95
37 129
37 172
37 178
37 180
37 194
37 225
37 264
37 270
37 279
38 54
38 72
38 114
38 115
38 117
38 126
38 139
38 155
38 191
38 195
38 202
38 239
38 243
38 245
38 253
38 259
38 262
38 263
38 265
39 42
39 59
39 72
39 84
39 92
39 108
39 115
39 117
39 124
39 154
39 160
39 188
39 193
39 195
39 222
39 231
39 269
40 49
40 63
40 67
40 91
40 171
40 215
40 225
40 261
40 270
40 276
40 282
40 283
40 293
41 51
41 68
41 83
41 84
41 113
41 146
41 155
41 167
41 175
41 176
41 202
41 206
41 241
41 255
41 263
41 265
42 97
42 127
42 129
42 134
42 149
42 180
42 183
42 281
42 283
43 86
43 94
43 119
43 122
43 129
43 149
43 163
43 203
43 215
43 261
44 49
44 57
44 62
44 93
44 97
44 122
44 128
44 171
44 224
44 230
44 246
44 251
44 279
45 85
45 86
45 88
45 89
45 93
45 95
45 97
45 104
45 134
45 141
45 142
45 198
45 215
45 221
45 276
46 47
46 55
46 87
46 88
46 91
46 141
46 161
46 182
46 184
46 249
46 273
47 54
47 70
47 73
47 98
47 102
47 123
47 125
47 144
47 148
47 151
47 160
47 164
47 170
47 174
47 176
47 179
47 185
47 191
47 195
47 214
47 216
47 231
47 237
47 250
47 253
47 260
47 265
47 271
47 280
47 290
47 294
48 62
48 63
48 89
48 127
48 163
48 225
48 251
48 252
48 284
49 72
49 76
49 80
49 106
49 111
49 117
49 126
49 150
49 156
49 157
49 169
49 177
49 188
49 193
49 214
49 248
49 259
49 288
50 67
50 74
50 93
50 97
50 130
50 135
50 142
50 165
50 180
50 203
50 205
50 217
50 218
50 251
50 266
50 291
51 88
51 93
51 116
51 127
51 132
51 142
51 183
51 197
51 221
51 291
52 86
52 89
52 122
52 132
52 165
52 182
52 221
52 261
52 283
52 284
53 64
53 129
53 136
53 142
53 187
53 215
53 225
53 246
54 57
54 64
54 71
54 74
54 91
54 145
54 158
54 165
54 182
54 194
54 209
54 218
54 226
54 242
54 249
54 266
54 273
54 284
54 293
54 297
55 66
55 72
55 73
55 76
55 79
55 83
55 112
55 117
55 123
55 153
55 157
55 167
55 168
55 176
55 204
55 206
55 213
55 223
55 229
55 232
55 233
55 235
55 237
55 255
55 258
55 259
55 268
55 269
55 272
56 59
56 68
56 84
56 90
56 108
56 150
56 170
56 193
56 212
56 237
56 243
56 244
56 268
56 288
56 295
56 296
56 298
57 69
57 84
57 90
57 98
57 108
57 152
57 156
57 168
57 179
57 185
57 189
57 214
57 231
57 232
57 245
57 255
57 256
57 271
57 286
58 67
58 87
58 89
58 93
58 159
58 161
58 197
58 205
58 215
58 221
58 240
58 264
58 279
58 281
58 283
58 299
59 64
59 67
59 82
59 87
59 97
59 109
59 184
59 201
59 225
59 234
59 247
59 277
60 63
60 88
60 89
60 119
60 127
60 130
60 135
60 171
60 194
60 215
60 221
60 224
60 226
60 281
60 284
61 88
61 100
61 122
61 129
61 158
61 163
61 182
61 183
61 201
61 209
61 225
61 226
61 228
61 264
61 293
62 65
62 84
62 102
62 105
62 111
62 126
62 152
62 157
62 162
62 206
62 233
62 248
62 257
62 259
62 263
62 272
62 292
63 65
63 75
63 106
63 110
63 113
63 121
63 162
63 168
63 177
63 185
63 213
63 216
63 229
63 260
63 271
63 278
63 280
63 292
63 296
64 78
64 81
64 115
64 155
64 196
64 200
64 227
64 255
64 259
64 278
64 288
64 290
65 67
65 77
65 145
65 149
65 163
65 173
65 178
65 215
65 217
65 299
66 136
66 141
66 165
66 186
66 201
66 247
66 251
66 252
66 264
66 270
66 276
67 84
67 103
67 106
67 120
67 131
67 137
67 146
67 153
67 155
67 160
67 219
67 250
67 255
67 262
67 269
67 286
67 290
67 295
68 77
68 82
68 94
68 118
68 141
68 159
68 172
68 178
68 181
68 182
68 203
68 224
68 281
69 86
69 93
69 95
69 100
69 101
69 116
69 118
69 134
69 171
69 172
69 203
69 240
69 247
69 251
69 284
70 71
70 77
70 89
70 95
70 96
70 97
70 101
70 109
70 122
70 142
70 149
70 187
70 201
70 225
70 226
70 230
70 240
70 242
70 246
70 276
70 282
71 98
71 121
71 153
71 160
71 167
71 169
71 208
71 219
71 235
71 243
71 244
71 250
71 274
71 294
72 74
72 101
72 133
72 141
72 165
72 171
72 180
72 187
72 198
72 218
72 221
72 224
72 246
72 251
72 266
72 279
72 281
73 74
73 100
73 101
73 134
73 173
73 192
73 194
73 226
73 264
73 277
73 297
74 78
74 105
74 106
74 107
74 131
74 147
74 160
74 164
74 190
74 233
74 239
75 91
75 97
75 104
75 119
75 134
75 135
75 182
75 203
75 205
75 224
75 225
75 228
75 230
75 261
75 297
76 86
76 89
76 128
76 135
76 149
76 173
76 184
76 186
76 194
76 217
76 284
77 106
77 117
77 125
77 131
77 139
77 147
77 148
77 153
77 154
77 170
77 190
77 196
77 207
77 212
77 223
77 232
77 233
77 248
77 250
77 287
77 289
78 89
78 130
78 136
78 141
78 184
78 217
78 246
78 249
78 270
78 273
78 291
78 297
79 88
79 172
79 184
79 194
79 197
79 246
80 134
80 182
80 192
80 197
80 221
80 238
80 277
80 281
80 283
80 297
81 86
81 93
81 104
81 118
81 159
81 163
81 171
81 173
81 187
81 197
81 246
81 266
81 283
81 284
82 98
82 107
82 125
82 167
82 189
82 206
82 235
82 250
82 256
82 262
82 274
82 298
83 86
83 87
83 97
83 122
83 128
83 134
83 136
83 142
83 178
83 197
83 215
83 217
83 264
83 266
83 282
84 94
84 101
84 133
84 134
84 209
84 226
84 276
84 279
85 92
85 115
85 137
85 138
85 139
85 154
85 166
85 170
85 176
85 179
85 191
85 207
85 211
85 227
85 268
85 271
86 107
86 115
86 126
86 138
86 139
86 146
86 156
86 160
86 169
86 176
86 190
86 200
86 210
86 233
86 237
86 243
86 256
86 263
86 268
86 292
86 294
87 92
87 102
87 126
87 146
87 170
87 190
87 191
87 193
87 208
87 229
87 233
87 239
87 244
87 248
87 253
87 258
87 275
87 278
87 294
88 103
88 124
88 151
88 155
88 162
88 168
88 175
88 213
88 214
88 227
88 243
88 244
88 263
88 265
88 269
88 274
88 285
88 287
88 288
88 289
89 107
89 111
89 144
89 146
89 147
89 157
89 162
89 168
89 195
89 200
89 229
89 235
89 241
89 285
89 286
90 140
90 141
90 163
90 217
90 218
90 228
90 247
90 277
90 297
91 106
91 121
91 137
91 150
91 164
91 166
91 191
91 202
91 219
91 223
91 245
91 254
91 258
91 260
91 272
91 288
92 95
92 134
92 161
92 180
92 187
92 209
92 217
92 224
92 226
92 228
92 261
92 291
93 103
93 110
93 112
93 113
93 123
93 137
93 138
93 139
93 160
93 168
93 189
93 202
93 222
93 231
93 232
93 236
93 239
93 243
93 253
93 268
93 287
94 102
94 103
94 106
94 110
94 137
94 147
94 148
94 153
94 204
94 208
94 210
94 213
94 231
94 241
94 244
94 250
94 253
94 287
94 288
95 107
95 111
95 154
95 166
95 188
95 193
95 206
95 222
95 223
95 227
95 231
95 237
95 245
95 263
96 111
96 117
96 147
96 150
96 155
96 157
96 169
96 196
96 199
96 219
96 220
96 237
96 245
96 267
96 271
96 272
96 287
97 113
97 143
97 147
97 153
97 157
97 167
97 176
97 177
97 196
97 199
97 200
97 241
97 260
97 274
97 275
97 280
98 119
98 134
98 135
98 171
98 234
99 104
99 127
99 128
99 134
99 135
99 165
99 171
99 194
99 221
99 226
99 238
99 261
99 270
100 112
100 152
100 156
100 157
100 174
100 177
100 208
100 211
100 213
100 231
100 272
100 275
100 286
100 294
101 117
101 137
101 146
101 152
101 168
101 202
101 267
101 296
102 118
102 129
102 134
102 141
102 145
102 161
102 163
102 173
102 180
102 252
102 299
103 118
103 140
103 158
103 192
103 198
104 110
104 120
104 139
104 144
104 147
104 155
104 175
104 177
104 189
104 195
104 199
104 208
104 210
104 213
104 214
104 219
104 232
104 239
104 255
104 257
105 116
105 132
105 145
105 165
105 182
105 187
105 194
105 242
105 283
105 299
106 140
106 165
106 186
106 194
106 198
106 209
106 217
107 130
107 135
107 136
107 145
107 178
107 201
107 270
107 279
108 116
108 118
108 119
108 129
108 136
108 145
108 163
108 171
108 181
108 182
108 184
108 238
108 247
108 279
108 293
109 113
109 125
109 146
109 155
109 164
109 175
109 177
109 191
109 195
109 211
109 214
109 216
109 219
109 222
109 229
109 236
109 243
109 245
109 269
109 271
109 272
109 278
110 130
110 135
110 142
110 145
110 182
110 194
110 203
110 224
110 247
110 266
110 281
111 127
111 128
111 129
111 132
111 165
111 173
111 194
111 293
111 299
112 118
112 122
112 136
112 181
112 215
112 224
112 225
112 226
112 230
112 242
112 249
113 128
113 140
113 149
113 158
113 165
113 178
113 198
113 201
113 205
113 228
113 230
113 246
113 251
113 273
114 118
114 130
114 205
114 234
114 238
114 246
114 273
114 276
114 284
115 122
115 145
115 158
115 178
115 182
115 184
115 205
115 217
115 218
115 251
115 264
115 282
115 293
116 138
116 139
116 148
116 169
116 174
116 195
116 211
116 229
116 244
116 253
116 254
116 258
117 178
117 181
117 182
117 186
117 187
117 192
117 242
117 249
117 281
117 284
117 299
118 121
118 139
118 147
118 151
118 153
118 155
118 157
118 167
118 174
118 206
118 210
118 216
118 235
118 239
118 260
118 278
119 138
119 150
119 152
119 153
119 174
119 185
119 213
119 214
119 232
119 239
119 256
119 260
119 275
119 286
120 122
120 128
120 182
120 197
120 201
120 203
120 224
120 234
120 242
120 247
120 270
120 273
120 279
120 293
121 128
121 133
121 163
121 182
121 184
121 187
121 203
121 224
121 249
121 281
121 282
122 131
122 152
122 154
122 155
122 177
122 185
122 236
122 263
122 265
122 274
122 288
123 127
123 128
123 158
123 178
123 194
123 203
123 205
123 242
123 252
123 266
124 180
124 187
124 201
124 215
124 217
124 226
124 228
125 130
125 159
125 163
125 217
125 273
125 281
126 132
126 161
126 178
126 182
126 203
126 217
126 240
126 242
126 264
127 139
127 168
127 177
127 191
127 250
127 257
127 258
127 260
127 269
127 278
127 287
127 290
127 295
128 138
128 152
128 156
128 176
128 177
128 206
128 207
128 213
128 220
128 233
128 258
128 275
128 289
129 166
129 196
129 241
129 244
129 278
129 296
130 137
130 160
130 175
130 241
130 244
130 263
130 265
130 268
130 275
130 278
130 290
131 183
131 203
131 226
131 249
131 299
132 138
132 144
132 168
132 174
132 188
132 195
132 196
132 208
132 219
132 239
132 245
132 288
132 289
132 298
133 144
133 146
133 151
133 156
133 166
133 175
133 193
133 195
133 208
133 223
133 231
133 237
133 248
133 260
133 271
133 288
133 289
134 154
134 174
134 204
134 207
134 216
134 235
134 243
134 268
134 271
134 298
135 137
135 146
135 148
135 153
135 177
135 208
135 227
135 237
135 260
135 268
135 269
135 274
135 280
135 294
136 139
136 146
136 150
136 156
136 157
136 174
136 177
136 202
136 210
136 235
136 243
136 244
136 245
136 253
136 271
136 275
137 149
137 161
137 165
137 173
137 224
137 226
137 247
137 297
138 142
138 165
138 198
138 276
139 140
139 149
139 158
139 163
139 178
139 184
139 186
139 187
139 194
139 198
139 234
139 264
139 270
139 281
139 282
139 283
139 297
139 299
140 151
140 168
140 190
140 195
140 219
140 232
140 259
140 265
140 288
140 296
140 298
141 151
141 155
141 160
141 175
141 189
141 233
141 278
142 143
142 148
142 150
142 164
142 177
142 179
142 202
142 207
142 220
142 278
142 287
143 158
143 182
143 183
143 186
143 198
143 218
143 221
143 224
143 297
143 299
144 165
144 181
144 184
144 186
144 205
144 221
144 224
144 240
144 242
144 247
144 249
144 251
144 277
144 283
145 153
145 154
145 169
145 222
145 223
145 241
145 244
145 258
145 268
145 272
145 289
145 290
146 181
146 182
146 183
146 192
146 197
146 203
146 228
146 279
146 283
147 159
147 165
147 181
147 201
147 226
147 230
147 249
148 158
148 187
148 215
148 217
148 283
148 299
149 151
149 167
149 169
149 174
149 206
149 211
149 236
149 237
149 241
149 253
149 256
149 257
149 272
149 274
149 290
150 161
150 172
150 240
150 247
150 276
150 281
150 291
151 181
151 186
151 197
151 217
151 225
151 264
151 281
151 284
152 172
152 180
152 240
153 182
153 184
153 282
153 283
154 181
154 215
154 261
154 276
154 293
155 201
155 205
155 230
155 282
156 172
156 178
156 187
156 201
156 203
156 215
157 172
157 184
157 226
157 238
157 261
157 299
158 166
158 168
158 174
158 188
158 196
158 229
158 231
158 232
158 237
158 259
158 294
158 295
158 296
159 164
159 168
159 174
159 175
159 177
159 190
159 204
159 208
159 223
159 227
159 244
159 253
159 254
159 256
159 257
159 269
159 286
160 165
160 171
160 183
160 186
160 187
160 209
160 240
160 242
160 246
160 251
160 264
160 279
160 281
160 293
160 299
161 164
161 169
161 175
161 195
161 206
161 208
161 214
161 216
161 245
161 248
161 258
161 287
161 289
161 298
162 173
162 184
162 187
162 203
162 215
162 224
162 242
162 276
163 208
163 223
163 250
163 260
163 265
163 280
163 286
163 287
163 292
164 186
164 221
164 249
164 266
164 283
164 299
165 179
165 193
165 199
165 208
165 210
165 211
165 214
165 220
165 231
165 232
165 239
165 244
165 255
165 259
165 265
165 275
165 295
166 187
166 192
166 201
166 234
166 249
166 270
166 293
167 171
167 178
167 205
167 226
167 234
167 238
167 277
168 178
168 180
168 203
168 221
168 226
168 277
168 299
169 180
169 186
169 217
169 225
169 228
169 234
169 261
169 273
169 281
169 297
170 194
170 218
170 238
170 277
171 179
171 188
171 190
171 206
171 220
171 236
171 243
171 285
171 292
172 177
172 185
172 190
172 236
172 255
172 278
172 287
172 290
173 212
173 235
173 241
173 260
173 289
173 292
174 181
174 187
174 209
174 221
175 186
175 221
175 234
175 247
175 281
175 283
176 180
176 186
176 198
176 215
176 242
176 252
176 283
176 299
177 186
177 197
178 191
178 210
178 241
178 248
178 294
178 295
179 226
179 234
179 279
180 204
180 208
180 227
180 231
180 243
180 271
180 272
180 287
180 288
181 189
181 207
181 210
181 211
181 244
181 245
181 271
181 272
181 298
182 195
182 210
182 232
182 254
182 262
182 268
182 271
182 274
182 286
183 196
183 204
183 211
183 253
183 256
183 260
183 262
183 275
183 288
184 202
184 208
184 210
184 222
184 233
184 237
184 248
184 259
184 269
184 274
184 285
185 194
185 201
185 266
185 281
185 291
185 297
186 189
186 191
186 199
186 211
186 213
186 241
186 255
186 262
186 267
186 287
186 292
186 298
187 196
187 206
187 229
187 243
187 248
187 280
187 286
187 298
188 194
188 226
188 247
188 252
189 201
189 266
189 281
189 299
190 192
190 209
190 238
190 264
190 291
191 226
191 251
192 212
192 223
192 250
192 256
192 258
192 268
192 290
192 295
193 247
193 252
193 264
193 277
193 282
193 293
194 200
194 231
194 239
194 269
195 203
195 218
195 224
195 226
195 234
195 276
195 279
195 281
196 252
196 276
197 210
197 243
197 244
197 245
197 248
197 256
197 260
197 271
197 274
197 292
198 202
198 206
198 220
198 258
198 265
199 201
199 205
199 224
199 246
199 247
199 261
199 270
199 297
200 205
200 209
200 226
200 238
200 242
200 284
200 291
201 211
201 214
201 222
201 244
201 285
201 289
202 217
202 226
202 264
203 216
203 250
203 267
204 240
204 283
204 284
205 222
205 274
205 289
205 296
206 217
206 228
206 273
207 224
207 246
207 247
207 261
207 291
208 215
208 221
208 224
208 276
208 293
209 210
209 212
209 214
209 229
209 244
209 248
209 262
209 278
209 288
209 294
210 226
210 266
210 279
210 284
211 238
211 246
212 217
212 230
212 277
212 283
212 284
213 221
213 224
213 246
213 251
213 270
213 293
214 217
214 218
214 249
214 282
215 236
215 248
215 250
215 275
215 286
215 296
216 217
216 225
216 251
216 273
216 291
216 299
217 244
217 256
217 268
217 288
217 294
218 219
218 231
218 233
218 243
218 262
218 275
219 228
219 276
219 277
220 221
220 225
220 240
220 273
220 281
220 297
221 232
221 243
221 253
221 255
221 259
221 263
221 265
221 268
221 280
222 246
223 226
223 228
223 277
223 281
224 229
224 235
224 239
224 288
225 244
225 267
225 286
226 254
227 284
228 241
228 271
228 287
229 249
229 251
229 273
229 277
229 299
230 257
230 258
231 242
232 238
232 249
232 251
232 264
232 282
232 284
233 234
233 242
233 249
233 270
233 277
233 282
234 237
234 254
234 256
234 269
234 285
234 295
235 240
235 261
235 270
235 277
235 283
235 293
236 238
236 249
236 252
236 273
236 299
237 238
237 264
237 277
237 282
238 254
238 257
238 268
238 271
238 287
238 294
238 295
239 240
239 247
239 261
240 258
240 267
240 271
240 289
242 269
242 288
242 296
243 261
243 299
244 249
244 252
244 270
244 279
245 283
245 284
245 291
245 299
246 248
246 274
246 286
246 294
246 295
246 296
246 298
247 255
247 257
247 258
247 268
247 285
247 292
248 279
248 293
249 253
249 257
249 258
249 267
250 266
250 282
250 297
251 255
251 258
251 265
251 287
252 259
252 260
252 263
252 271
252 278
252 289
252 295
252 298
253 261
253 264
253 270
254 261
254 270
254 277
254 281
254 293
255 299
256 270
257 261
257 277
257 284
258 293
259 261
259 282
259 299
260 279
261 278
261 288
261 292
262 277
262 279
262 299
263 283
264 271
264 278
264 287
264 289
264 290
265 281
265 293
266 287
266 290
267 291
268 291
268 297
270 272
270 290
272 293
273 278
273 286
274 276
275 276
275 293
275 297
276 285
276 289
277 278
277 295
278 279
278 299
279 280
279 290
281 287
282 292
282 296
283 287
284 298
286 291
287 299
289 291
290 291
290 297
