300 789
0 33
0 163
0 184
0 190
1 96
1 131
1 150
1 152
1 163
1 235
2 37
2 45
2 63
2 112
2 150
3 25
3 82
3 88
3 108
3 137
3 249
3 261
4 40
4 46
4 225
4 262
5 26
5 32
5 40
5 71
5 164
5 222
5 228
6 33
6 35
7 87
7 154
7 189
7 231
8 150
9 162
9 186
9 199
10 12
10 28
10 84
10 142
10 187
10 203
10 241
11 43
11 49
11 53
11 65
11 90
11 151
11 187
11 276
11 291
12 64
12 188
12 251
12 274
12 284
13 180
13 188
13 228
14 41
14 74
14 155
14 171
14 186
14 229
14 242
14 261
15 24
15 80
15 118
15 209
15 241
15 276
16 77
16 97
16 112
16 267
16 274
17 115
17 139
17 194
18 76
18 147
18 165
18 216
19 131
19 141
19 188
19 227
19 266
19 287
20 49
20 110
20 143
20 182
20 187
20 203
20 272
21 52
21 100
21 113
21 129
21 193
21 264
22 69
22 136
22 140
22 157
22 185
22 189
22 269
22 270
22 291
23 166
23 267
24 79
24 121
25 33
25 160
25 271
25 274
26 42
26 109
26 127
26 157
26 191
26 234
26 261
26 277
26 283
27 86
27 122
27 280
28 70
29 41
29 49
29 84
29 107
29 157
29 169
29 211
29 233
29 289
30 139
30 208
30 230
30 275
31 65
31 78
31 104
31 130
31 135
31 173
31 199
31 221
31 229
32 109
32 137
32 140
32 145
32 238
33 92
33 101
33 107
33 175
33 177
34 152
34 275
34 287
35 151
35 169
35 234
36 95
36 96
37 52
37 65
37 193
38 75
38 78
38 93
38 283
39 53
39 110
39 199
39 202
39 205
39 241
40 83
40 87
40 154
40 221
40 249
41 51
41 77
41 85
41 227
42 55
42 64
42 72
42 73
42 91
42 278
42 293
43 77
43 149
44 98
44 125
44 190
44 265
44 267
45 50
45 82
45 84
45 187
45 229
45 253
45 291
46 57
46 86
46 99
46 101
46 111
46 161
46 193
46 202
46 239
46 282
47 96
47 197
48 227
48 267
49 226
50 55
50 295
51 88
51 93
51 108
51 236
51 297
52 79
52 97
52 166
52 227
52 246
52 295
53 97
53 112
53 126
53 166
53 220
54 120
54 130
54 213
54 248
54 297
55 83
55 129
55 172
55 206
55 211
55 219
55 272
56 121
56 178
56 207
56 287
57 150
57 208
57 216
57 279
58 101
58 154
58 169
58 193
58 206
58 211
58 277
59 163
59 180
59 267
60 100
60 116
60 189
60 203
60 219
60 283
60 285
60 288
61 139
61 286
62 87
62 88
62 90
62 110
62 123
62 196
62 234
62 290
63 172
63 182
63 209
63 297
64 86
64 128
64 191
64 237
64 249
64 272
65 77
65 81
65 132
65 147
65 184
66 155
66 186
66 202
67 111
67 134
67 173
67 280
68 253
68 285
69 72
69 76
69 115
69 188
70 122
70 155
70 177
70 206
70 239
70 241
70 258
70 297
71 75
71 168
71 193
71 196
71 256
71 289
72 87
72 161
72 167
73 84
73 172
73 280
73 290
74 85
75 81
75 250
76 101
76 111
76 158
76 172
76 185
76 211
76 249
77 90
77 94
77 148
77 205
78 115
78 124
78 126
78 266
79 171
79 173
79 224
79 236
79 273
80 133
80 192
81 93
81 143
81 213
81 258
82 200
83 163
85 93
85 177
85 241
85 252
86 124
86 139
87 180
87 210
87 245
88 192
88 228
88 245
88 295
89 104
89 120
89 143
89 151
89 173
89 236
89 261
90 112
90 166
90 247
91 104
91 128
91 187
91 236
91 270
92 124
92 184
92 245
94 192
94 207
94 230
94 235
94 268
94 279
95 113
95 179
96 102
96 169
96 185
96 218
96 263
96 270
96 289
97 114
97 209
97 213
97 263
98 122
98 195
99 103
99 208
99 227
100 278
100 295
101 121
101 131
101 188
101 240
102 180
102 240
102 250
103 128
103 148
103 176
103 187
103 196
103 205
103 231
103 285
103 288
104 220
105 160
105 170
105 226
105 251
105 267
106 293
106 295
107 132
107 228
108 170
108 192
108 208
108 210
108 240
109 250
109 292
110 149
110 197
110 230
110 235
110 250
110 287
111 245
112 157
112 272
113 166
113 247
113 274
114 208
115 146
115 202
115 259
115 263
116 131
116 149
116 265
117 220
117 235
118 178
118 188
118 208
118 220
119 164
119 207
119 251
119 275
121 187
121 224
121 241
121 259
121 288
122 160
122 275
123 170
123 250
123 265
124 130
124 146
124 182
124 282
125 129
125 159
125 181
125 221
125 236
126 199
126 218
126 219
126 283
127 190
127 194
127 204
128 144
128 265
128 267
128 279
130 152
130 163
130 210
130 295
131 196
131 243
131 264
132 145
132 168
132 236
132 241
133 140
133 201
133 218
133 244
133 291
134 250
134 287
135 160
135 207
135 208
135 217
135 254
136 178
136 194
137 228
138 183
138 219
138 229
139 143
139 176
139 241
140 250
141 175
141 205
141 211
141 237
141 256
142 166
143 217
143 267
144 172
144 205
144 270
144 272
145 178
145 228
145 295
146 152
146 267
146 278
147 175
147 198
147 211
147 242
147 277
148 197
148 204
148 216
148 267
149 211
149 214
149 252
150 181
150 259
150 260
151 170
151 251
151 268
152 183
152 256
153 188
153 226
153 251
154 266
155 180
155 207
155 240
155 265
155 266
156 200
156 299
157 164
157 275
158 163
158 266
159 178
159 254
160 185
161 184
161 254
162 227
162 262
162 279
162 286
162 295
163 176
163 223
163 289
165 179
165 181
165 185
165 186
165 219
165 261
166 183
166 199
166 273
166 285
168 194
168 197
168 266
169 170
169 251
169 274
170 270
171 180
171 210
171 278
171 284
172 295
173 266
173 286
174 230
174 240
176 226
176 262
176 293
178 191
178 298
180 218
180 289
181 192
182 188
184 219
184 290
185 292
186 287
187 190
187 208
187 267
187 295
188 206
188 297
189 208
190 203
190 257
191 207
192 203
192 214
193 225
193 265
194 260
195 200
195 262
195 278
195 284
195 287
197 249
197 269
198 207
198 216
198 240
199 286
200 203
200 215
200 218
200 256
201 230
201 286
202 293
204 211
204 255
204 270
205 207
205 227
205 247
206 250
206 267
206 268
207 270
207 272
208 270
208 273
209 222
209 247
210 273
211 217
212 216
212 217
212 250
212 292
214 267
215 222
215 228
216 259
217 219
217 273
217 288
218 227
218 262
220 258
220 298
224 245
225 239
225 289
226 276
227 296
228 239
228 248
230 256
230 272
230 289
231 268
232 246
232 247
232 292
233 250
233 254
233 287
235 277
235 297
236 247
237 245
238 250
240 248
240 255
240 263
241 247
241 287
242 299
246 249
246 280
246 285
247 253
247 261
248 267
250 261
252 268
252 274
252 284
255 286
261 286
263 271
263 292
265 283
268 277
268 291
271 285
276 293
278 280
279 289
281 284
