300 741
0 24
0 209
0 219
2 77
2 149
2 289
3 41
3 144
3 195
3 242
3 266
3 285
4 26
4 29
4 32
4 34
4 44
4 121
4 284
5 91
5 98
5 133
5 166
5 203
5 281
6 76
6 94
6 141
6 188
6 239
6 265
6 275
7 10
7 137
7 193
7 258
7 273
8 12
8 35
8 130
8 207
8 235
9 15
9 20
9 49
9 67
9 102
9 157
9 158
9 218
9 224
9 234
9 241
9 266
10 44
10 79
10 141
10 165
10 174
10 212
10 216
10 218
10 245
10 250
11 44
11 123
11 152
11 189
11 246
11 255
11 284
11 293
13 50
13 273
14 23
14 133
14 188
14 234
14 241
15 273
16 104
16 150
16 211
16 264
17 23
17 35
17 42
17 86
17 131
17 139
17 148
17 175
17 182
17 222
18 96
18 119
18 142
18 167
19 51
19 71
19 230
20 84
20 95
20 170
20 231
21 98
21 124
21 175
21 188
21 216
21 241
22 49
22 98
22 103
22 133
22 245
22 254
22 275
23 71
23 273
23 292
24 40
24 42
24 174
24 200
24 260
24 294
25 100
25 120
25 126
25 133
25 148
25 152
25 174
25 185
25 187
26 31
26 199
27 111
27 117
27 167
27 219
27 259
27 273
28 92
28 202
28 219
28 264
29 47
29 57
29 82
29 117
29 150
30 95
30 173
30 181
30 274
31 48
31 56
31 86
31 141
31 152
31 157
31 220
31 233
32 50
32 112
32 169
32 298
33 38
33 51
33 58
33 105
33 125
33 231
34 39
34 107
34 295
35 99
35 116
35 164
35 267
35 295
36 112
36 201
36 204
37 58
37 64
37 82
37 114
37 248
38 45
38 160
38 197
38 208
38 216
39 59
39 70
39 101
39 139
39 185
39 241
39 245
40 54
40 104
40 113
40 297
41 66
41 77
41 82
41 135
41 178
41 292
42 95
42 135
43 206
43 209
43 215
43 223
43 258
43 288
44 89
44 156
44 181
44 262
44 264
44 291
45 83
45 161
45 169
46 82
46 119
46 127
46 223
46 240
46 298
47 73
47 91
47 179
47 232
47 242
47 283
48 259
48 262
49 202
50 65
50 75
50 110
50 120
50 132
50 250
51 93
51 147
51 253
52 85
52 137
53 199
53 295
54 74
54 174
54 286
55 154
55 187
55 197
55 241
55 263
55 280
56 64
56 99
56 196
56 214
56 223
57 91
57 152
57 208
57 234
57 238
57 263
58 87
58 148
58 157
58 171
58 184
59 169
59 211
60 155
60 180
60 228
60 258
60 295
60 299
61 95
61 173
61 227
62 150
62 155
63 82
64 120
64 121
64 140
64 158
64 210
65 78
65 219
65 291
66 218
66 279
66 293
67 117
67 161
67 299
68 149
68 155
68 164
69 112
70 150
70 209
70 278
70 298
71 158
71 185
71 197
71 275
72 205
72 215
73 84
73 116
73 142
73 156
73 206
74 77
74 84
74 145
74 150
74 276
75 113
75 115
75 136
75 145
75 278
76 85
76 150
77 195
77 220
77 244
78 106
78 177
78 186
78 221
78 249
79 114
79 115
79 288
79 289
80 164
80 192
81 118
81 146
82 91
82 140
82 158
82 171
82 191
82 195
82 243
82 277
83 140
83 188
83 225
83 226
83 247
83 282
84 157
84 218
84 222
84 234
85 184
85 187
85 268
86 89
86 205
86 206
87 289
88 95
88 116
88 196
88 256
89 90
89 128
89 187
89 255
89 287
90 125
90 155
91 143
92 94
92 102
92 182
92 207
92 229
93 170
94 104
94 170
94 206
94 267
95 121
95 123
95 185
95 232
95 236
96 102
96 166
96 239
96 284
97 154
97 198
97 210
97 218
97 226
98 137
98 201
99 235
100 267
102 170
102 205
103 201
103 259
103 278
104 190
105 191
105 225
105 294
106 112
106 136
106 155
107 158
107 160
107 174
107 187
107 197
107 238
107 244
107 245
107 293
108 163
108 167
108 209
109 197
109 225
109 226
110 111
110 146
110 181
110 223
111 244
111 251
111 275
112 138
112 175
112 182
112 188
112 189
112 236
112 253
112 268
112 293
113 220
113 246
113 257
113 261
114 184
114 213
114 253
115 122
115 177
115 236
116 138
116 140
117 123
117 139
117 186
118 126
119 123
119 171
119 222
119 237
120 181
120 223
121 155
121 178
121 196
121 248
121 267
121 274
122 167
122 193
122 259
124 146
124 193
124 204
124 231
125 168
125 255
125 284
126 136
126 167
126 248
126 262
126 288
127 171
129 160
129 175
129 266
130 214
130 276
131 288
131 289
132 206
132 214
133 142
134 161
135 168
135 175
135 277
135 283
136 195
136 203
136 239
136 242
136 252
136 260
137 229
137 269
138 161
138 178
138 206
138 231
138 298
140 145
141 273
142 218
142 244
143 241
143 244
144 155
144 196
145 147
145 247
145 265
145 271
146 203
147 211
147 299
148 163
148 259
149 213
149 226
149 239
149 260
149 263
150 217
150 269
150 293
151 176
151 210
152 258
153 158
153 159
153 198
153 241
155 194
155 225
157 192
158 248
159 193
159 202
160 230
161 194
162 186
162 242
163 233
163 280
164 187
164 194
164 247
164 272
164 282
165 264
165 290
167 172
167 176
167 260
167 293
167 294
168 223
168 228
168 273
169 185
169 197
169 203
169 269
169 285
170 177
170 210
171 248
172 227
173 213
173 233
174 295
175 292
176 180
176 181
176 290
177 230
177 262
177 267
178 207
178 235
178 271
178 280
180 238
180 253
180 277
180 281
182 205
182 231
183 214
183 240
186 258
187 215
187 291
189 278
190 291
190 292
191 256
192 224
192 246
192 285
194 231
195 267
195 276
196 233
196 270
197 256
197 278
198 201
198 223
198 298
200 297
201 257
201 269
201 270
201 287
202 210
202 281
204 247
204 275
205 287
206 213
206 252
207 299
208 273
209 242
211 222
211 234
212 262
213 231
213 267
213 288
213 291
214 275
215 221
215 233
216 219
217 248
218 296
219 287
220 228
221 231
223 237
223 245
223 283
225 231
225 274
228 229
228 232
228 239
228 268
229 291
230 242
230 271
230 281
230 294
231 251
231 279
231 280
232 299
235 291
237 273
238 278
238 290
239 292
240 270
240 280
240 284
243 256
243 278
243 290
244 258
245 298
248 257
248 260
248 269
248 277
249 273
249 299
256 287
257 290
258 261
258 280
258 294
259 269
259 285
260 298
261 290
262 275
262 293
263 267
264 266
265 297
266 288
266 289
268 274
269 276
272 288
274 287
276 285
278 285
280 291
283 295
285 299
